/*--------------------------------*- C++ -*----------------------------------*\
| =========                 |                                                 |
| \\      /  F ield         | OpenFOAM: The Open Source CFD Toolbox           |
|  \\    /   O peration     | Version:  2012                                  |
|   \\  /    A nd           | Website:  www.openfoam.com                      |
|    \\/     M anipulation  |                                                 |
\*---------------------------------------------------------------------------*/
FoamFile
{
    version     2.0;
    format      ascii;
    class       volVectorField;
    location    "0.2";
    object      cellDisplacement;
}
// * * * * * * * * * * * * * * * * * * * * * * * * * * * * * * * * * * * * * //

dimensions      [0 1 0 0 0 0 0];


internalField   nonuniform List<vector> 
2790
(
(2.09796e-07 0 1.72029e-09)
(6.9274e-07 0 5.73843e-09)
(1.46612e-06 0 1.23663e-08)
(2.83979e-06 0 2.45094e-08)
(5.27005e-06 0 4.6667e-08)
(9.46018e-06 0 8.60989e-08)
(1.64706e-05 0 1.543e-07)
(2.78481e-05 0 2.68959e-07)
(4.5768e-05 0 4.5649e-07)
(7.31762e-05 0 7.55207e-07)
(0.000113905 0 1.21912e-06)
(0.000172732 0 1.92235e-06)
(0.000255333 0 2.964e-06)
(0.000368072 0 4.47341e-06)
(0.000517575 0 6.6157e-06)
(0.000710009 0 9.59781e-06)
(0.000950032 0 1.36759e-05)
(0.00123937 0 1.91656e-05)
(0.00157508 0 2.64596e-05)
(0.00194754 0 3.60565e-05)
(0.00233845 0 4.86099e-05)
(0.00271912 0 6.50037e-05)
(0.0030497 0 8.64586e-05)
(0.00327992 0 0.000114664)
(0.00335245 0 0.000151909)
(0.00321026 0 0.000201155)
(0.00281027 0 0.000265826)
(0.00214815 0 0.000348402)
(0.0013077 0 0.000443297)
(0.000582051 0 0.000508627)
(1.82878e-07 0 4.92654e-09)
(6.10967e-07 0 1.64854e-08)
(1.30671e-06 0 3.56321e-08)
(2.55147e-06 0 7.07863e-08)
(4.77028e-06 0 1.35067e-07)
(8.62389e-06 0 2.49691e-07)
(1.51169e-05 0 4.48321e-07)
(2.57263e-05 0 7.82839e-07)
(4.25464e-05 0 1.33085e-06)
(6.84361e-05 0 2.20502e-06)
(0.000107148 0 3.56435e-06)
(0.000163408 0 5.62713e-06)
(0.000242893 0 8.68523e-06)
(0.000352071 0 1.31193e-05)
(0.000497821 0 1.94143e-05)
(0.000686789 0 2.81762e-05)
(0.000924411 0 4.01503e-05)
(0.00121359 0 5.6248e-05)
(0.00155307 0 7.75881e-05)
(0.00193549 0 0.00010557)
(0.00234558 0 0.000141997)
(0.00275851 0 0.000189258)
(0.00313927 0 0.000250586)
(0.00344353 0 0.000330317)
(0.00362129 0 0.000434025)
(0.00362446 0 0.000568125)
(0.0034206 0 0.000738088)
(0.00301685 0 0.000943377)
(0.00250197 0 0.00116563)
(0.00211526 0 0.00134468)
(1.75397e-07 0 7.81325e-09)
(5.89429e-07 0 2.62528e-08)
(1.26451e-06 0 5.69204e-08)
(2.47531e-06 0 1.13326e-07)
(4.63905e-06 0 2.16648e-07)
(8.40688e-06 0 4.01206e-07)
(1.47725e-05 0 7.21521e-07)
(2.52027e-05 0 1.26172e-06)
(4.17872e-05 0 2.14773e-06)
(6.73938e-05 0 3.56243e-06)
(0.000105812 0 5.76387e-06)
(0.000161854 0 9.10597e-06)
(0.000241365 0 1.40612e-05)
(0.000351112 0 2.12438e-05)
(0.000498468 0 3.14331e-05)
(0.000690855 0 4.55953e-05)
(0.000934886 0 6.49064e-05)
(0.00123519 0 9.07819e-05)
(0.00159294 0 0.000124923)
(0.0020042 0 0.000169403)
(0.00245822 0 0.000226812)
(0.0029362 0 0.000300486)
(0.00341073 0 0.000394798)
(0.00384682 0 0.000515424)
(0.00420526 0 0.000669293)
(0.00444908 0 0.000863575)
(0.00455385 0 0.00110237)
(0.00452139 0 0.00137853)
(0.00439534 0 0.00165728)
(0.00428377 0 0.00185298)
(1.69183e-07 0 1.05275e-08)
(5.70478e-07 0 3.54801e-08)
(1.22713e-06 0 7.70663e-08)
(2.40827e-06 0 1.53603e-07)
(4.52499e-06 0 2.93897e-07)
(8.22166e-06 0 5.44651e-07)
(1.44859e-05 0 9.80075e-07)
(2.47828e-05 0 1.71465e-06)
(4.1211e-05 0 2.91961e-06)
(6.66697e-05 0 4.84339e-06)
(0.000105021 0 7.83581e-06)
(0.000161217 0 1.23754e-05)
(0.000241361 0 1.90985e-05)
(0.000352646 0 2.8828e-05)
(0.000503131 0 4.25992e-05)
(0.000701293 0 6.16819e-05)
(0.000955319 0 8.75965e-05)
(0.00127211 0 0.000122131)
(0.00165605 0 0.000167368)
(0.00210755 0 0.000225744)
(0.00262173 0 0.000300163)
(0.00318729 0 0.000394185)
(0.00378612 0 0.000512266)
(0.00439412 0 0.00065991)
(0.00498345 0 0.000843385)
(0.00552643 0 0.00106827)
(0.00599972 0 0.00133535)
(0.00638514 0 0.00163148)
(0.00666234 0 0.00191312)
(0.00681045 0 0.00209092)
(1.63883e-07 0 1.3068e-08)
(5.53833e-07 0 4.41334e-08)
(1.19418e-06 0 9.59628e-08)
(2.34954e-06 0 1.91359e-07)
(4.42621e-06 0 3.66236e-07)
(8.06408e-06 0 6.7882e-07)
(1.42485e-05 0 1.22156e-06)
(2.44492e-05 0 2.13695e-06)
(4.07838e-05 0 3.63779e-06)
(6.61993e-05 0 6.03215e-06)
(0.000104656 0 9.75255e-06)
(0.000161287 0 1.53883e-05)
(0.000242509 0 2.37187e-05)
(0.000356032 0 3.57439e-05)
(0.000510727 0 5.27097e-05)
(0.000716304 0 7.6121e-05)
(0.000982766 0 0.000107743)
(0.0013196 0 0.000149587)
(0.00173478 0 0.000203896)
(0.00223358 0 0.000273142)
(0.00281741 0 0.000360054)
(0.00348291 0 0.00046771)
(0.00422145 0 0.000599648)
(0.00501926 0 0.000759886)
(0.00585819 0 0.000952515)
(0.00671607 0 0.00118019)
(0.00756423 0 0.00144027)
(0.00835643 0 0.00171672)
(0.00900383 0 0.00196615)
(0.00936744 0 0.0021093)
(1.59305e-07 0 1.54331e-08)
(5.39237e-07 0 5.21907e-08)
(1.16521e-06 0 1.13535e-07)
(2.29808e-06 0 2.264e-07)
(4.34043e-06 0 4.33226e-07)
(7.92922e-06 0 8.02763e-07)
(1.40502e-05 0 1.44406e-06)
(2.41814e-05 0 2.52489e-06)
(4.04659e-05 0 4.2953e-06)
(6.59077e-05 0 7.11623e-06)
(0.000104579 0 1.14925e-05)
(0.000161816 0 1.81085e-05)
(0.000244381 0 2.78631e-05)
(0.000360538 0 4.19e-05)
(0.000520029 0 6.16259e-05)
(0.000733865 0 8.87111e-05)
(0.00101394 0 0.000125065)
(0.0013724 0 0.000172782)
(0.00182085 0 0.000234065)
(0.00236933 0 0.000311133)
(0.00302533 0 0.000406141)
(0.00379285 0 0.000521123)
(0.00467153 0 0.00065796)
(0.00565601 0 0.000818292)
(0.00673474 0 0.00100314)
(0.00788691 0 0.00121177)
(0.00907405 0 0.00143895)
(0.0102195 0 0.00166909)
(0.0111708 0 0.00186593)
(0.0116909 0 0.00196825)
(1.55338e-07 0 1.76245e-08)
(5.26466e-07 0 5.96458e-08)
(1.13975e-06 0 1.29748e-07)
(2.25285e-06 0 2.58615e-07)
(4.26526e-06 0 4.94578e-07)
(7.81189e-06 0 9.15831e-07)
(1.388e-05 0 1.64619e-06)
(2.39575e-05 0 2.87577e-06)
(4.02148e-05 0 4.88712e-06)
(6.57156e-05 0 8.08671e-06)
(0.000104646 0 1.30405e-05)
(0.000162549 0 2.05114e-05)
(0.000246528 0 3.14942e-05)
(0.000365404 0 4.72415e-05)
(0.000529769 0 6.9274e-05)
(0.000751902 0 9.93624e-05)
(0.00104551 0 0.000139474)
(0.00142525 0 0.00019167)
(0.00190607 0 0.000257964)
(0.00250231 0 0.000340126)
(0.0032267 0 0.00043948)
(0.00408924 0 0.000556693)
(0.0050959 0 0.000691609)
(0.00624687 0 0.000843082)
(0.00753366 0 0.00100877)
(0.00893311 0 0.00118461)
(0.0103947 0 0.00136361)
(0.0118138 0 0.00153279)
(0.0129866 0 0.0016668)
(0.0136047 0 0.00172638)
(1.51913e-07 0 1.96481e-08)
(5.15344e-07 0 6.65112e-08)
(1.11741e-06 0 1.44607e-07)
(2.21288e-06 0 2.87977e-07)
(4.19846e-06 0 5.50175e-07)
(7.70713e-06 0 1.01769e-06)
(1.37274e-05 0 1.8272e-06)
(2.37565e-05 0 3.18801e-06)
(3.99898e-05 0 5.41026e-06)
(6.55458e-05 0 8.93834e-06)
(0.000104717 0 1.43881e-05)
(0.000163233 0 2.25843e-05)
(0.000248518 0 3.45944e-05)
(0.000369897 0 5.17484e-05)
(0.00053874 0 7.56384e-05)
(0.000768466 0 0.000108082)
(0.00107439 0 0.000151038)
(0.00147337 0 0.00020646)
(0.00198318 0 0.000276084)
(0.00262168 0 0.000361145)
(0.00340566 0 0.000462053)
(0.00434945 0 0.00057805)
(0.00546296 0 0.000706918)
(0.00674894 0 0.000844787)
(0.00819854 0 0.000986122)
(0.00978331 0 0.00112392)
(0.0114402 0 0.00124997)
(0.013042 0 0.00135459)
(0.0143492 0 0.00142404)
(0.0150115 0 0.00144155)
(1.48995e-07 0 2.1516e-08)
(5.0576e-07 0 7.28201e-08)
(1.09787e-06 0 1.58165e-07)
(2.17741e-06 0 3.14553e-07)
(4.13816e-06 0 6.0008e-07)
(7.61075e-06 0 1.10836e-06)
(1.35836e-05 0 1.98695e-06)
(2.356e-05 0 3.46119e-06)
(3.97545e-05 0 5.86379e-06)
(6.53294e-05 0 9.66949e-06)
(0.000104664 0 1.55328e-05)
(0.000163647 0 2.43249e-05)
(0.000249965 0 3.71638e-05)
(0.000373371 0 5.54293e-05)
(0.000545883 0 8.07499e-05)
(0.000781866 0 0.00011495)
(0.00109796 0 0.000159938)
(0.00151276 0 0.000217522)
(0.00204627 0 0.000289142)
(0.00271894 0 0.000375517)
(0.00355038 0 0.00047622)
(0.00455748 0 0.000589236)
(0.00575189 0 0.000710567)
(0.00713626 0 0.000834044)
(0.00869861 0 0.000951496)
(0.0104033 0 0.00105356)
(0.0121753 0 0.00113125)
(0.013871 0 0.00117813)
(0.0152301 0 0.00119123)
(0.015887 0 0.00117407)
(1.46576e-07 0 2.32468e-08)
(4.97684e-07 0 7.86294e-08)
(1.08103e-06 0 1.70527e-07)
(2.14599e-06 0 3.38513e-07)
(4.08317e-06 0 6.4455e-07)
(7.51974e-06 0 1.18821e-06)
(1.34417e-05 0 2.12598e-06)
(2.33535e-05 0 3.69605e-06)
(3.94801e-05 0 6.2488e-06)
(6.50115e-05 0 1.0282e-05)
(0.000104387 0 1.64781e-05)
(0.000163608 0 2.574e-05)
(0.000250556 0 3.92175e-05)
(0.000375303 0 5.83156e-05)
(0.000550351 0 8.46725e-05)
(0.000790772 0 0.000120092)
(0.00111418 0 0.000166411)
(0.00154044 0 0.000225292)
(0.00209109 0 0.000297915)
(0.00278828 0 0.000384579)
(0.00365325 0 0.000484215)
(0.00470405 0 0.000593875)
(0.00595231 0 0.000708274)
(0.00739872 0 0.000819589)
(0.00902656 0 0.000917783)
(0.0107922 0 0.000991862)
(0.0126101 0 0.00103252)
(0.0143258 0 0.0010362)
(0.0156717 0 0.00100911)
(0.0162876 0 0.000970726)
(1.44683e-07 0 2.48666e-08)
(4.91188e-07 0 8.40202e-08)
(1.06696e-06 0 1.8185e-07)
(2.11863e-06 0 3.6013e-07)
(4.0331e-06 0 6.84042e-07)
(7.43272e-06 0 1.25798e-06)
(1.3298e-05 0 2.24547e-06)
(2.31285e-05 0 3.89449e-06)
(3.9148e-05 0 6.56835e-06)
(6.45548e-05 0 1.07808e-05)
(0.000103815 0 1.72326e-05)
(0.000162989 0 2.68449e-05)
(0.000250073 0 4.07822e-05)
(0.000375326 0 6.04552e-05)
(0.000551554 0 8.74911e-05)
(0.00079427 0 0.000123656)
(0.00112169 0 0.000170713)
(0.00155446 0 0.000230199)
(0.002115 0 0.000303104)
(0.00282639 0 0.00038945)
(0.00371055 0 0.000487783)
(0.00478562 0 0.000594619)
(0.00606224 0 0.000703953)
(0.00753836 0 0.00080703)
(0.0091922 0 0.00089274)
(0.0109728 0 0.000949151)
(0.0127862 0 0.000966894)
(0.0144721 0 0.000944743)
(0.015764 0 0.000895817)
(0.0163195 0 0.000849964)
(1.43379e-07 0 2.64092e-08)
(4.86461e-07 0 8.91003e-08)
(1.05599e-06 0 1.92347e-07)
(2.09582e-06 0 3.79789e-07)
(3.98857e-06 0 7.19219e-07)
(7.35022e-06 0 1.31879e-06)
(1.31523e-05 0 2.34725e-06)
(2.28827e-05 0 4.05951e-06)
(3.87515e-05 0 6.82737e-06)
(6.39432e-05 0 1.11741e-05)
(0.000102914 0 1.78095e-05)
(0.000161726 0 2.76612e-05)
(0.000248397 0 4.18938e-05)
(0.000373244 0 6.19073e-05)
(0.000549176 0 8.93024e-05)
(0.000791877 0 0.000125798)
(0.0011198 0 0.000173088)
(0.0015539 0 0.000232615)
(0.00211691 0 0.00030526)
(0.00283214 0 0.000390923)
(0.00372153 0 0.00048802)
(0.00480274 0 0.000592924)
(0.00608512 0 0.000699446)
(0.00756412 0 0.000798556)
(0.009214 0 0.000878725)
(0.0109785 0 0.000927531)
(0.0127584 0 0.000935475)
(0.014391 0 0.000902817)
(0.0156162 0 0.000847847)
(0.0161125 0 0.000807024)
(1.42763e-07 0 2.79167e-08)
(4.83819e-07 0 9.40044e-08)
(1.04874e-06 0 2.02289e-07)
(2.07862e-06 0 3.97984e-07)
(3.95129e-06 0 7.5095e-07)
(7.27484e-06 0 1.37212e-06)
(1.30084e-05 0 2.43384e-06)
(2.26212e-05 0 4.19525e-06)
(3.82967e-05 0 7.0326e-06)
(6.31832e-05 0 1.14727e-05)
(0.00010169 0 1.82263e-05)
(0.00015982 0 2.82168e-05)
(0.000245522 0 4.25961e-05)
(0.000369033 0 6.27397e-05)
(0.000543177 0 9.02094e-05)
(0.00078354 0 0.000126671)
(0.00110847 0 0.000173754)
(0.00153877 0 0.00023284)
(0.00209699 0 0.00030477)
(0.00280613 0 0.000389452)
(0.00368767 0 0.000485391)
(0.00475853 0 0.000589139)
(0.00602697 0 0.000694761)
(0.00748695 0 0.000793465)
(0.00911089 0 0.000873766)
(0.0108405 0 0.000922868)
(0.0125752 0 0.000930488)
(0.0141534 0 0.000896698)
(0.0153225 0 0.000842977)
(0.0157806 0 0.000811826)
(1.4298e-07 0 2.94399e-08)
(4.83715e-07 0 9.88953e-08)
(1.04612e-06 0 2.12006e-07)
(2.06867e-06 0 4.15323e-07)
(3.9241e-06 0 7.80308e-07)
(7.21137e-06 0 1.41983e-06)
(1.2874e-05 0 2.50835e-06)
(2.23563e-05 0 4.30689e-06)
(3.78028e-05 0 7.19245e-06)
(6.2304e-05 0 1.16901e-05)
(0.000100186 0 1.85042e-05)
(0.000157336 0 2.85447e-05)
(0.000241545 0 4.29394e-05)
(0.000362843 0 6.30274e-05)
(0.000533781 0 9.03206e-05)
(0.000769603 0 0.000126425)
(0.00108822 0 0.00017291)
(0.0015099 0 0.000231115)
(0.00205654 0 0.000301889)
(0.00275039 0 0.000385238)
(0.00361204 0 0.000479898)
(0.00465757 0 0.000582824)
(0.00589449 0 0.000688644)
(0.00731652 0 0.000789187)
(0.00889673 0 0.000873368)
(0.0105789 0 0.00092804)
(0.0122659 0 0.000941158)
(0.0137997 0 0.000909693)
(0.0149307 0 0.000853813)
(0.0153662 0 0.00082213)
(1.44216e-07 0 3.10389e-08)
(4.86743e-07 0 1.03964e-07)
(1.04935e-06 0 2.21886e-07)
(2.06823e-06 0 4.32525e-07)
(3.91103e-06 0 8.08571e-07)
(7.16675e-06 0 1.46412e-06)
(1.2761e-05 0 2.57452e-06)
(2.21076e-05 0 4.4006e-06)
(3.73017e-05 0 7.31698e-06)
(6.1357e-05 0 1.18423e-05)
(9.84843e-05 0 1.86684e-05)
(0.000154403 0 2.8683e-05)
(0.000236667 0 4.29807e-05)
(0.00035498 0 6.2853e-05)
(0.00052146 0 8.97514e-05)
(0.000750779 0 0.000125214)
(0.00106013 0 0.000170747)
(0.00146888 0 0.000227655)
(0.00199786 0 0.000296809)
(0.00266812 0 0.000378351)
(0.00349904 0 0.000471316)
(0.00450557 0 0.000573168)
(0.00569465 0 0.000679274)
(0.00706051 0 0.000782374)
(0.00857883 0 0.000872212)
(0.0101994 0 0.000935773)
(0.0118355 0 0.000959267)
(0.0133406 0 0.000934518)
(0.0144601 0 0.000874126)
(0.0148363 0 0.000828109)
(0.000537438 0 -0.000430288)
(0.00134048 0 -0.000369689)
(0.00225434 0 -0.000278469)
(0.00294071 0 -0.000196592)
(0.00333259 0 -0.000132436)
(0.00344888 0 -8.47324e-05)
(0.00334405 0 -5.06568e-05)
(0.00308292 0 -2.73803e-05)
(0.00272682 0 -1.23189e-05)
(0.00232732 0 -3.22991e-06)
(0.00192398 0 1.73194e-06)
(0.00154453 0 4.00383e-06)
(0.0012061 0 4.64504e-06)
(0.000917181 0 4.39302e-06)
(0.000679702 0 3.72987e-06)
(0.000491063 0 2.94786e-06)
(0.000345902 0 2.20671e-06)
(0.000237527 0 1.57949e-06)
(0.000158956 0 1.087e-06)
(0.000103618 0 7.21674e-07)
(6.57556e-05 0 4.63165e-07)
(4.05939e-05 0 2.87694e-07)
(2.43606e-05 0 1.73062e-07)
(1.41987e-05 0 1.00845e-07)
(8.03032e-06 0 5.69156e-08)
(4.40103e-06 0 3.10903e-08)
(2.33015e-06 0 1.63933e-08)
(1.17864e-06 0 8.24967e-09)
(5.40154e-07 0 3.75145e-09)
(1.54286e-07 0 1.05277e-09)
(0.00201313 0 -0.00110928)
(0.00252816 0 -0.000951638)
(0.00313345 0 -0.000738422)
(0.00356565 0 -0.000533792)
(0.00376281 0 -0.000364295)
(0.00373478 0 -0.000234188)
(0.00352581 0 -0.000139714)
(0.00319157 0 -7.46743e-05)
(0.00278578 0 -3.24838e-05)
(0.00235386 0 -7.07733e-06)
(0.00193051 0 6.67065e-06)
(0.00153969 0 1.28073e-05)
(0.00119568 0 1.43379e-05)
(0.000904872 0 1.33632e-05)
(0.000667677 0 1.12583e-05)
(0.000480455 0 8.85591e-06)
(0.000337164 0 6.60836e-06)
(0.000230696 0 4.71923e-06)
(0.000153844 0 3.24205e-06)
(9.99397e-05 0 2.14936e-06)
(6.32021e-05 0 1.37776e-06)
(3.88819e-05 0 8.54866e-07)
(2.3251e-05 0 5.13734e-07)
(1.35035e-05 0 2.99078e-07)
(7.60937e-06 0 1.68646e-07)
(4.15512e-06 0 9.20462e-08)
(2.19226e-06 0 4.84985e-08)
(1.10592e-06 0 2.43964e-08)
(5.07209e-07 0 1.1104e-08)
(1.47089e-07 0 3.13901e-09)
(0.00415913 0 -0.0014653)
(0.00443855 0 -0.00129217)
(0.00467337 0 -0.00102819)
(0.00473431 0 -0.00075627)
(0.00461857 0 -0.000520681)
(0.00434599 0 -0.000334787)
(0.00395346 0 -0.000197651)
(0.00348513 0 -0.000102512)
(0.00298353 0 -4.07404e-05)
(0.0024845 0 -3.80413e-06)
(0.00201508 0 1.57629e-05)
(0.00159325 0 2.39712e-05)
(0.00122882 0 2.53362e-05)
(0.000924858 0 2.30347e-05)
(0.000679399 0 1.91522e-05)
(0.00048712 0 1.49482e-05)
(0.000340824 0 1.10995e-05)
(0.000232629 0 7.9007e-06)
(0.000154819 0 5.41564e-06)
(0.000100405 0 3.58484e-06)
(6.34094e-05 0 2.29542e-06)
(3.89658e-05 0 1.42316e-06)
(2.32803e-05 0 8.548e-07)
(1.3511e-05 0 4.97457e-07)
(7.60962e-06 0 2.8045e-07)
(4.15378e-06 0 1.53056e-07)
(2.19122e-06 0 8.06522e-08)
(1.10559e-06 0 4.0592e-08)
(5.0748e-07 0 1.85106e-08)
(1.47293e-07 0 5.27237e-09)
(0.0066742 0 -0.00155904)
(0.00672011 0 -0.00139477)
(0.00656841 0 -0.00112812)
(0.00621393 0 -0.000839041)
(0.0057283 0 -0.00057938)
(0.00515473 0 -0.000369507)
(0.00452941 0 -0.000212443)
(0.00388702 0 -0.000102827)
(0.00325863 0 -3.18702e-05)
(0.00266925 0 9.87817e-06)
(0.00213677 0 3.10429e-05)
(0.00167181 0 3.87408e-05)
(0.00127848 0 3.84005e-05)
(0.000955567 0 3.38759e-05)
(0.000697952 0 2.77044e-05)
(0.000498058 0 2.14117e-05)
(0.000347109 0 1.58022e-05)
(0.000236143 0 1.12048e-05)
(0.00015673 0 7.662e-06)
(0.000101414 0 5.06445e-06)
(6.39269e-05 0 3.24031e-06)
(3.92235e-05 0 2.0084e-06)
(2.34051e-05 0 1.2064e-06)
(1.35701e-05 0 7.02325e-07)
(7.63717e-06 0 3.96184e-07)
(4.1666e-06 0 2.16394e-07)
(2.19731e-06 0 1.14146e-07)
(1.10864e-06 0 5.75299e-08)
(5.09078e-07 0 2.62946e-08)
(1.47821e-07 0 7.52761e-09)
(0.00923605 0 -0.00143393)
(0.00906726 0 -0.00129307)
(0.00855602 0 -0.00105456)
(0.00780037 0 -0.000785878)
(0.00694382 0 -0.000537914)
(0.00605809 0 -0.000333833)
(0.00518426 0 -0.000179632)
(0.00435143 0 -7.20021e-05)
(0.00358129 0 -3.22925e-06)
(0.00288901 0 3.57703e-05)
(0.00228349 0 5.36714e-05)
(0.00176781 0 5.7829e-05)
(0.00134 0 5.39496e-05)
(0.000994161 0 4.61219e-05)
(0.000721635 0 3.7041e-05)
(0.000512266 0 2.83107e-05)
(0.000355437 0 2.07475e-05)
(0.00024091 0 1.46459e-05)
(0.000159395 0 9.98727e-06)
(0.000102869 0 6.59071e-06)
(6.47025e-05 0 4.21345e-06)
(3.96284e-05 0 2.61106e-06)
(2.36125e-05 0 1.56882e-06)
(1.36747e-05 0 9.13891e-07)
(7.68937e-06 0 5.16015e-07)
(4.19252e-06 0 2.82188e-07)
(2.21018e-06 0 1.49073e-07)
(1.11503e-06 0 7.52681e-08)
(5.12108e-07 0 3.44843e-08)
(1.48735e-07 0 9.91085e-09)
(0.0115771 0 -0.0011416)
(0.0112327 0 -0.00103353)
(0.0104212 0 -0.000842194)
(0.00931931 0 -0.000619173)
(0.00813214 0 -0.000409226)
(0.00695925 0 -0.000234584)
(0.00584995 0 -0.00010249)
(0.00483174 0 -1.14326e-05)
(0.00392028 0 4.46907e-05)
(0.00312321 0 7.37663e-05)
(0.00244192 0 8.36755e-05)
(0.00187274 0 8.12878e-05)
(0.00140803 0 7.20228e-05)
(0.00103733 0 5.97927e-05)
(0.000748434 0 4.71674e-05)
(0.000528539 0 3.56425e-05)
(0.000365102 0 2.59294e-05)
(0.000246524 0 1.82177e-05)
(0.000162585 0 1.23864e-05)
(0.000104643 0 8.16006e-06)
(6.56703e-05 0 5.21261e-06)
(4.01466e-05 0 3.22988e-06)
(2.38857e-05 0 1.94144e-06)
(1.38169e-05 0 1.13192e-06)
(7.76265e-06 0 6.39895e-07)
(4.23006e-06 0 3.50467e-07)
(2.2293e-06 0 1.85481e-07)
(1.12463e-06 0 9.38493e-08)
(5.16601e-07 0 4.31048e-08)
(1.50065e-07 0 1.24295e-08)
(0.0135109 0 -0.000736729)
(0.0130427 0 -0.000667388)
(0.0120098 0 -0.000533731)
(0.0106416 0 -0.000371033)
(0.0091904 0 -0.000215556)
(0.00777981 0 -8.62295e-05)
(0.00646887 0 1.00053e-05)
(0.00528686 0 7.35102e-05)
(0.00424702 0 0.000108762)
(0.00335239 0 0.000122078)
(0.00259906 0 0.000120041)
(0.00197809 0 0.00010854)
(0.00147711 0 9.22867e-05)
(0.00108162 0 7.46916e-05)
(0.000776214 0 5.79644e-05)
(0.000545584 0 4.33336e-05)
(0.000375335 0 3.13024e-05)
(0.000252539 0 2.18919e-05)
(0.000166048 0 1.48422e-05)
(0.0001066 0 9.76233e-06)
(6.67558e-05 0 6.23203e-06)
(4.07396e-05 0 3.86176e-06)
(2.42054e-05 0 2.32271e-06)
(1.39875e-05 0 1.35569e-06)
(7.85294e-06 0 7.67546e-07)
(4.27752e-06 0 4.21159e-07)
(2.25404e-06 0 2.23376e-07)
(1.13726e-06 0 1.133e-07)
(5.22551e-07 0 5.21774e-08)
(1.51828e-07 0 1.50909e-08)
(0.0149323 0 -0.000275936)
(0.0143992 0 -0.000247353)
(0.0132325 0 -0.000174236)
(0.0116885 0 -7.71025e-05)
(0.0100521 0 1.67674e-05)
(0.00846584 0 9.28485e-05)
(0.0069989 0 0.000145594)
(0.00568506 0 0.000174941)
(0.00453829 0 0.000184057)
(0.00356006 0 0.000177689)
(0.00274349 0 0.00016095)
(0.00207615 0 0.0001385)
(0.00154213 0 0.000114095)
(0.00112375 0 9.04332e-05)
(0.000802903 0 6.92019e-05)
(0.000562124 0 5.1246e-05)
(0.00038537 0 3.67836e-05)
(0.000258505 0 2.56194e-05)
(0.000169528 0 1.73257e-05)
(0.000108595 0 1.1381e-05)
(6.78825e-05 0 7.26248e-06)
(4.13677e-05 0 4.50178e-06)
(2.4552e-05 0 2.71013e-06)
(1.41772e-05 0 1.58404e-06)
(7.95612e-06 0 8.98476e-07)
(4.33325e-06 0 4.94092e-07)
(2.28382e-06 0 2.62726e-07)
(1.15277e-06 0 1.33632e-07)
(5.29962e-07 0 6.17201e-08)
(1.54038e-07 0 1.79026e-08)
(0.0158162 0 0.00018264)
(0.0152774 0 0.000175417)
(0.0140616 0 0.000193381)
(0.0124302 0 0.000228281)
(0.0106869 0 0.000261595)
(0.00898872 0 0.000283656)
(0.00741486 0 0.000291044)
(0.0060054 0 0.000283966)
(0.00477758 0 0.000264772)
(0.00373373 0 0.000236907)
(0.00286613 0 0.000204097)
(0.00216052 0 0.000169748)
(0.00159873 0 0.000136582)
(0.00116083 0 0.000106494)
(0.000826642 0 8.05646e-05)
(0.000576994 0 5.91909e-05)
(0.000394496 0 4.22609e-05)
(0.000264001 0 2.93339e-05)
(0.000172783 0 1.97987e-05)
(0.000110495 0 1.29942e-05)
(6.89782e-05 0 8.29192e-06)
(4.19937e-05 0 5.14352e-06)
(2.49071e-05 0 3.10047e-06)
(1.43775e-05 0 1.81544e-06)
(8.0685e-06 0 1.03202e-06)
(4.39583e-06 0 5.69027e-07)
(2.31822e-06 0 3.03473e-07)
(1.17112e-06 0 1.54854e-07)
(5.38873e-07 0 7.1751e-08)
(1.56719e-07 0 2.08723e-08)
(0.0162208 0 0.000591269)
(0.0157205 0 0.000559026)
(0.0145236 0 0.000533833)
(0.0128782 0 0.000516381)
(0.0110952 0 0.000496386)
(0.00934188 0 0.000469212)
(0.00770679 0 0.000434052)
(0.00623716 0 0.000391985)
(0.004955 0 0.000345082)
(0.00386511 0 0.00029589)
(0.00296048 0 0.000247005)
(0.00222638 0 0.000200717)
(0.00164351 0 0.000158773)
(0.00119053 0 0.000122273)
(0.000845894 0 9.16863e-05)
(0.000589216 0 6.69473e-05)
(0.00040211 0 4.76022e-05)
(0.000268668 0 3.2958e-05)
(0.000175605 0 2.22161e-05)
(0.000112183 0 1.45764e-05)
(6.99806e-05 0 9.30636e-06)
(4.25858e-05 0 5.77958e-06)
(2.52554e-05 0 3.48997e-06)
(1.45816e-05 0 2.0481e-06)
(8.18737e-06 0 1.16743e-06)
(4.4644e-06 0 6.45694e-07)
(2.3571e-06 0 3.45554e-07)
(1.19239e-06 0 1.76974e-07)
(5.49398e-07 0 8.22926e-08)
(1.59917e-07 0 2.40102e-08)
(0.0162553 0 0.000922008)
(0.0158176 0 0.00087739)
(0.0146817 0 0.000823854)
(0.0130727 0 0.00076713)
(0.011299 0 0.00070449)
(0.0095347 0 0.000636284)
(0.00787622 0 0.000564551)
(0.00637774 0 0.000491638)
(0.00506627 0 0.000419797)
(0.00394971 0 0.000351091)
(0.00302258 0 0.000287313)
(0.00227056 0 0.000229871)
(0.00167408 0 0.000179686)
(0.00121116 0 0.000137156)
(0.000859519 0 0.000102187)
(0.000598046 0 7.42839e-05)
(0.000407747 0 5.26688e-05)
(0.000272225 0 3.64093e-05)
(0.000177832 0 2.45305e-05)
(0.00011357 0 1.6101e-05)
(7.08428e-05 0 1.02911e-05)
(4.31208e-05 0 6.40222e-06)
(2.55864e-05 0 3.87478e-06)
(1.47852e-05 0 2.28025e-06)
(8.31147e-06 0 1.30397e-06)
(4.53888e-06 0 7.23843e-07)
(2.40075e-06 0 3.88928e-07)
(1.21691e-06 0 2.00022e-07)
(5.61755e-07 0 9.33787e-08)
(1.63709e-07 0 2.733e-08)
(0.0160545 0 0.0011666)
(0.0156773 0 0.00112209)
(0.0146147 0 0.00105369)
(0.0130661 0 0.000970125)
(0.0113304 0 0.000875921)
(0.00958478 0 0.000776092)
(0.00793146 0 0.000675339)
(0.00642996 0 0.000577343)
(0.00511131 0 0.000484783)
(0.00398616 0 0.000399564)
(0.00305069 0 0.000322993)
(0.00229143 0 0.000255853)
(0.00168911 0 0.000198435)
(0.00122173 0 0.000150574)
(0.000866813 0 0.000111711)
(0.000603018 0 8.0981e-05)
(0.000411111 0 5.73276e-05)
(0.000274494 0 3.96094e-05)
(0.000179362 0 2.66962e-05)
(0.000114602 0 1.75421e-05)
(7.15377e-05 0 1.12322e-05)
(4.35866e-05 0 7.00416e-06)
(2.58957e-05 0 4.25133e-06)
(1.49877e-05 0 2.51029e-06)
(8.4414e-06 0 1.44101e-06)
(4.62021e-06 0 8.03317e-07)
(2.45002e-06 0 4.33612e-07)
(1.24528e-06 0 2.24061e-07)
(5.76298e-07 0 1.05062e-07)
(1.68212e-07 0 3.08516e-08)
(0.015732 0 0.00134431)
(0.0153929 0 0.00130323)
(0.0143917 0 0.0012254)
(0.0129058 0 0.001123)
(0.0112197 0 0.0010064)
(0.00951043 0 0.000883922)
(0.00788293 0 0.000762047)
(0.00639929 0 0.000645422)
(0.00509268 0 0.000537145)
(0.0039754 0 0.000439145)
(0.00304494 0 0.000352491)
(0.00228876 0 0.000277585)
(0.00168826 0 0.000214297)
(0.00122191 0 0.000162056)
(0.000867524 0 0.000119956)
(0.000603954 0 8.68509e-05)
(0.000412089 0 6.14645e-05)
(0.000275409 0 4.24901e-05)
(0.00018016 0 2.86739e-05)
(0.000115263 0 1.88778e-05)
(7.20613e-05 0 1.21177e-05)
(4.39844e-05 0 7.57944e-06)
(2.61866e-05 0 4.61685e-06)
(1.51924e-05 0 2.73709e-06)
(8.58007e-06 0 1.57824e-06)
(4.71058e-06 0 8.84117e-07)
(2.50642e-06 0 4.7972e-07)
(1.27845e-06 0 2.49208e-07)
(5.93554e-07 0 1.17424e-07)
(1.73599e-07 0 3.46045e-08)
(0.01533 0 0.0014819)
(0.0150129 0 0.00143473)
(0.0140531 0 0.00134381)
(0.0126209 0 0.00122644)
(0.0109869 0 0.00109483)
(0.00932531 0 0.000957942)
(0.00773993 0 0.000822645)
(0.00629202 0 0.000693952)
(0.00501451 0 0.000575228)
(0.00392007 0 0.000468507)
(0.00300694 0 0.000374802)
(0.00226351 0 0.000294343)
(0.0016721 0 0.000226766)
(0.00121203 0 0.000171263)
(0.000861841 0 0.000126703)
(0.000600968 0 9.17546e-05)
(0.000410753 0 6.49942e-05)
(0.00027502 0 4.50009e-05)
(0.000180265 0 3.04347e-05)
(0.000115582 0 2.00923e-05)
(7.24345e-05 0 1.29397e-05)
(4.43301e-05 0 8.12421e-06)
(2.64704e-05 0 4.96977e-06)
(1.54073e-05 0 2.96023e-06)
(8.73301e-06 0 1.71571e-06)
(4.81363e-06 0 9.66484e-07)
(2.57225e-06 0 5.275e-07)
(1.31781e-06 0 2.75658e-07)
(6.14247e-07 0 1.30585e-07)
(1.80101e-07 0 3.86307e-08)
(0.0148203 0 0.00158644)
(0.0145593 0 0.00151206)
(0.0136116 0 0.00140512)
(0.0122177 0 0.00127907)
(0.0106381 0 0.001141)
(0.00903652 0 0.000998118)
(0.00750969 0 0.000856914)
(0.00611464 0 0.000722518)
(0.00488212 0 0.000598522)
(0.00382424 0 0.000487143)
(0.00293965 0 0.000389483)
(0.00221774 0 0.000305772)
(0.00164203 0 0.000235583)
(0.00119302 0 0.00017801)
(0.000850371 0 0.000131828)
(0.000594453 0 9.56134e-05)
(0.000407359 0 6.78687e-05)
(0.000273495 0 4.71139e-05)
(0.000179785 0 3.19633e-05)
(0.00011563 0 2.11778e-05)
(7.27049e-05 0 1.36947e-05)
(4.46547e-05 0 8.63742e-06)
(2.67674e-05 0 5.31019e-06)
(1.56457e-05 0 3.18025e-06)
(8.90857e-06 0 1.85407e-06)
(4.93457e-06 0 1.05097e-06)
(2.65066e-06 0 5.77379e-07)
(1.36518e-06 0 3.03703e-07)
(6.39331e-07 0 1.44716e-07)
(1.88031e-07 0 4.29892e-08)
(1.46759e-07 0 3.28183e-08)
(4.93754e-07 0 1.09534e-07)
(1.06005e-06 0 2.32567e-07)
(2.08019e-06 0 4.50733e-07)
(3.91695e-06 0 8.37707e-07)
(7.14898e-06 0 1.50828e-06)
(1.26821e-05 0 2.63766e-06)
(2.1895e-05 0 4.48478e-06)
(3.6824e-05 0 7.41908e-06)
(6.03883e-05 0 1.19487e-05)
(9.66533e-05 0 1.87469e-05)
(0.000151122 0 2.8672e-05)
(0.000231037 0 4.27752e-05)
(0.000345667 0 6.22898e-05)
(0.000506537 0 8.85948e-05)
(0.000727541 0 0.000123148)
(0.00102487 0 0.000167381)
(0.00141666 0 0.000222551)
(0.00192225 0 0.000289543)
(0.00256101 0 0.000368622)
(0.00335057 0 0.000459115)
(0.00430431 0 0.000559008)
(0.00542797 0 0.000664464)
(0.00671585 0 0.000769342)
(0.00814592 0 0.00086479)
(0.00967415 0 0.000939226)
(0.0112298 0 0.00097974)
(0.0126989 0 0.000977109)
(0.0139197 0 0.000939417)
(0.0145078 0 0.000917676)
(1.49664e-07 0 3.46084e-08)
(5.01806e-07 0 1.15082e-07)
(1.07219e-06 0 2.42986e-07)
(2.09313e-06 0 4.67965e-07)
(3.92121e-06 0 8.64171e-07)
(7.12189e-06 0 1.5462e-06)
(1.2576e-05 0 2.68761e-06)
(2.16177e-05 0 4.54308e-06)
(3.62084e-05 0 7.4733e-06)
(5.91472e-05 0 1.19708e-05)
(9.43139e-05 0 1.86835e-05)
(0.000146935 0 2.84314e-05)
(0.000223852 0 4.22117e-05)
(0.000333777 0 6.11864e-05)
(0.00048747 0 8.6648e-05)
(0.000697823 0 0.000119958)
(0.000979745 0 0.000162456)
(0.00134978 0 0.000215332)
(0.00182532 0 0.000279452)
(0.00242352 0 0.000355162)
(0.00315965 0 0.000442033)
(0.00404482 0 0.000538522)
(0.00508245 0 0.000641541)
(0.00626547 0 0.000746135)
(0.00757232 0 0.000845248)
(0.00895996 0 0.00092966)
(0.0103723 0 0.000989543)
(0.011721 0 0.00101685)
(0.0128807 0 0.00101546)
(0.0136509 0 0.00102468)
(1.52284e-07 0 3.62627e-08)
(5.08774e-07 0 1.20133e-07)
(1.08143e-06 0 2.52184e-07)
(2.09903e-06 0 4.8247e-07)
(3.90963e-06 0 8.84936e-07)
(7.0615e-06 0 1.57284e-06)
(1.24034e-05 0 2.71635e-06)
(2.12136e-05 0 4.56316e-06)
(3.53606e-05 0 7.46141e-06)
(5.74953e-05 0 1.18828e-05)
(9.12705e-05 0 1.84429e-05)
(0.000141576 0 2.79147e-05)
(0.00021477 0 4.12312e-05)
(0.000318888 0 5.94711e-05)
(0.000463778 0 8.3826e-05)
(0.000661126 0 0.000115545)
(0.000924319 0 0.000155854)
(0.00126805 0 0.000205854)
(0.00170736 0 0.000266348)
(0.00225669 0 0.000337695)
(0.00292848 0 0.000419623)
(0.00373134 0 0.000510993)
(0.00466513 0 0.000609269)
(0.00572022 0 0.000710489)
(0.00687632 0 0.000809392)
(0.00809146 0 0.00089909)
(0.00930231 0 0.000972453)
(0.0104343 0 0.00102463)
(0.011394 0 0.00105651)
(0.0120213 0 0.00109124)
(1.54257e-07 0 3.76974e-08)
(5.13474e-07 0 1.24417e-07)
(1.08536e-06 0 2.59622e-07)
(2.09349e-06 0 4.93285e-07)
(3.87469e-06 0 8.98377e-07)
(6.95543e-06 0 1.58561e-06)
(1.2145e-05 0 2.71988e-06)
(2.06538e-05 0 4.53921e-06)
(3.42394e-05 0 7.37536e-06)
(5.53779e-05 0 1.16741e-05)
(8.74568e-05 0 1.80123e-05)
(0.000134975 0 2.71084e-05)
(0.000203737 0 3.98212e-05)
(0.000301005 0 5.71357e-05)
(0.000435588 0 8.01295e-05)
(0.000617809 0 0.000109921)
(0.000859336 0 0.000147604)
(0.00117297 0 0.000194183)
(0.00157104 0 0.000250338)
(0.00206492 0 0.000316366)
(0.00266358 0 0.00039202)
(0.00337348 0 0.000476514)
(0.00419238 0 0.000567828)
(0.00510681 0 0.000662573)
(0.00609388 0 0.000756496)
(0.00711543 0 0.000844438)
(0.00811411 0 0.000921083)
(0.00901764 0 0.000982679)
(0.00973729 0 0.00102886)
(0.0101391 0 0.00106965)
(1.55202e-07 0 3.88202e-08)
(5.14697e-07 0 1.27643e-07)
(1.08159e-06 0 2.64731e-07)
(2.07234e-06 0 4.99428e-07)
(3.80948e-06 0 9.029e-07)
(6.79285e-06 0 1.58205e-06)
(1.17847e-05 0 2.69464e-06)
(1.99162e-05 0 4.46639e-06)
(3.2817e-05 0 7.2091e-06)
(5.27649e-05 0 1.13381e-05)
(8.28496e-05 0 1.73858e-05)
(0.000127138 0 2.60093e-05)
(0.000190822 0 3.79864e-05)
(0.000280328 0 5.41994e-05)
(0.000403344 0 7.56023e-05)
(0.000568718 0 0.000103169)
(0.000786141 0 0.000137819)
(0.00106655 0 0.000180462)
(0.00142001 0 0.000231692)
(0.00185451 0 0.000291642)
(0.0023764 0 0.000360112)
(0.00298767 0 0.000436264)
(0.00368416 0 0.000518459)
(0.00445213 0 0.00060399)
(0.00526793 0 0.0006893)
(0.00609548 0 0.00077014)
(0.00688406 0 0.000842138)
(0.00756879 0 0.000901803)
(0.00807129 0 0.000947419)
(0.00829375 0 0.000981241)
(1.548e-07 0 3.955e-08)
(5.11433e-07 0 1.29558e-07)
(1.06817e-06 0 2.67031e-07)
(2.03221e-06 0 5.0009e-07)
(3.70865e-06 0 8.97243e-07)
(6.5658e-06 0 1.56032e-06)
(1.13115e-05 0 2.63813e-06)
(1.8987e-05 0 4.34157e-06)
(3.10796e-05 0 6.95928e-06)
(4.96486e-05 0 1.0872e-05)
(7.74606e-05 0 1.65633e-05)
(0.000118119 0 2.46236e-05)
(0.000176174 0 3.57442e-05)
(0.00025718 0 5.07004e-05)
(0.000367687 0 7.0319e-05)
(0.000515115 0 9.54334e-05)
(0.000707491 0 0.000126827)
(0.000953094 0 0.000165175)
(0.00125962 0 0.000210941)
(0.00163297 0 0.000264228)
(0.00207654 0 0.000324755)
(0.00258967 0 0.000391704)
(0.00316608 0 0.000463596)
(0.00379171 0 0.000538153)
(0.00444383 0 0.000612367)
(0.0050898 0 0.000682656)
(0.00568625 0 0.000745241)
(0.00617956 0 0.000796736)
(0.00650841 0 0.000834625)
(0.00660792 0 0.000857915)
(1.52917e-07 0 3.98438e-08)
(5.03237e-07 0 1.30022e-07)
(1.04436e-06 0 2.6628e-07)
(1.97221e-06 0 4.94942e-07)
(3.57158e-06 0 8.81054e-07)
(6.275e-06 0 1.52022e-06)
(1.07299e-05 0 2.55073e-06)
(1.78796e-05 0 4.1666e-06)
(2.90579e-05 0 6.6307e-06)
(4.60931e-05 0 1.02863e-05)
(7.14142e-05 0 1.55645e-05)
(0.000108148 0 2.29861e-05)
(0.000160188 0 3.31534e-05)
(0.000232221 0 4.67321e-05)
(0.000329674 0 6.44215e-05)
(0.00045857 0 8.69121e-05)
(0.000625245 0 0.000114834)
(0.000835918 0 0.000148694)
(0.00109606 0 0.000188803)
(0.0014094 0 0.000235169)
(0.00177712 0 0.00028744)
(0.0021967 0 0.000344807)
(0.00266064 0 0.000405909)
(0.00315524 0 0.000468772)
(0.00365988 0 0.000530837)
(0.00414649 0 0.000589076)
(0.00457979 0 0.00064025)
(0.00491855 0 0.000681275)
(0.00511904 0 0.000709554)
(0.00514089 0 0.000723283)
(1.49276e-07 0 3.96183e-08)
(4.89332e-07 0 1.28798e-07)
(1.00889e-06 0 2.62079e-07)
(1.89064e-06 0 4.83416e-07)
(3.3965e-06 0 8.53651e-07)
(5.91983e-06 0 1.46118e-06)
(1.00432e-05 0 2.43245e-06)
(1.66064e-05 0 3.94303e-06)
(2.67841e-05 0 6.22828e-06)
(4.21685e-05 0 9.59215e-06)
(6.48489e-05 0 1.44122e-05)
(9.74788e-05 0 2.11385e-05)
(0.000143314 0 3.02848e-05)
(0.000206206 0 4.24099e-05)
(0.000290524 0 5.8089e-05)
(0.000400993 0 7.78753e-05)
(0.000542417 0 0.000102253)
(0.000719265 0 0.00013158)
(0.000935112 0 0.000166028)
(0.0011919 0 0.000205507)
(0.00148921 0 0.000249607)
(0.00182336 0 0.000297531)
(0.00218659 0 0.000348037)
(0.0025663 0 0.000399409)
(0.00294474 0 0.000449484)
(0.00329903 0 0.00049575)
(0.00360195 0 0.000535526)
(0.00382367 0 0.00056623)
(0.00393501 0 0.000585638)
(0.00391214 0 0.000592116)
(1.43869e-07 0 3.88581e-08)
(4.69762e-07 0 1.25854e-07)
(9.62082e-07 0 2.54426e-07)
(1.78869e-06 0 4.65661e-07)
(3.1867e-06 0 8.15578e-07)
(5.50796e-06 0 1.38458e-06)
(9.2676e-06 0 2.28638e-06)
(1.51999e-05 0 3.67712e-06)
(2.43197e-05 0 5.76374e-06)
(3.79856e-05 0 8.81042e-06)
(5.79563e-05 0 1.31412e-05)
(8.64327e-05 0 1.91373e-05)
(0.00012607 0 2.72269e-05)
(0.000179946 0 3.78673e-05)
(0.000251473 0 5.15181e-05)
(0.000344228 0 6.86063e-05)
(0.00046169 0 8.94845e-05)
(0.000606883 0 0.000114384)
(0.000781905 0 0.000143361)
(0.000987365 0 0.000176246)
(0.0012218 0 0.000212596)
(0.00148105 0 0.000251648)
(0.00175777 0 0.000292289)
(0.00204102 0 0.00033305)
(0.00231628 0 0.000372141)
(0.00256582 0 0.000407537)
(0.00276967 0 0.000437119)
(0.00290734 0 0.000458878)
(0.00296035 0 0.000471117)
(0.00291534 0 0.000472648)
(1.36752e-07 0 3.75646e-08)
(4.44775e-07 0 1.21212e-07)
(9.04717e-07 0 2.43439e-07)
(1.66838e-06 0 4.4204e-07)
(2.94685e-06 0 7.6775e-07)
(5.0494e-06 0 1.29246e-06)
(8.42322e-06 0 2.11663e-06)
(1.3698e-05 0 3.37661e-06)
(2.17331e-05 0 5.25093e-06)
(3.36631e-05 0 7.96469e-06)
(5.09356e-05 0 1.17903e-05)
(7.5332e-05 0 1.70434e-05)
(0.000108961 0 2.40726e-05)
(0.000154214 0 3.32419e-05)
(0.000213668 0 4.49071e-05)
(0.000289924 0 5.93844e-05)
(0.000385382 0 7.6915e-05)
(0.000501932 0 9.76258e-05)
(0.000640586 0 0.000121489)
(0.000801059 0 0.000148282)
(0.00098135 0 0.000177556)
(0.00117735 0 0.000208607)
(0.00138255 0 0.000240466)
(0.00158796 0 0.000271909)
(0.00178226 0 0.000301495)
(0.00195231 0 0.000327646)
(0.00208413 0 0.000348761)
(0.00216426 0 0.000363368)
(0.00218156 0 0.00037028)
(0.00212904 0 0.000368733)
(1.2808e-07 0 3.57656e-08)
(4.14938e-07 0 1.14982e-07)
(8.3819e-07 0 2.29402e-07)
(1.53283e-06 0 4.1322e-07)
(2.68348e-06 0 7.11589e-07)
(4.55697e-06 0 1.18764e-06)
(7.53413e-06 0 1.92851e-06)
(1.21441e-05 0 3.05096e-06)
(1.90993e-05 0 4.70599e-06)
(2.93263e-05 0 7.08143e-06)
(4.39887e-05 0 1.04013e-05)
(6.44922e-05 0 1.49209e-05)
(9.24664e-05 0 2.09167e-05)
(0.000129712 0 2.86703e-05)
(0.000178107 0 3.84475e-05)
(0.000239466 0 5.04716e-05)
(0.000315342 0 6.4894e-05)
(0.00040679 0 8.17631e-05)
(0.000514087 0 0.000100994)
(0.000636432 0 0.000122339)
(0.000771673 0 0.000145371)
(0.000916082 0 0.000169465)
(0.00106424 0 0.000193807)
(0.00120908 0 0.000217404)
(0.00134217 0 0.000239135)
(0.00145418 0 0.000257811)
(0.00153573 0 0.000272273)
(0.00157835 0 0.000281499)
(0.00157566 0 0.000284711)
(0.00152435 0 0.000281473)
(1.18097e-07 0 3.35154e-08)
(3.81099e-07 0 1.07354e-07)
(7.64428e-07 0 2.12758e-07)
(1.38603e-06 0 3.80128e-07)
(2.40441e-06 0 6.48929e-07)
(4.04536e-06 0 1.07357e-06)
(6.62666e-06 0 1.72815e-06)
(1.05837e-05 0 2.71069e-06)
(1.6494e-05 0 4.14622e-06)
(2.50971e-05 0 6.18809e-06)
(3.7305e-05 0 9.01627e-06)
(5.41982e-05 0 1.28322e-05)
(7.69997e-05 0 1.78492e-05)
(0.000107022 0 2.42784e-05)
(0.000145582 0 3.23105e-05)
(0.000193882 0 4.20943e-05)
(0.000252853 0 5.3713e-05)
(0.000322972 0 6.71603e-05)
(0.000404064 0 8.23185e-05)
(0.000495106 0 9.89408e-05)
(0.000594057 0 0.00011664)
(0.000697756 0 0.000134884)
(0.000801909 0 0.00015301)
(0.00090121 0 0.000170241)
(0.000989614 0 0.000185729)
(0.00106078 0 0.000198614)
(0.00110864 0 0.000208087)
(0.0011281 0 0.00021347)
(0.00111572 0 0.000214288)
(0.00107023 0 0.000210327)
(1.07117e-07 0 3.08907e-08)
(3.44319e-07 0 9.85879e-08)
(6.85737e-07 0 1.94074e-07)
(1.23254e-06 0 3.43894e-07)
(2.11819e-06 0 5.81887e-07)
(3.52991e-06 0 9.54033e-07)
(5.72732e-06 0 1.52208e-06)
(9.06087e-06 0 2.36659e-06)
(1.39881e-05 0 3.58886e-06)
(2.10848e-05 0 5.3112e-06)
(3.10479e-05 0 7.67471e-06)
(4.46847e-05 0 1.08342e-05)
(6.28855e-05 0 1.49494e-05)
(8.65737e-05 0 2.01732e-05)
(0.000116634 0 2.66364e-05)
(0.000153816 0 3.44308e-05)
(0.000198615 0 4.35906e-05)
(0.000251141 0 5.40758e-05)
(0.000310987 0 6.57566e-05)
(0.000377104 0 7.84033e-05)
(0.000447715 0 9.16819e-05)
(0.000520284 0 0.000105157)
(0.00059156 0 0.000118307)
(0.000657715 0 0.000130542)
(0.000714587 0 0.000141246)
(0.000758014 0 0.000149812)
(0.00078424 0 0.000155699)
(0.000790343 0 0.00015848)
(0.000774619 0 0.000157887)
(0.00073684 0 0.000153842)
(9.55054e-08 0 2.79858e-08)
(3.05799e-07 0 8.89956e-08)
(6.04634e-07 0 1.74009e-07)
(1.07714e-06 0 3.05767e-07)
(1.83343e-06 0 5.12721e-07)
(3.02551e-06 0 8.3294e-07)
(4.86089e-06 0 1.31681e-06)
(7.6152e-06 0 2.02907e-06)
(1.16423e-05 0 3.04994e-06)
(1.73793e-05 0 4.47462e-06)
(2.53445e-05 0 6.41092e-06)
(3.61238e-05 0 8.97445e-06)
(5.03441e-05 0 1.22812e-05)
(6.86307e-05 0 1.64375e-05)
(9.15488e-05 0 2.15283e-05)
(0.000119529 0 2.76037e-05)
(0.000152784 0 3.46662e-05)
(0.000191216 0 4.26581e-05)
(0.000234333 0 5.14523e-05)
(0.000281183 0 6.08476e-05)
(0.000330315 0 7.05681e-05)
(0.000379792 0 8.02704e-05)
(0.000427251 0 8.95569e-05)
(0.000470035 0 9.79967e-05)
(0.000505382 0 0.000105153)
(0.000530665 0 0.000110616)
(0.000543653 0 0.000114038)
(0.000542765 0 0.000115162)
(0.000527273 0 0.000113855)
(0.00049741 0 0.000110116)
(8.36449e-08 0 2.49061e-08)
(2.66784e-07 0 7.89195e-08)
(5.23655e-07 0 1.53259e-07)
(9.24472e-07 0 2.67031e-07)
(1.5582e-06 0 4.4367e-07)
(2.54558e-06 0 7.14032e-07)
(4.04869e-06 0 1.11832e-06)
(6.27924e-06 0 1.7074e-06)
(9.50409e-06 0 2.54326e-06)
(1.40465e-05 0 3.69814e-06)
(2.0281e-05 0 5.25219e-06)
(2.86198e-05 0 7.28918e-06)
(3.9489e-05 0 9.89033e-06)
(5.32941e-05 0 1.31265e-05)
(7.03746e-05 0 1.70488e-05)
(9.09505e-05 0 2.16793e-05)
(0.000115063 0 2.70013e-05)
(0.000142518 0 3.29519e-05)
(0.000172835 0 3.94164e-05)
(0.000205217 0 4.62269e-05)
(0.00023854 0 5.31649e-05)
(0.000271387 0 5.99686e-05)
(0.000302107 0 6.63458e-05)
(0.000328923 0 7.19911e-05)
(0.000350068 0 7.66066e-05)
(0.000363947 0 7.99245e-05)
(0.000369296 0 8.17304e-05)
(0.000365326 0 8.18827e-05)
(0.000351817 0 8.03264e-05)
(0.000329156 0 7.70998e-05)
(7.19128e-08 0 2.17606e-08)
(2.2848e-07 0 6.87082e-08)
(4.45177e-07 0 1.32517e-07)
(7.78739e-07 0 2.28918e-07)
(1.29949e-06 0 3.76806e-07)
(2.10117e-06 0 6.00644e-07)
(3.30744e-06 0 9.31782e-07)
(5.07689e-06 0 1.40923e-06)
(7.60562e-06 0 2.07969e-06)
(1.11261e-05 0 2.99654e-06)
(1.59011e-05 0 4.21763e-06)
(2.2211e-05 0 5.8017e-06)
(3.03344e-05 0 7.80345e-06)
(4.05214e-05 0 1.02675e-05)
(5.29599e-05 0 1.32217e-05)
(6.7739e-05 0 1.66701e-05)
(8.48103e-05 0 2.05871e-05)
(0.000103953 0 2.49123e-05)
(0.000124749 0 2.95485e-05)
(0.00014657 0 3.43619e-05)
(0.000168589 0 3.91855e-05)
(0.000189806 0 4.38271e-05)
(0.000209112 0 4.80792e-05)
(0.00022536 0 5.17324e-05)
(0.000237462 0 5.45904e-05)
(0.000244489 0 5.64857e-05)
(0.000245767 0 5.72932e-05)
(0.000240946 0 5.69418e-05)
(0.000230044 0 5.54211e-05)
(0.00021345 0 5.2783e-05)
(6.06531e-08 0 1.8654e-08)
(1.91967e-07 0 5.86924e-08)
(3.71268e-07 0 1.12422e-07)
(6.43432e-07 0 1.92527e-07)
(1.06281e-06 0 3.13909e-07)
(1.70049e-06 0 4.95522e-07)
(2.64852e-06 0 7.61234e-07)
(4.02268e-06 0 1.14022e-06)
(5.9632e-06 0 1.66674e-06)
(8.63247e-06 0 2.37913e-06)
(1.2209e-05 0 3.31785e-06)
(1.68769e-05 0 4.52264e-06)
(2.28105e-05 0 6.02871e-06)
(3.01545e-05 0 7.86229e-06)
(3.90011e-05 0 1.00358e-05)
(4.93652e-05 0 1.25435e-05)
(6.11608e-05 0 1.53571e-05)
(7.41818e-05 0 1.84238e-05)
(8.80909e-05 0 2.16652e-05)
(0.00010242 0 2.49789e-05)
(0.000116582 0 2.82423e-05)
(0.000129902 0 3.13189e-05)
(0.00014166 0 3.40662e-05)
(0.000151142 0 3.6346e-05)
(0.000157705 0 3.80338e-05)
(0.000160834 0 3.90294e-05)
(0.000160194 0 3.92648e-05)
(0.000155665 0 3.87104e-05)
(0.000147356 0 3.73775e-05)
(0.000135595 0 3.53176e-05)
(5.01549e-08 0 1.56803e-08)
(1.58135e-07 0 4.91642e-08)
(3.03563e-07 0 9.35216e-08)
(5.21162e-07 0 1.58762e-07)
(8.51966e-07 0 2.56371e-07)
(1.3486e-06 0 4.0069e-07)
(2.07784e-06 0 6.09442e-07)
(3.12199e-06 0 9.03882e-07)
(4.57849e-06 0 1.30845e-06)
(6.55736e-06 0 1.84985e-06)
(9.17584e-06 0 2.55545e-06)
(1.255e-05 0 3.45106e-06)
(1.67835e-05 0 4.55816e-06)
(2.19536e-05 0 5.89069e-06)
(2.80956e-05 0 7.45185e-06)
(3.51879e-05 0 9.23116e-06)
(4.31381e-05 0 1.12022e-05)
(5.17737e-05 0 1.33216e-05)
(6.08391e-05 0 1.5529e-05)
(7.00002e-05 0 1.7749e-05)
(7.88586e-05 0 1.98948e-05)
(8.69742e-05 0 2.18728e-05)
(9.38959e-05 0 2.35888e-05)
(9.91973e-05 0 2.49548e-05)
(0.000102513 0 2.58952e-05)
(0.000103575 0 2.63533e-05)
(0.000102233 0 2.62957e-05)
(9.84768e-05 0 2.5715e-05)
(9.24315e-05 0 2.46308e-05)
(8.43477e-05 0 2.30875e-05)
(4.06379e-08 0 1.2917e-08)
(1.27643e-07 0 4.03603e-08)
(2.43201e-07 0 7.62435e-08)
(4.13579e-07 0 1.28291e-07)
(6.69018e-07 0 2.0515e-07)
(1.0475e-06 0 3.17404e-07)
(1.59622e-06 0 4.77879e-07)
(2.37206e-06 0 7.01636e-07)
(3.44073e-06 0 1.00561e-06)
(4.87438e-06 0 1.4078e-06)
(6.74718e-06 0 1.92604e-06)
(9.12916e-06 0 2.57636e-06)
(1.20781e-05 0 3.37096e-06)
(1.56303e-05 0 4.3161e-06)
(1.97907e-05 0 5.40998e-06)
(2.45242e-05 0 6.64103e-06)
(2.9748e-05 0 7.9867e-06)
(3.53285e-05 0 9.41313e-06)
(4.10817e-05 0 1.08759e-05)
(4.67793e-05 0 1.23216e-05)
(5.21608e-05 0 1.3691e-05)
(5.69498e-05 0 1.49222e-05)
(6.08744e-05 0 1.59551e-05)
(6.36896e-05 0 1.6736e-05)
(6.51988e-05 0 1.72211e-05)
(6.5271e-05 0 1.73807e-05)
(6.38538e-05 0 1.72009e-05)
(6.09777e-05 0 1.66849e-05)
(5.67529e-05 0 1.5853e-05)
(5.13579e-05 0 1.47402e-05)
(3.22448e-08 0 1.04217e-08)
(1.009e-07 0 3.24521e-08)
(1.90807e-07 0 6.08797e-08)
(3.21383e-07 0 1.0153e-07)
(5.14367e-07 0 1.60756e-07)
(7.96469e-07 0 2.46171e-07)
(1.20014e-06 0 3.66808e-07)
(1.76354e-06 0 5.33036e-07)
(2.52964e-06 0 7.56223e-07)
(3.54409e-06 0 1.04809e-06)
(4.85196e-06 0 1.41979e-06)
(6.49328e-06 0 1.88074e-06)
(8.49766e-06 0 2.43722e-06)
(1.08783e-05 0 3.09105e-06)
(1.36263e-05 0 3.83826e-06)
(1.67055e-05 0 4.66813e-06)
(2.00496e-05 0 5.56271e-06)
(2.35608e-05 0 6.49689e-06)
(2.71128e-05 0 7.43919e-06)
(3.05558e-05 0 8.35327e-06)
(3.37258e-05 0 9.20003e-06)
(3.64556e-05 0 9.94012e-06)
(3.85878e-05 0 1.05368e-05)
(3.99877e-05 0 1.09586e-05)
(4.05556e-05 0 1.11816e-05)
(4.02346e-05 0 1.11918e-05)
(3.90165e-05 0 1.09855e-05)
(3.69416e-05 0 1.05699e-05)
(3.40946e-05 0 9.96215e-06)
(3.05963e-05 0 9.18832e-06)
(2.50419e-08 0 8.23035e-09)
(7.80677e-08 0 2.55416e-08)
(1.46525e-07 0 4.7584e-08)
(2.44424e-07 0 7.86489e-08)
(3.86999e-07 0 1.23285e-07)
(5.92533e-07 0 1.86828e-07)
(8.82704e-07 0 2.7546e-07)
(1.28236e-06 0 3.96109e-07)
(1.81865e-06 0 5.56152e-07)
(2.51937e-06 0 7.62937e-07)
(3.41068e-06 0 1.02312e-06)
(4.51401e-06 0 1.34183e-06)
(5.84262e-06 0 1.72186e-06)
(7.39805e-06 0 2.16271e-06)
(9.16682e-06 0 2.65993e-06)
(1.1118e-05 0 3.2046e-06)
(1.3202e-05 0 3.78322e-06)
(1.53512e-05 0 4.37796e-06)
(1.74824e-05 0 4.9674e-06)
(1.95011e-05 0 5.52771e-06)
(2.13079e-05 0 6.03405e-06)
(2.28056e-05 0 6.46238e-06)
(2.39067e-05 0 6.79112e-06)
(2.45412e-05 0 7.00281e-06)
(2.46621e-05 0 7.08542e-06)
(2.42495e-05 0 7.03327e-06)
(2.33123e-05 0 6.84735e-06)
(2.18866e-05 0 6.53522e-06)
(2.00322e-05 0 6.11025e-06)
(1.78273e-05 0 5.59056e-06)
(1.90261e-08 0 6.35786e-09)
(5.90933e-08 0 1.96647e-08)
(1.10079e-07 0 3.63826e-08)
(1.81853e-07 0 5.95966e-08)
(2.84807e-07 0 9.24803e-08)
(4.31112e-07 0 1.38669e-07)
(6.34826e-07 0 2.02273e-07)
(9.11609e-07 0 2.87772e-07)
(1.278e-06 0 3.99787e-07)
(1.75025e-06 0 5.42729e-07)
(2.3427e-06 0 7.20346e-07)
(3.06584e-06 0 9.35193e-07)
(3.92421e-06 0 1.18809e-06)
(4.91434e-06 0 1.4776e-06)
(6.02307e-06 0 1.79969e-06)
(7.22649e-06 0 2.14747e-06)
(8.48981e-06 0 2.51128e-06)
(9.7683e-06 0 2.87898e-06)
(1.10094e-05 0 3.23658e-06)
(1.21558e-05 0 3.56899e-06)
(1.31495e-05 0 3.86109e-06)
(1.39363e-05 0 4.09876e-06)
(1.44699e-05 0 4.26992e-06)
(1.4716e-05 0 4.36547e-06)
(1.46551e-05 0 4.37994e-06)
(1.42836e-05 0 4.31186e-06)
(1.36145e-05 0 4.16385e-06)
(1.26755e-05 0 3.94228e-06)
(1.15062e-05 0 3.65676e-06)
(1.0155e-05 0 3.31932e-06)
(1.41375e-08 0 4.80028e-09)
(4.37463e-08 0 1.47985e-08)
(8.08775e-08 0 2.71922e-08)
(1.3231e-07 0 4.41443e-08)
(2.04943e-07 0 6.7809e-08)
(3.06648e-07 0 1.00594e-07)
(4.4626e-07 0 1.45147e-07)
(6.33315e-07 0 2.04269e-07)
(8.77503e-07 0 2.80741e-07)
(1.18786e-06 0 3.77087e-07)
(1.57174e-06 0 4.95271e-07)
(2.0336e-06 0 6.36371e-07)
(2.57379e-06 0 8.00257e-07)
(3.18747e-06 0 9.85313e-07)
(3.86383e-06 0 1.18826e-06)
(4.58572e-06 0 1.40411e-06)
(5.32996e-06 0 1.62626e-06)
(6.06823e-06 0 1.84679e-06)
(6.76861e-06 0 2.05687e-06)
(7.39773e-06 0 2.24737e-06)
(7.92315e-06 0 2.40941e-06)
(8.31589e-06 0 2.53507e-06)
(8.5528e-06 0 2.61797e-06)
(8.61841e-06 0 2.65372e-06)
(8.50618e-06 0 2.64023e-06)
(8.21882e-06 0 2.57787e-06)
(7.76794e-06 0 2.46934e-06)
(7.17273e-06 0 2.31945e-06)
(6.45825e-06 0 2.13468e-06)
(5.6532e-06 0 1.92269e-06)
(1.02741e-08 0 3.53824e-09)
(3.16719e-08 0 1.08734e-08)
(5.81098e-08 0 1.98456e-08)
(9.41286e-08 0 3.19323e-08)
(1.4418e-07 0 4.85549e-08)
(2.13203e-07 0 7.12605e-08)
(3.06573e-07 0 1.01701e-07)
(4.29884e-07 0 1.41564e-07)
(5.8857e-07 0 1.92452e-07)
(7.87379e-07 0 2.55726e-07)
(1.02973e-06 0 3.32317e-07)
(1.31702e-06 0 4.22535e-07)
(1.64797e-06 0 5.25881e-07)
(2.01807e-06 0 6.40922e-07)
(2.4193e-06 0 7.6521e-07)
(2.8401e-06 0 8.95309e-07)
(3.26573e-06 0 1.02691e-06)
(3.67899e-06 0 1.15504e-06)
(4.06129e-06 0 1.27436e-06)
(4.39396e-06 0 1.37954e-06)
(4.65959e-06 0 1.46561e-06)
(4.8435e-06 0 1.52834e-06)
(4.93485e-06 0 1.56457e-06)
(4.92751e-06 0 1.57241e-06)
(4.82046e-06 0 1.55136e-06)
(4.61781e-06 0 1.50237e-06)
(4.32825e-06 0 1.42765e-06)
(3.96422e-06 0 1.33053e-06)
(3.54081e-06 0 1.21517e-06)
(3.07443e-06 0 1.08623e-06)
(7.30896e-09 0 2.54097e-09)
(2.24431e-08 0 7.7856e-09)
(4.08572e-08 0 1.41181e-08)
(6.55177e-08 0 2.25202e-08)
(9.92148e-08 0 3.39018e-08)
(1.44953e-07 0 4.92265e-08)
(2.05889e-07 0 6.949e-08)
(2.85175e-07 0 9.56688e-08)
(3.85709e-07 0 1.28642e-07)
(5.09807e-07 0 1.69092e-07)
(6.5883e-07 0 2.17393e-07)
(8.32805e-07 0 2.735e-07)
(1.03009e-06 0 3.36861e-07)
(1.24714e-06 0 4.06349e-07)
(1.47842e-06 0 4.80256e-07)
(1.71655e-06 0 5.56329e-07)
(1.95256e-06 0 6.31868e-07)
(2.17643e-06 0 7.03877e-07)
(2.37778e-06 0 7.69259e-07)
(2.54657e-06 0 8.2503e-07)
(2.67394e-06 0 8.68536e-07)
(2.75285e-06 0 8.97649e-07)
(2.77866e-06 0 9.10924e-07)
(2.74949e-06 0 9.07696e-07)
(2.66627e-06 0 8.88116e-07)
(2.53259e-06 0 8.5311e-07)
(2.35433e-06 0 8.04296e-07)
(2.13911e-06 0 7.43836e-07)
(1.89561e-06 0 6.74268e-07)
(1.63291e-06 0 5.98325e-07)
(5.10569e-09 0 1.7704e-09)
(1.56106e-08 0 5.41086e-09)
(2.81858e-08 0 9.75348e-09)
(4.4725e-08 0 1.54305e-08)
(6.6927e-08 0 2.30062e-08)
(9.6561e-08 0 3.30605e-08)
(1.35414e-07 0 4.61718e-08)
(1.85182e-07 0 6.28814e-08)
(2.4732e-07 0 8.36445e-08)
(3.22843e-07 0 1.0877e-07)
(4.12125e-07 0 1.38359e-07)
(5.14703e-07 0 1.72246e-07)
(6.29126e-07 0 2.09955e-07)
(7.52869e-07 0 2.5068e-07)
(8.82352e-07 0 2.93292e-07)
(1.01306e-06 0 3.36382e-07)
(1.13977e-06 0 3.78328e-07)
(1.2569e-06 0 4.17399e-07)
(1.35887e-06 0 4.51871e-07)
(1.44055e-06 0 4.8015e-07)
(1.49765e-06 0 5.0089e-07)
(1.52704e-06 0 5.13092e-07)
(1.52702e-06 0 5.16172e-07)
(1.49739e-06 0 5.10002e-07)
(1.43944e-06 0 4.94901e-07)
(1.35579e-06 0 4.716e-07)
(1.25014e-06 0 4.41175e-07)
(1.12692e-06 0 4.04954e-07)
(9.90931e-07 0 3.64421e-07)
(8.4701e-07 0 3.21111e-07)
(3.53208e-09 0 1.18481e-09)
(1.07448e-08 0 3.61516e-09)
(1.92246e-08 0 6.48445e-09)
(3.0161e-08 0 1.01841e-08)
(4.45611e-08 0 1.50508e-08)
(6.3434e-08 0 2.14206e-08)
(8.77517e-08 0 2.96161e-08)
(1.18381e-07 0 3.9923e-08)
(1.55992e-07 0 5.25614e-08)
(2.00952e-07 0 6.76512e-08)
(2.53219e-07 0 8.51792e-08)
(3.12252e-07 0 1.04971e-07)
(3.76949e-07 0 1.26672e-07)
(4.45633e-07 0 1.49747e-07)
(5.16096e-07 0 1.7349e-07)
(5.85699e-07 0 1.97059e-07)
(6.51524e-07 0 2.19524e-07)
(7.10577e-07 0 2.39927e-07)
(7.6e-07 0 2.57351e-07)
(7.973e-07 0 2.70985e-07)
(8.20534e-07 0 2.80187e-07)
(8.28461e-07 0 2.84525e-07)
(8.20624e-07 0 2.83813e-07)
(7.97369e-07 0 2.7811e-07)
(7.59785e-07 0 2.67714e-07)
(7.09593e-07 0 2.5313e-07)
(6.48984e-07 0 2.35024e-07)
(5.80432e-07 0 2.14169e-07)
(5.06505e-07 0 1.91394e-07)
(4.29682e-07 0 1.67525e-07)
(2.47112e-09 0 7.41619e-10)
(7.46949e-09 0 2.26335e-09)
(1.32256e-08 0 4.04782e-09)
(2.04896e-08 0 6.3222e-09)
(2.98497e-08 0 9.27643e-09)
(4.1868e-08 0 1.30956e-08)
(5.70536e-08 0 1.79502e-08)
(7.58214e-08 0 2.39829e-08)
(9.8441e-08 0 3.12915e-08)
(1.24982e-07 0 3.99111e-08)
(1.55261e-07 0 4.97974e-08)
(1.8881e-07 0 6.0814e-08)
(2.24853e-07 0 7.27266e-08)
(2.62324e-07 0 8.52059e-08)
(2.99904e-07 0 9.78393e-08)
(3.36098e-07 0 1.10153e-07)
(3.69328e-07 0 1.21643e-07)
(3.98049e-07 0 1.31806e-07)
(4.2086e-07 0 1.40179e-07)
(4.36619e-07 0 1.46374e-07)
(4.44525e-07 0 1.50103e-07)
(4.44175e-07 0 1.51203e-07)
(4.35589e-07 0 1.4964e-07)
(4.19193e-07 0 1.45511e-07)
(3.95767e-07 0 1.3903e-07)
(3.66376e-07 0 1.30508e-07)
(3.3227e-07 0 1.2033e-07)
(2.94791e-07 0 1.08917e-07)
(2.55273e-07 0 9.67078e-08)
(2.14956e-07 0 8.41234e-08)
(1.82815e-09 0 3.99519e-10)
(5.48468e-09 0 1.22463e-09)
(9.60533e-09 0 2.1922e-09)
(1.46895e-08 0 3.41572e-09)
(2.10904e-08 0 4.99029e-09)
(2.91262e-08 0 7.00719e-09)
(3.90616e-08 0 9.54799e-09)
(5.1083e-08 0 1.26773e-08)
(6.527e-08 0 1.64341e-08)
(8.15679e-08 0 2.08235e-08)
(9.9766e-08 0 2.58091e-08)
(1.19486e-07 0 3.13077e-08)
(1.40185e-07 0 3.71884e-08)
(1.61175e-07 0 4.32753e-08)
(1.81656e-07 0 4.93557e-08)
(2.00769e-07 0 5.51923e-08)
(2.17656e-07 0 6.05386e-08)
(2.31521e-07 0 6.5157e-08)
(2.4169e-07 0 6.88356e-08)
(2.47668e-07 0 7.14046e-08)
(2.49167e-07 0 7.27483e-08)
(2.46129e-07 0 7.28126e-08)
(2.38723e-07 0 7.16076e-08)
(2.27321e-07 0 6.92039e-08)
(2.12461e-07 0 6.57256e-08)
(1.94801e-07 0 6.13382e-08)
(1.75067e-07 0 5.62349e-08)
(1.53995e-07 0 5.06222e-08)
(1.32291e-07 0 4.47054e-08)
(1.10583e-07 0 3.86766e-08)
(1.53308e-09 0 1.20689e-10)
(4.57617e-09 0 3.76352e-10)
(7.97033e-09 0 6.79805e-10)
(1.20952e-08 0 1.06246e-09)
(1.71956e-08 0 1.55314e-09)
(2.34844e-08 0 2.17959e-09)
(3.11238e-08 0 2.96635e-09)
(4.0207e-08 0 3.93242e-09)
(5.07395e-08 0 5.08866e-09)
(6.26236e-08 0 6.43516e-09)
(7.56484e-08 0 7.95908e-09)
(8.94886e-08 0 9.63321e-09)
(1.03714e-07 0 1.14158e-08)
(1.17809e-07 0 1.32517e-08)
(1.31207e-07 0 1.50751e-08)
(1.43323e-07 0 1.68133e-08)
(1.53603e-07 0 1.83918e-08)
(1.61562e-07 0 1.97397e-08)
(1.66819e-07 0 2.07948e-08)
(1.69131e-07 0 2.15085e-08)
(1.68403e-07 0 2.18491e-08)
(1.64696e-07 0 2.18041e-08)
(1.5821e-07 0 2.13801e-08)
(1.49271e-07 0 2.06018e-08)
(1.38294e-07 0 1.95094e-08)
(1.25752e-07 0 1.81546e-08)
(1.12143e-07 0 1.65961e-08)
(9.79527e-08 0 1.48947e-08)
(8.36318e-08 0 1.3108e-08)
(6.95738e-08 0 1.12841e-08)
(0.0145534 0 0.000951744)
(0.0145735 0 0.00121344)
(0.0145524 0 0.00149291)
(0.0137569 0 0.00111121)
(0.0137532 0 0.00122913)
(0.0137554 0 0.00134526)
(0.0120477 0 0.00115748)
(0.0120222 0 0.0012109)
(0.0120672 0 0.00125938)
(0.0100877 0 0.00110809)
(0.01005 0 0.00113332)
(0.0101197 0 0.00115679)
(0.00819439 0 0.000999776)
(0.00814831 0 0.00101145)
(0.00822326 0 0.00102561)
(0.00648674 0 0.000863984)
(0.00643801 0 0.000868723)
(0.00650959 0 0.000879214)
(0.00501608 0 0.000722115)
(0.00496925 0 0.000723268)
(0.00503342 0 0.000732017)
(0.0037951 0 0.000587119)
(0.00375294 0 0.000586472)
(0.00380796 0 0.000594072)
(0.00281228 0 0.00046595)
(0.00277616 0 0.000464473)
(0.00282167 0 0.000471074)
(0.0020425 0 0.000361614)
(0.00201277 0 0.000359839)
(0.00204928 0 0.000365479)
(0.00145445 0 0.000274669)
(0.00143081 0 0.000272885)
(0.00145931 0 0.000277602)
(0.00101563 0 0.000204233)
(0.000997395 0 0.000202593)
(0.0010191 0 0.000206451)
(0.000695438 0 0.000148636)
(0.000681773 0 0.000147215)
(0.000697912 0 0.000150301)
(0.000466879 0 0.000105842)
(0.000456907 0 0.000104667)
(0.000468642 0 0.00010708)
(0.000307228 0 7.3713e-05)
(0.000300137 0 7.27797e-05)
(0.000308484 0 7.46252e-05)
(0.000198101 0 5.01881e-05)
(0.000193186 0 4.94743e-05)
(0.000198995 0 5.08532e-05)
(0.000125119 0 3.33933e-05)
(0.000121797 0 3.28668e-05)
(0.000125754 0 3.3873e-05)
(7.73753e-05 0 2.17055e-05)
(7.51876e-05 0 2.13306e-05)
(7.78241e-05 0 2.20473e-05)
(4.68337e-05 0 1.37786e-05)
(4.54296e-05 0 1.35208e-05)
(4.71479e-05 0 1.40189e-05)
(2.77347e-05 0 8.53985e-06)
(2.68569e-05 0 8.36863e-06)
(2.7952e-05 0 8.70625e-06)
(1.60634e-05 0 5.16667e-06)
(1.55291e-05 0 5.05679e-06)
(1.62113e-05 0 5.27993e-06)
(9.09583e-06 0 3.05068e-06)
(8.77938e-06 0 2.98254e-06)
(9.19475e-06 0 3.12633e-06)
(5.03373e-06 0 1.7576e-06)
(4.85142e-06 0 1.71679e-06)
(5.09852e-06 0 1.8071e-06)
(2.72169e-06 0 9.87842e-07)
(2.6196e-06 0 9.64249e-07)
(2.76319e-06 0 1.01953e-06)
(1.43741e-06 0 5.41467e-07)
(1.38187e-06 0 5.28303e-07)
(1.46338e-06 0 5.61271e-07)
(7.41537e-07 0 2.8926e-07)
(7.12206e-07 0 2.82177e-07)
(7.57444e-07 0 3.0131e-07)
(3.74219e-07 0 1.50265e-07)
(3.59194e-07 0 1.46588e-07)
(3.8382e-07 0 1.57349e-07)
(1.86289e-07 0 7.51602e-08)
(1.78804e-07 0 7.33202e-08)
(1.92135e-07 0 7.90938e-08)
(9.53719e-08 0 3.44386e-08)
(9.16341e-08 0 3.35663e-08)
(9.91682e-08 0 3.6332e-08)
(5.981e-08 0 1.00286e-08)
(5.73911e-08 0 9.74762e-09)
(6.23686e-08 0 1.05459e-08)
(0.0145383 0 0.00151745)
(0.0140507 0 0.00148069)
(0.0130067 0 0.00139416)
(0.011648 0 0.00127907)
(0.010146 0 0.00114655)
(0.00863137 0 0.0010065)
(0.00718766 0 0.000866475)
(0.00586652 0 0.000732214)
(0.00469649 0 0.000607693)
(0.00368929 0 0.000495428)
(0.0028444 0 0.000396736)
(0.00215254 0 0.000311981)
(0.00159885 0 0.000240804)
(0.00116545 0 0.000182337)
(0.000833522 0 0.000135361)
(0.000584696 0 9.84537e-05)
(0.00040211 0 7.01121e-05)
(0.000270976 0 4.88506e-05)
(0.000178822 0 3.32783e-05)
(0.000115481 0 2.21498e-05)
(7.2925e-05 0 1.43948e-05)
(4.49956e-05 0 9.12841e-06)
(2.71039e-05 0 5.645e-06)
(1.59254e-05 0 3.40205e-06)
(9.11864e-06 0 1.99669e-06)
(5.0811e-06 0 1.13984e-06)
(2.74648e-06 0 6.30802e-07)
(1.42341e-06 0 3.34218e-07)
(6.70292e-07 0 1.60279e-07)
(1.97832e-07 0 4.78223e-08)
(0.0137163 0 0.00141912)
(0.0130912 0 0.00140209)
(0.0120857 0 0.0013361)
(0.0108319 0 0.00123626)
(0.0094606 0 0.00111566)
(0.00807841 0 0.00098507)
(0.00675281 0 0.000852163)
(0.00553312 0 0.000723199)
(0.00444706 0 0.000602501)
(0.00350724 0 0.000492907)
(0.00271502 0 0.00039603)
(0.00206311 0 0.000312442)
(0.00153883 0 0.000241956)
(0.00112645 0 0.000183838)
(0.000809107 0 0.000136975)
(0.000570075 0 0.000100021)
(0.00039383 0 7.1533e-05)
(0.000266633 0 5.00714e-05)
(0.000176803 0 3.42806e-05)
(0.00011475 0 2.29399e-05)
(7.2843e-05 0 1.49947e-05)
(4.51926e-05 0 9.56769e-06)
(2.73809e-05 0 5.95572e-06)
(1.61872e-05 0 3.61447e-06)
(9.32899e-06 0 2.13708e-06)
(5.2341e-06 0 1.22945e-06)
(2.84944e-06 0 6.85828e-07)
(1.48729e-06 0 3.66228e-07)
(7.04777e-07 0 1.76845e-07)
(2.08862e-07 0 5.30157e-08)
(0.0121559 0 0.00130737)
(0.0116969 0 0.00130039)
(0.0108559 0 0.00124741)
(0.00978721 0 0.00116253)
(0.00860283 0 0.00105666)
(0.00738787 0 0.000938795)
(0.00621042 0 0.000816896)
(0.00511764 0 0.000697172)
(0.0041355 0 0.00058382)
(0.00327848 0 0.000479917)
(0.00255122 0 0.000387393)
(0.00194873 0 0.000307014)
(0.001461 0 0.000238815)
(0.00107498 0 0.000182269)
(0.000776163 0 0.00013644)
(0.000549758 0 0.000100117)
(0.000381835 0 7.19674e-05)
(0.000259929 0 5.06471e-05)
(0.000173327 0 3.48725e-05)
(0.000113145 0 2.3477e-05)
(7.22561e-05 0 1.54438e-05)
(4.51092e-05 0 9.92091e-06)
(2.75095e-05 0 6.21967e-06)
(1.63751e-05 0 3.80304e-06)
(9.50554e-06 0 2.26631e-06)
(5.37353e-06 0 1.31451e-06)
(2.94821e-06 0 7.39433e-07)
(1.55074e-06 0 3.98097e-07)
(7.39839e-07 0 1.93619e-07)
(2.2024e-07 0 5.83314e-08)
(0.0103018 0 0.00118526)
(0.0100555 0 0.00118017)
(0.00943516 0 0.00113747)
(0.00858781 0 0.00106656)
(0.00761402 0 0.000975856)
(0.00659233 0 0.00087298)
(0.00558495 0 0.000764812)
(0.00463491 0 0.000656855)
(0.00376997 0 0.000553301)
(0.00300832 0 0.000457487)
(0.0023565 0 0.000371451)
(0.00181142 0 0.000296025)
(0.00136637 0 0.000231512)
(0.00101138 0 0.000177645)
(0.000734728 0 0.00013372)
(0.000523621 0 9.86797e-05)
(0.000365938 0 7.13504e-05)
(0.000250669 0 5.0518e-05)
(0.000168218 0 3.50038e-05)
(0.000110528 0 2.37213e-05)
(7.10587e-05 0 1.57127e-05)
(4.46701e-05 0 1.0167e-05)
(2.74386e-05 0 6.42247e-06)
(1.64559e-05 0 3.95833e-06)
(9.62749e-06 0 2.37845e-06)
(5.48696e-06 0 1.39142e-06)
(3.03567e-06 0 7.89551e-07)
(1.60989e-06 0 4.28699e-07)
(7.73596e-07 0 2.10049e-07)
(2.31387e-07 0 6.35999e-08)
(0.00844414 0 0.00104729)
(0.00836203 0 0.00104517)
(0.0079504 0 0.00101244)
(0.00732237 0 0.000955343)
(0.00656169 0 0.000880135)
(0.00573747 0 0.000793015)
(0.00490505 0 0.000699726)
(0.0041054 0 0.000605182)
(0.00336695 0 0.000513356)
(0.00270816 0 0.000427358)
(0.00213706 0 0.000349202)
(0.00165456 0 0.000280039)
(0.00125662 0 0.00022033)
(0.000936702 0 0.000170118)
(0.000685428 0 0.00012889)
(0.000491932 0 9.57283e-05)
(0.000346195 0 6.96671e-05)
(0.000238807 0 4.96552e-05)
(0.000161393 0 3.46427e-05)
(0.000106807 0 2.3644e-05)
(6.91729e-05 0 1.57776e-05)
(4.38143e-05 0 1.02877e-05)
(2.71235e-05 0 6.55092e-06)
(1.63989e-05 0 4.07125e-06)
(9.67487e-06 0 2.46752e-06)
(5.56192e-06 0 1.45644e-06)
(3.10442e-06 0 8.33927e-07)
(1.66058e-06 0 4.56759e-07)
(8.03971e-07 0 2.25493e-07)
(2.41666e-07 0 6.86236e-08)
(0.00673516 0 0.000899689)
(0.00675881 0 0.000902284)
(0.00651307 0 0.000879466)
(0.00607577 0 0.000835728)
(0.00550974 0 0.000775693)
(0.00487133 0 0.000704268)
(0.0042078 0 0.000626189)
(0.00355622 0 0.000545701)
(0.00294373 0 0.000466386)
(0.0023886 0 0.000391091)
(0.00190076 0 0.000321838)
(0.00148369 0 0.000259909)
(0.00113614 0 0.000205952)
(0.000853723 0 0.000160136)
(0.000629465 0 0.000122145)
(0.000455227 0 9.13446e-05)
(0.000322819 0 6.6945e-05)
(0.000224396 0 4.80584e-05)
(0.000152829 0 3.37764e-05)
(0.000101934 0 2.32282e-05)
(6.65452e-05 0 1.56221e-05)
(4.24951e-05 0 1.02693e-05)
(2.65283e-05 0 6.59443e-06)
(1.61782e-05 0 4.13414e-06)
(9.63007e-06 0 2.5283e-06)
(5.58711e-06 0 1.50616e-06)
(3.14754e-06 0 8.70458e-07)
(1.69887e-06 0 4.81055e-07)
(8.28936e-07 0 2.39322e-07)
(2.5043e-07 0 7.32002e-08)
(0.00524452 0 0.000752407)
(0.00532746 0 0.000759737)
(0.00520059 0 0.000745927)
(0.00491451 0 0.000714365)
(0.00451246 0 0.000668394)
(0.00403708 0 0.000611804)
(0.00352648 0 0.000548414)
(0.00301229 0 0.000481792)
(0.00251894 0 0.000415059)
(0.0020638 0 0.000350778)
(0.00165765 0 0.000290883)
(0.00130567 0 0.000236697)
(0.00100874 0 0.000188983)
(0.00076456 0 0.000148041)
(0.000568474 0 0.000113753)
(0.000414563 0 8.57033e-05)
(0.000296441 0 6.32858e-05)
(0.000207784 0 4.57817e-05)
(0.000142706 0 3.24297e-05)
(9.59903e-05 0 2.24823e-05)
(6.32047e-05 0 1.5246e-05)
(4.07161e-05 0 1.01079e-05)
(2.56459e-05 0 6.54815e-06)
(1.57841e-05 0 4.14255e-06)
(9.48428e-06 0 2.55721e-06)
(5.55571e-06 0 1.53799e-06)
(3.16032e-06 0 8.97403e-07)
(1.72175e-06 0 5.00506e-07)
(8.4686e-07 0 2.50948e-07)
(2.57158e-07 0 7.71429e-08)
(0.00399448 0 0.000613886)
(0.00410405 0 0.000624729)
(0.00405572 0 0.000618284)
(0.00388139 0 0.000597064)
(0.00360883 0 0.000563406)
(0.00326824 0 0.000520131)
(0.0028886 0 0.000470234)
(0.00249542 0 0.00041662)
(0.00210948 0 0.000361932)
(0.00174645 0 0.000308413)
(0.00141694 0 0.000257841)
(0.00112704 0 0.000211505)
(0.00087909 0 0.000170225)
(0.000672517 0 0.000134405)
(0.000504611 0 0.000104091)
(0.000371316 0 7.90459e-05)
(0.0002679 0 5.88372e-05)
(0.000189461 0 4.29092e-05)
(0.00013129 0 3.06464e-05)
(8.91094e-05 0 2.14256e-05)
(5.921e-05 0 1.46554e-05)
(3.84964e-05 0 9.80278e-06)
(2.44769e-05 0 6.40856e-06)
(1.521e-05 0 4.09238e-06)
(9.22946e-06 0 2.55061e-06)
(5.46074e-06 0 1.5491e-06)
(3.13756e-06 0 9.12763e-07)
(1.72583e-06 0 5.1383e-07)
(8.5585e-07 0 2.59668e-07)
(2.61248e-07 0 8.0227e-08)
(0.00297946 0 0.000489542)
(0.00309439 0 0.00050232)
(0.00309371 0 0.000501303)
(0.00299712 0 0.000488294)
(0.00282138 0 0.000464835)
(0.00258666 0 0.000432946)
(0.00231383 0 0.000394886)
(0.00202237 0 0.000352951)
(0.00172909 0 0.000309301)
(0.00144734 0 0.000265844)
(0.00118687 0 0.000224154)
(0.000953904 0 0.00018543)
(0.000751634 0 0.000150495)
(0.000580746 0 0.000119821)
(0.000440016 0 9.35697e-05)
(0.000326908 0 7.16495e-05)
(0.000238115 0 5.37804e-05)
(0.000169999 0 3.95552e-05)
(0.000118924 0 2.84952e-05)
(8.14874e-05 0 2.00971e-05)
(5.46668e-05 0 1.38704e-05)
(3.58889e-05 0 9.36321e-06)
(2.30447e-05 0 6.17902e-06)
(1.44642e-05 0 3.98402e-06)
(8.86698e-06 0 2.50768e-06)
(5.30083e-06 0 1.53835e-06)
(3.07726e-06 0 9.15501e-07)
(1.70938e-06 0 5.20258e-07)
(8.54794e-07 0 2.65014e-07)
(2.623e-07 0 8.22894e-08)
(0.00217806 0 0.000382019)
(0.00228572 0 0.000395323)
(0.00231073 0 0.000397898)
(0.0022651 0 0.000390993)
(0.00215825 0 0.000375558)
(0.00200295 0 0.00035297)
(0.00181348 0 0.00032487)
(0.00160403 0 0.000293002)
(0.0013875 0 0.00025908)
(0.00117473 0 0.00022467)
(0.000974097 0 0.000191117)
(0.000791464 0 0.000159493)
(0.000630322 0 0.000130578)
(0.000492133 0 0.00010487)
(0.000376728 0 8.26076e-05)
(0.00028274 0 6.38074e-05)
(0.000208022 0 4.83146e-05)
(0.000150004 0 3.58502e-05)
(0.000105987 0 2.60583e-05)
(7.33515e-05 0 1.85464e-05)
(4.97053e-05 0 1.29193e-05)
(3.29641e-05 0 8.80416e-06)
(2.1385e-05 0 5.86663e-06)
(1.3563e-05 0 3.82024e-06)
(8.40283e-06 0 2.42901e-06)
(5.07726e-06 0 1.5054e-06)
(2.97888e-06 0 9.05025e-07)
(1.67144e-06 0 5.19244e-07)
(8.42923e-07 0 2.6662e-07)
(2.60021e-07 0 8.31986e-08)
(0.0015612 0 0.000291907)
(0.00165509 0 0.000304693)
(0.0016912 0 0.000309332)
(0.00167675 0 0.000306672)
(0.00161659 0 0.000297244)
(0.00151838 0 0.000281935)
(0.00139141 0 0.000261888)
(0.00124554 0 0.000238382)
(0.00109024 0 0.000212726)
(0.000933886 0 0.000186165)
(0.00078332 0 0.000159808)
(0.000643667 0 0.000134576)
(0.000518326 0 0.000111175)
(0.000409125 0 9.00941e-05)
(0.000316566 0 7.1609e-05)
(0.000240121 0 5.58128e-05)
(0.000178531 0 4.26461e-05)
(0.00013009 0 3.1935e-05)
(9.28789e-05 0 2.34284e-05)
(6.49531e-05 0 1.68321e-05)
(4.44774e-05 0 1.18378e-05)
(2.98097e-05 0 8.1462e-06)
(1.95458e-05 0 5.48248e-06)
(1.25309e-05 0 3.60652e-06)
(7.84861e-06 0 2.31694e-06)
(4.79477e-06 0 1.45101e-06)
(2.84386e-06 0 8.8136e-07)
(1.6121e-06 0 5.10579e-07)
(8.19993e-07 0 2.64284e-07)
(2.54278e-07 0 8.28732e-08)
(0.0010975 0 0.00021845)
(0.00117522 0 0.000230045)
(0.00121342 0 0.000235596)
(0.00121639 0 0.000235668)
(0.0011863 0 0.000230512)
(0.00112743 0 0.000220668)
(0.00104555 0 0.000206891)
(0.000947208 0 0.000190086)
(0.000839051 0 0.000171218)
(0.00072727 0 0.000151243)
(0.000617194 0 0.000131043)
(0.000513052 0 0.00011138)
(0.000417884 0 9.28696e-05)
(0.000333578 0 7.59596e-05)
(0.000260998 0 6.0937e-05)
(0.000200163 0 4.79389e-05)
(0.000150456 0 3.69742e-05)
(0.00011083 0 2.79504e-05)
(7.99892e-05 0 2.0702e-05)
(5.65481e-05 0 1.50181e-05)
(3.91449e-05 0 1.06665e-05)
(2.6524e-05 0 7.41403e-06)
(1.75842e-05 0 5.04089e-06)
(1.13995e-05 0 3.35067e-06)
(7.2207e-06 0 2.17542e-06)
(4.46122e-06 0 1.37694e-06)
(2.67559e-06 0 8.45167e-07)
(1.53259e-06 0 4.94417e-07)
(7.86325e-07 0 2.57988e-07)
(2.45113e-07 0 8.1289e-08)
(0.000756705 0 0.000160087)
(0.000818438 0 0.000170135)
(0.000853713 0 0.000175797)
(0.000865062 0 0.000177446)
(0.000853176 0 0.000175164)
(0.000820258 0 0.000169248)
(0.000769695 0 0.000160176)
(0.000705641 0 0.00014856)
(0.000632571 0 0.000135085)
(0.000554867 0 0.000120461)
(0.000476498 0 0.000105365)
(0.000400781 0 9.04083e-05)
(0.000330265 0 7.61011e-05)
(0.000266698 0 6.28382e-05)
(0.000211072 0 5.0893e-05)
(0.000163722 0 4.04222e-05)
(0.000124461 0 3.14785e-05)
(9.27159e-05 0 2.40282e-05)
(6.76695e-05 0 1.79726e-05)
(4.83775e-05 0 1.31685e-05)
(3.38671e-05 0 9.44781e-06)
(2.32084e-05 0 6.63473e-06)
(1.5562e-05 0 4.55841e-06)
(1.02049e-05 0 3.06233e-06)
(6.5391e-06 0 2.00974e-06)
(4.08707e-06 0 1.2859e-06)
(2.47915e-06 0 7.9771e-07)
(1.43516e-06 0 4.71277e-07)
(7.42793e-07 0 2.47905e-07)
(2.32747e-07 0 7.8483e-08)
(0.000511667 0 0.000114852)
(0.000559005 0 0.00012323)
(0.000589016 0 0.000128497)
(0.000603187 0 0.000130897)
(0.000601476 0 0.000130415)
(0.000584868 0 0.000127196)
(0.000555223 0 0.000121521)
(0.000515053 0 0.000113785)
(0.000467242 0 0.000104459)
(0.000414769 0 9.40489e-05)
(0.000360464 0 8.30591e-05)
(0.000306814 0 7.19599e-05)
(0.000255844 0 6.11612e-05)
(0.000209049 0 5.09948e-05)
(0.000167395 0 4.17056e-05)
(0.000131364 0 3.34515e-05)
(0.000101026 0 2.63087e-05)
(7.6133e-05 0 2.02832e-05)
(5.62109e-05 0 1.53251e-05)
(4.0652e-05 0 1.13438e-05)
(2.87899e-05 0 8.22333e-06)
(1.99597e-05 0 5.83586e-06)
(1.3541e-05 0 4.0526e-06)
(8.98487e-06 0 2.75222e-06)
(5.8259e-06 0 1.82615e-06)
(3.6846e-06 0 1.18135e-06)
(2.26099e-06 0 7.40774e-07)
(1.32298e-06 0 4.42009e-07)
(6.90775e-07 0 2.34395e-07)
(2.17564e-07 0 7.45523e-08)
(0.000339236 0 8.06383e-05)
(0.000374417 0 8.73876e-05)
(0.000398506 0 9.19808e-05)
(0.000412377 0 9.45779e-05)
(0.000415683 0 9.51182e-05)
(0.000408745 0 9.36511e-05)
(0.000392497 0 9.03297e-05)
(0.000368376 0 8.5396e-05)
(0.000338156 0 7.91585e-05)
(0.000303781 0 7.19659e-05)
(0.000267188 0 6.41805e-05)
(0.000230165 0 5.61524e-05)
(0.000194243 0 4.81986e-05)
(0.000160624 0 4.05869e-05)
(0.000130161 0 3.35259e-05)
(0.000103366 0 2.71617e-05)
(8.04424e-05 0 2.15789e-05)
(6.13427e-05 0 1.68073e-05)
(4.58299e-05 0 1.28305e-05)
(3.35393e-05 0 9.59701e-06)
(2.40364e-05 0 7.03111e-06)
(1.68641e-05 0 5.04367e-06)
(1.1579e-05 0 3.54089e-06)
(7.77633e-06 0 2.43145e-06)
(5.10374e-06 0 1.63144e-06)
(3.26706e-06 0 1.06724e-06)
(2.02848e-06 0 6.76541e-07)
(1.19988e-06 0 4.07742e-07)
(6.32057e-07 0 2.17976e-07)
(2.00086e-07 0 6.96482e-08)
(0.000220471 0 5.53862e-05)
(0.000245874 0 6.06514e-05)
(0.000264343 0 6.44597e-05)
(0.000276396 0 6.69155e-05)
(0.00028161 0 6.7942e-05)
(0.00027998 0 6.75369e-05)
(0.000271911 0 6.5772e-05)
(0.000258168 0 6.27859e-05)
(0.000239791 0 5.87715e-05)
(0.000217992 0 5.39598e-05)
(0.000194046 0 4.86013e-05)
(0.000169185 0 4.29478e-05)
(0.000144515 0 3.72358e-05)
(0.000120957 0 3.16733e-05)
(9.92105e-05 0 2.64302e-05)
(7.97452e-05 0 2.16333e-05)
(6.28145e-05 0 1.73652e-05)
(4.84827e-05 0 1.36672e-05)
(3.66628e-05 0 1.05439e-05)
(2.71578e-05 0 7.97129e-06)
(1.97011e-05 0 5.90356e-06)
(1.39923e-05 0 4.28154e-06)
(9.72596e-06 0 3.03946e-06)
(6.61296e-06 0 2.11078e-06)
(4.39426e-06 0 1.43247e-06)
(2.8477e-06 0 9.47758e-07)
(1.78934e-06 0 6.07442e-07)
(1.07009e-06 0 3.69799e-07)
(5.68711e-07 0 1.99294e-07)
(1.80943e-07 0 6.39658e-08)
(0.00014041 0 3.72017e-05)
(0.000158258 0 4.11848e-05)
(0.00017188 0 4.42098e-05)
(0.000181586 0 4.63445e-05)
(0.000186987 0 4.75138e-05)
(0.000187947 0 4.76907e-05)
(0.000184588 0 4.68991e-05)
(0.000177279 0 4.52112e-05)
(0.000166594 0 4.27409e-05)
(0.000153255 0 3.96345e-05)
(0.000138065 0 3.60587e-05)
(0.00012184 0 3.21881e-05)
(0.000105346 0 2.81929e-05)
(8.92563e-05 0 2.42288e-05)
(7.41105e-05 0 2.04283e-05)
(6.03049e-05 0 1.68961e-05)
(4.80886e-05 0 1.37063e-05)
(3.75763e-05 0 1.09028e-05)
(2.87679e-05 0 8.50233e-06)
(2.15749e-05 0 6.49822e-06)
(1.58467e-05 0 4.866e-06)
(1.13961e-05 0 3.56875e-06)
(8.02137e-06 0 2.56233e-06)
(5.52313e-06 0 1.79996e-06)
(3.71668e-06 0 1.23572e-06)
(2.43893e-06 0 8.27027e-07)
(1.55115e-06 0 5.35984e-07)
(9.37972e-07 0 3.29614e-07)
(5.02943e-07 0 1.79073e-07)
(1.60817e-07 0 5.77302e-08)
(8.75982e-05 0 2.4428e-05)
(9.98104e-05 0 2.73524e-05)
(0.000109517 0 2.96648e-05)
(0.000116906 0 3.14095e-05)
(0.000121664 0 3.25212e-05)
(0.000123623 0 3.2965e-05)
(0.000122772 0 3.27393e-05)
(0.00011926 0 3.18758e-05)
(0.000113381 0 3.04371e-05)
(0.000105542 0 2.85111e-05)
(9.62263e-05 0 2.62041e-05)
(8.5952e-05 0 2.36325e-05)
(7.52299e-05 0 2.09145e-05)
(6.45279e-05 0 1.81624e-05)
(5.42444e-05 0 1.54756e-05)
(4.46907e-05 0 1.29365e-05)
(3.60842e-05 0 1.06075e-05)
(2.85507e-05 0 8.52991e-06)
(2.2134e-05 0 6.72526e-06)
(1.68102e-05 0 5.19744e-06)
(1.25043e-05 0 3.93598e-06)
(9.10756e-06 0 2.91975e-06)
(6.49303e-06 0 2.12069e-06)
(4.52859e-06 0 1.5072e-06)
(3.08683e-06 0 1.04693e-06)
(2.05152e-06 0 7.08875e-07)
(1.32086e-06 0 4.64591e-07)
(8.07668e-07 0 2.88625e-07)
(4.36944e-07 0 1.58069e-07)
(1.40402e-07 0 5.11803e-08)
(5.35164e-05 0 1.56768e-05)
(6.16592e-05 0 1.77617e-05)
(6.83594e-05 0 1.94678e-05)
(7.37339e-05 0 2.08243e-05)
(7.75504e-05 0 2.17789e-05)
(7.96549e-05 0 2.22976e-05)
(7.99866e-05 0 2.23674e-05)
(7.85834e-05 0 2.19975e-05)
(7.55782e-05 0 2.12184e-05)
(7.1186e-05 0 2.00798e-05)
(6.56838e-05 0 1.86463e-05)
(5.93861e-05 0 1.69923e-05)
(5.26187e-05 0 1.51969e-05)
(4.56949e-05 0 1.33378e-05)
(3.88943e-05 0 1.14871e-05)
(3.24483e-05 0 9.70689e-06)
(2.65318e-05 0 8.0468e-06)
(2.12604e-05 0 6.54266e-06)
(1.66935e-05 0 5.21644e-06)
(1.28416e-05 0 4.07726e-06)
(9.67608e-06 0 3.12326e-06)
(7.13947e-06 0 2.3439e-06)
(5.15663e-06 0 1.72254e-06)
(3.64382e-06 0 1.23882e-06)
(2.51639e-06 0 8.70807e-07)
(1.69411e-06 0 5.96602e-07)
(1.10434e-06 0 3.95452e-07)
(6.82893e-07 0 2.48187e-07)
(3.72742e-07 0 1.37015e-07)
(1.20355e-07 0 4.45527e-08)
(3.20053e-05 0 9.83027e-06)
(3.72974e-05 0 1.12742e-05)
(4.17856e-05 0 1.24916e-05)
(4.5544e-05 0 1.35017e-05)
(4.84106e-05 0 1.42655e-05)
(5.02635e-05 0 1.47539e-05)
(5.10324e-05 0 1.49507e-05)
(5.07058e-05 0 1.48539e-05)
(4.93319e-05 0 1.44755e-05)
(4.70142e-05 0 1.38412e-05)
(4.3902e-05 0 1.29881e-05)
(4.01773e-05 0 1.19616e-05)
(3.60392e-05 0 1.08124e-05)
(3.16884e-05 0 9.59247e-06)
(2.73128e-05 0 8.35189e-06)
(2.30764e-05 0 7.13564e-06)
(1.91108e-05 0 5.98146e-06)
(1.55115e-05 0 4.9184e-06)
(1.23378e-05 0 3.96631e-06)
(9.61518e-06 0 3.13605e-06)
(7.34034e-06 0 2.43045e-06)
(5.4878e-06 0 1.84562e-06)
(4.01648e-06 0 1.37264e-06)
(2.87611e-06 0 9.99128e-07)
(2.01272e-06 0 7.10834e-07)
(1.37285e-06 0 4.9283e-07)
(9.06187e-07 0 3.30405e-07)
(5.66712e-07 0 2.09489e-07)
(3.12087e-07 0 1.16576e-07)
(1.01253e-07 0 3.80657e-08)
(1.87307e-05 0 6.02181e-06)
(2.20835e-05 0 6.99354e-06)
(2.50043e-05 0 7.83478e-06)
(2.75411e-05 0 8.55842e-06)
(2.95863e-05 0 9.13658e-06)
(3.10515e-05 0 9.54681e-06)
(3.18754e-05 0 9.77389e-06)
(3.20299e-05 0 9.81111e-06)
(3.15224e-05 0 9.66096e-06)
(3.03961e-05 0 9.33496e-06)
(2.87253e-05 0 8.85282e-06)
(2.66097e-05 0 8.24089e-06)
(2.41651e-05 0 7.53019e-06)
(2.15148e-05 0 6.75409e-06)
(1.87798e-05 0 5.946e-06)
(1.60706e-05 0 5.13725e-06)
(1.34813e-05 0 4.35529e-06)
(1.10852e-05 0 3.62246e-06)
(8.93323e-06 0 2.95525e-06)
(7.05422e-06 0 2.36417e-06)
(5.45721e-06 0 1.85409e-06)
(4.13482e-06 0 1.42494e-06)
(3.06718e-06 0 1.07268e-06)
(2.22615e-06 0 7.90382e-07)
(1.57896e-06 0 5.69222e-07)
(1.09132e-06 0 3.99416e-07)
(7.29508e-07 0 2.70859e-07)
(4.61412e-07 0 1.73496e-07)
(2.5636e-07 0 9.73147e-08)
(8.35668e-08 0 3.19072e-08)
(1.07235e-05 0 3.603e-06)
(1.27944e-05 0 4.23862e-06)
(1.46424e-05 0 4.80214e-06)
(1.62992e-05 0 5.30224e-06)
(1.76964e-05 0 5.72003e-06)
(1.87741e-05 0 6.03919e-06)
(1.94854e-05 0 6.24727e-06)
(1.98012e-05 0 6.33675e-06)
(1.97128e-05 0 6.30566e-06)
(1.92328e-05 0 6.15787e-06)
(1.83944e-05 0 5.9028e-06)
(1.72484e-05 0 5.55473e-06)
(1.58589e-05 0 5.1317e-06)
(1.42979e-05 0 4.65418e-06)
(1.26399e-05 0 4.14362e-06)
(1.09565e-05 0 3.62092e-06)
(9.31135e-06 0 3.10526e-06)
(7.7575e-06 0 2.61296e-06)
(6.33482e-06 0 2.15692e-06)
(5.06957e-06 0 1.74617e-06)
(3.975e-06 0 1.38602e-06)
(3.05287e-06 0 1.07826e-06)
(2.2957e-06 0 8.2174e-07)
(1.68916e-06 0 6.13009e-07)
(1.21452e-06 0 4.46958e-07)
(8.50734e-07 0 3.17443e-07)
(5.75967e-07 0 2.17756e-07)
(3.68456e-07 0 1.40909e-07)
(2.06531e-07 0 7.96606e-08)
(6.76375e-08 0 2.62247e-08)
(6.004e-06 0 2.10525e-06)
(7.25087e-06 0 2.50946e-06)
(8.38833e-06 0 2.87566e-06)
(9.43708e-06 0 3.20975e-06)
(1.03557e-05 0 3.49946e-06)
(1.11056e-05 0 3.73362e-06)
(1.16539e-05 0 3.90292e-06)
(1.19767e-05 0 4.00071e-06)
(1.20611e-05 0 4.02359e-06)
(1.19064e-05 0 3.97168e-06)
(1.15247e-05 0 3.84873e-06)
(1.09395e-05 0 3.6618e-06)
(1.0184e-05 0 3.42076e-06)
(9.29814e-06 0 3.13758e-06)
(8.3258e-06 0 2.82539e-06)
(7.31106e-06 0 2.49761e-06)
(6.29532e-06 0 2.16705e-06)
(5.31477e-06 0 1.84514e-06)
(4.39858e-06 0 1.5414e-06)
(3.56797e-06 0 1.26303e-06)
(2.83604e-06 0 1.01484e-06)
(2.20829e-06 0 7.99293e-07)
(1.68374e-06 0 6.16764e-07)
(1.2562e-06 0 4.6588e-07)
(9.15781e-07 0 3.43931e-07)
(6.50217e-07 0 2.47257e-07)
(4.45896e-07 0 1.7157e-07)
(2.88515e-07 0 1.12154e-07)
(1.63152e-07 0 6.39005e-08)
(5.36766e-08 0 2.11203e-08)
(3.28659e-06 0 1.20106e-06)
(4.01844e-06 0 1.451e-06)
(4.69973e-06 0 1.68199e-06)
(5.34399e-06 0 1.89802e-06)
(5.9271e-06 0 2.09148e-06)
(6.42537e-06 0 2.25509e-06)
(6.8173e-06 0 2.38235e-06)
(7.08548e-06 0 2.4681e-06)
(7.21805e-06 0 2.50897e-06)
(7.20989e-06 0 2.5036e-06)
(7.06318e-06 0 2.45286e-06)
(6.78723e-06 0 2.35981e-06)
(6.39786e-06 0 2.22943e-06)
(5.91601e-06 0 2.0683e-06)
(5.3661e-06 0 1.88411e-06)
(4.77412e-06 0 1.68509e-06)
(4.16567e-06 0 1.47943e-06)
(3.56432e-06 0 1.27481e-06)
(2.99018e-06 0 1.07789e-06)
(2.45902e-06 0 8.9408e-07)
(1.98184e-06 0 7.27307e-07)
(1.56489e-06 0 5.80008e-07)
(1.21007e-06 0 4.53201e-07)
(9.15639e-07 0 3.46657e-07)
(6.76947e-07 0 2.59127e-07)
(4.87282e-07 0 1.88567e-07)
(3.38521e-07 0 1.3235e-07)
(2.2156e-07 0 8.73905e-08)
(1.26397e-07 0 5.01758e-08)
(4.17718e-08 0 1.66493e-08)
(1.75863e-06 0 6.68848e-07)
(2.17742e-06 0 8.19108e-07)
(2.57469e-06 0 9.6056e-07)
(2.95916e-06 0 1.09588e-06)
(3.31738e-06 0 1.22055e-06)
(3.63545e-06 0 1.33003e-06)
(3.90006e-06 0 1.42006e-06)
(4.09953e-06 0 1.48696e-06)
(4.22479e-06 0 1.52797e-06)
(4.27023e-06 0 1.54144e-06)
(4.23422e-06 0 1.52699e-06)
(4.11933e-06 0 1.48561e-06)
(3.93219e-06 0 1.41954e-06)
(3.68294e-06 0 1.33217e-06)
(3.38442e-06 0 1.22772e-06)
(3.05117e-06 0 1.11103e-06)
(2.69831e-06 0 9.87111e-07)
(2.34044e-06 0 8.60872e-07)
(1.99072e-06 0 7.36795e-07)
(1.66012e-06 0 6.18697e-07)
(1.357e-06 0 5.09562e-07)
(1.08691e-06 0 4.11463e-07)
(8.52643e-07 0 3.25559e-07)
(6.54554e-07 0 2.52162e-07)
(4.90912e-07 0 1.90842e-07)
(3.58348e-07 0 1.40558e-07)
(2.5225e-07 0 9.97728e-08)
(1.67016e-07 0 6.65337e-08)
(9.61231e-08 0 3.84906e-08)
(3.19071e-08 0 1.28219e-08)
(9.20059e-07 0 3.63302e-07)
(1.15385e-06 0 4.51066e-07)
(1.37958e-06 0 5.35116e-07)
(1.60278e-06 0 6.17208e-07)
(1.81625e-06 0 6.94781e-07)
(2.01221e-06 0 7.65137e-07)
(2.18282e-06 0 8.25616e-07)
(2.32073e-06 0 8.73783e-07)
(2.41969e-06 0 9.07612e-07)
(2.47511e-06 0 9.25657e-07)
(2.48443e-06 0 9.27177e-07)
(2.44743e-06 0 9.12208e-07)
(2.36626e-06 0 8.8158e-07)
(2.24532e-06 0 8.36865e-07)
(2.09088e-06 0 7.80261e-07)
(1.91063e-06 0 7.14431e-07)
(1.71302e-06 0 6.42315e-07)
(1.5067e-06 0 5.66913e-07)
(1.29983e-06 0 4.91097e-07)
(1.09965e-06 0 4.17428e-07)
(9.12042e-07 0 3.48033e-07)
(7.41349e-07 0 2.84511e-07)
(5.90273e-07 0 2.27905e-07)
(4.59951e-07 0 1.78706e-07)
(3.50111e-07 0 1.36897e-07)
(2.59285e-07 0 1.02015e-07)
(1.85002e-07 0 7.32103e-08)
(1.23944e-07 0 4.92899e-08)
(7.19691e-08 0 2.87258e-08)
(2.39913e-08 0 9.60697e-09)
(4.71514e-07 0 1.9197e-07)
(5.99191e-07 0 2.41609e-07)
(7.24544e-07 0 2.89914e-07)
(8.51028e-07 0 3.38e-07)
(9.74972e-07 0 3.84481e-07)
(1.0922e-06 0 4.2783e-07)
(1.19829e-06 0 4.66471e-07)
(1.28887e-06 0 4.98884e-07)
(1.35994e-06 0 5.23715e-07)
(1.4082e-06 0 5.39882e-07)
(1.43135e-06 0 5.46665e-07)
(1.42827e-06 0 5.43774e-07)
(1.39918e-06 0 5.31381e-07)
(1.34565e-06 0 5.10117e-07)
(1.27042e-06 0 4.81028e-07)
(1.17728e-06 0 4.45503e-07)
(1.07071e-06 0 4.05169e-07)
(9.55552e-07 0 3.61775e-07)
(8.36655e-07 0 3.17068e-07)
(7.18544e-07 0 2.72681e-07)
(6.05143e-07 0 2.30037e-07)
(4.99575e-07 0 1.90278e-07)
(4.04051e-07 0 1.54222e-07)
(3.19836e-07 0 1.22347e-07)
(2.47288e-07 0 9.48029e-08)
(1.85933e-07 0 7.14306e-08)
(1.34553e-07 0 5.17918e-08)
(9.12512e-08 0 3.51865e-08)
(5.34644e-08 0 2.0653e-08)
(1.78939e-08 0 6.93614e-09)
(2.38991e-07 0 9.75716e-08)
(3.07988e-07 0 1.24396e-07)
(3.76818e-07 0 1.5089e-07)
(4.47651e-07 0 1.77719e-07)
(5.18696e-07 0 2.04171e-07)
(5.87798e-07 0 2.29431e-07)
(6.52553e-07 0 2.52621e-07)
(7.10453e-07 0 2.72856e-07)
(7.59054e-07 0 2.89305e-07)
(7.96167e-07 0 3.0125e-07)
(8.20031e-07 0 3.08148e-07)
(8.29466e-07 0 3.09675e-07)
(8.23992e-07 0 3.05759e-07)
(8.03875e-07 0 2.96592e-07)
(7.70128e-07 0 2.82621e-07)
(7.24431e-07 0 2.64515e-07)
(6.69006e-07 0 2.43119e-07)
(6.06441e-07 0 2.1939e-07)
(5.39497e-07 0 1.94327e-07)
(4.70901e-07 0 1.68905e-07)
(4.03165e-07 0 1.44008e-07)
(3.38433e-07 0 1.20382e-07)
(2.7837e-07 0 9.8599e-08)
(2.24101e-07 0 7.90349e-08)
(1.76185e-07 0 6.18657e-08)
(1.34624e-07 0 4.7071e-08)
(9.88854e-08 0 3.44433e-08)
(6.79207e-08 0 2.35932e-08)
(4.01618e-08 0 1.39437e-08)
(1.34908e-08 0 4.70614e-09)
(1.25153e-07 0 4.51974e-08)
(1.6375e-07 0 5.82539e-08)
(2.02833e-07 0 7.13319e-08)
(2.43852e-07 0 8.47638e-08)
(2.85951e-07 0 9.82201e-08)
(3.28021e-07 0 1.11309e-07)
(3.6875e-07 0 1.23595e-07)
(4.06688e-07 0 1.34622e-07)
(4.40339e-07 0 1.43947e-07)
(4.68258e-07 0 1.51164e-07)
(4.89163e-07 0 1.55944e-07)
(5.02038e-07 0 1.58057e-07)
(5.06221e-07 0 1.57395e-07)
(5.01469e-07 0 1.53986e-07)
(4.87986e-07 0 1.4799e-07)
(4.66416e-07 0 1.39696e-07)
(4.37798e-07 0 1.29493e-07)
(4.03482e-07 0 1.17849e-07)
(3.65032e-07 0 1.05271e-07)
(3.24101e-07 0 9.22701e-08)
(2.82311e-07 0 7.93274e-08)
(2.41141e-07 0 6.68631e-08)
(2.01835e-07 0 5.52134e-08)
(1.6533e-07 0 4.46153e-08)
(1.32211e-07 0 3.51992e-08)
(1.02683e-07 0 2.69867e-08)
(7.65632e-08 0 1.98921e-08)
(5.32661e-08 0 1.37214e-08)
(3.17956e-08 0 8.1649e-09)
(1.07304e-08 0 2.77519e-09)
(7.95283e-08 0 1.31428e-08)
(1.05405e-07 0 1.70555e-08)
(1.31927e-07 0 2.10403e-08)
(1.60244e-07 0 2.51695e-08)
(1.89866e-07 0 2.93472e-08)
(2.20117e-07 0 3.34565e-08)
(2.50151e-07 0 3.73641e-08)
(2.78991e-07 0 4.09277e-08)
(3.05572e-07 0 4.40048e-08)
(3.2881e-07 0 4.64626e-08)
(3.47678e-07 0 4.81883e-08)
(3.6128e-07 0 4.90984e-08)
(3.68928e-07 0 4.91461e-08)
(3.70203e-07 0 4.83264e-08)
(3.64995e-07 0 4.66772e-08)
(3.53519e-07 0 4.42775e-08)
(3.36308e-07 0 4.12417e-08)
(3.1417e-07 0 3.77108e-08)
(2.88131e-07 0 3.38423e-08)
(2.59347e-07 0 2.97979e-08)
(2.29024e-07 0 2.57326e-08)
(1.98318e-07 0 2.17846e-08)
(1.68261e-07 0 1.80665e-08)
(1.39686e-07 0 1.46607e-08)
(1.13171e-07 0 1.16152e-08)
(8.90033e-08 0 8.94295e-09)
(6.71486e-08 0 6.62141e-09)
(4.72278e-08 0 4.59128e-09)
(2.84901e-08 0 2.75189e-09)
(9.77231e-09 0 9.44134e-10)
)
;

boundaryField
{
    inlet
    {
        type            cellMotion;
        value           uniform (0 0 0);
    }
    outlet
    {
        type            cellMotion;
        value           uniform (0 0 0);
    }
    flap
    {
        type            cellMotion;
        value           nonuniform List<vector> 
33
(
(0.000582051 0 0.000508627)
(0.00211526 0 0.00134468)
(0.00428377 0 0.00185298)
(0.00681045 0 0.00209092)
(0.00936744 0 0.0021093)
(0.0116909 0 0.00196825)
(0.0136047 0 0.00172638)
(0.0150115 0 0.00144155)
(0.015887 0 0.00117407)
(0.0162876 0 0.000970726)
(0.0163195 0 0.000849964)
(0.0161125 0 0.000807024)
(0.0157806 0 0.000811826)
(0.0153662 0 0.00082213)
(0.0148363 0 0.000828109)
(0.0145534 0 0.000951744)
(0.0145735 0 0.00121344)
(0.0145524 0 0.00149291)
(0.000537438 0 -0.000430288)
(0.00201313 0 -0.00110928)
(0.00415913 0 -0.0014653)
(0.0066742 0 -0.00155904)
(0.00923605 0 -0.00143393)
(0.0115771 0 -0.0011416)
(0.0135109 0 -0.000736729)
(0.0149323 0 -0.000275936)
(0.0158162 0 0.00018264)
(0.0162208 0 0.000591269)
(0.0162553 0 0.000922008)
(0.0160545 0 0.0011666)
(0.015732 0 0.00134431)
(0.01533 0 0.0014819)
(0.0148203 0 0.00158644)
)
;
    }
    upperWall
    {
        type            slip;
    }
    lowerWall
    {
        type            slip;
    }
    frontAndBack
    {
        type            empty;
    }
}


// ************************************************************************* //
