/*--------------------------------*- C++ -*----------------------------------*\
| =========                 |                                                 |
| \\      /  F ield         | OpenFOAM: The Open Source CFD Toolbox           |
|  \\    /   O peration     | Version:  2012                                  |
|   \\  /    A nd           | Website:  www.openfoam.com                      |
|    \\/     M anipulation  |                                                 |
\*---------------------------------------------------------------------------*/
FoamFile
{
    version     2.0;
    format      ascii;
    class       volVectorField;
    location    "0.2";
    object      U;
}
// * * * * * * * * * * * * * * * * * * * * * * * * * * * * * * * * * * * * * //

dimensions      [0 1 -1 0 0 0 0];


internalField   nonuniform List<vector> 
2790
(
(9.94494 7.84268e-24 0.0199416)
(9.87972 0 0.0283529)
(9.78434 0 0.033952)
(9.66556 0 0.0394431)
(9.5293 0 0.0448028)
(9.37725 0 0.049877)
(9.20979 1.46884e-22 0.0547279)
(9.0275 -3.04799e-22 0.0595072)
(8.83105 1.28073e-21 0.0643934)
(8.62075 -1.31087e-21 0.069578)
(8.39642 0 0.075257)
(8.15737 -2.92892e-21 0.0816196)
(7.90254 6.08321e-21 0.0888374)
(7.63052 -3.16226e-21 0.0970593)
(7.3397 0 0.10641)
(7.02835 9.82305e-23 0.116989)
(6.69474 -7.46627e-21 0.128871)
(6.33725 8.13904e-21 0.142101)
(5.95452 2.19427e-22 0.156693)
(5.54557 -9.02932e-21 0.172616)
(5.10996 4.90706e-20 0.189796)
(4.64794 -5.248e-20 0.208095)
(4.16062 9.07175e-20 0.227318)
(3.65006 0 0.247211)
(3.11931 0 0.267477)
(2.5724 -2.31806e-19 0.287786)
(2.01395 -5.09355e-19 0.307786)
(1.44893 5.51986e-19 0.327041)
(0.871221 3.04499e-19 0.345723)
(0.367211 -2.6821e-18 0.356649)
(9.99921 -7.82748e-24 0.0391395)
(9.98406 -3.17535e-23 0.0595218)
(9.94051 3.22141e-23 0.0752472)
(9.87009 -6.5939e-23 0.0917484)
(9.77639 6.76515e-23 0.108922)
(9.66057 1.39252e-22 0.126154)
(9.52297 4.3603e-22 0.143286)
(9.36436 -1.48947e-21 0.160423)
(9.18582 6.13362e-22 0.177804)
(8.98828 0 0.195777)
(8.77227 0 0.214769)
(8.53781 0 0.235238)
(8.28446 0 0.257625)
(8.01137 6.17001e-21 0.282327)
(7.71735 6.58749e-21 0.309666)
(7.40097 8.83444e-23 0.339881)
(7.06066 1.44819e-20 0.373106)
(6.6949 1.94768e-21 0.409356)
(6.30226 -5.11746e-20 0.448505)
(5.88165 5.19117e-20 0.490264)
(5.4324 -3.71975e-20 0.53416)
(4.95451 3.98337e-20 0.579522)
(4.44875 -1.70871e-19 0.625481)
(3.91686 1.83832e-19 0.671007)
(3.36158 -6.04758e-19 0.714972)
(2.78661 1.07316e-18 0.756277)
(2.19628 0 0.794026)
(1.59549 -5.1281e-19 0.827688)
(0.977182 -5.64934e-22 0.858504)
(0.421094 3.09286e-19 0.870934)
(9.99628 3.89974e-24 0.0408254)
(9.97808 2.76193e-23 0.0713998)
(9.9363 -3.2111e-23 0.0990261)
(9.87011 3.27193e-23 0.12831)
(9.78149 -3.38416e-23 0.159194)
(9.67134 -1.38389e-22 0.190722)
(9.53992 1.43625e-22 0.222372)
(9.38782 1.03217e-21 0.254057)
(9.21595 3.08278e-22 0.285996)
(9.02515 -3.14531e-22 0.31866)
(8.81591 -2.63906e-21 0.352707)
(8.58827 0 0.388892)
(8.34184 -1.82535e-22 0.427986)
(8.07581 -5.87341e-21 0.470707)
(7.78902 0 0.517672)
(7.48001 1.33347e-20 0.569367)
(7.14719 -1.41284e-20 0.62611)
(6.78886 0 0.688021)
(6.40341 9.55492e-20 0.754984)
(5.98942 -9.97088e-20 0.826599)
(5.54581 0 0.902148)
(5.07204 -3.07525e-19 0.980549)
(4.56829 7.31526e-19 1.06033)
(4.03563 1.07901e-20 1.13968)
(3.47617 -1.50148e-18 1.21647)
(2.8931 2.43632e-18 1.28849)
(2.29056 -1.30701e-18 1.35371)
(1.67436 -2.88349e-18 1.41056)
(1.03858 4.41681e-18 1.45999)
(0.456761 -2.87085e-19 1.47971)
(9.99471 0 0.0463097)
(9.9743 -3.15287e-23 0.088216)
(9.93232 1.59821e-23 0.128446)
(9.86741 4.90554e-23 0.170193)
(9.78064 -9.94498e-23 0.213738)
(9.67279 8.35114e-25 0.258219)
(9.54425 4.93496e-22 0.302976)
(9.39563 -1.74733e-21 0.347836)
(9.22778 1.20406e-21 0.393058)
(9.04148 -2.49794e-21 0.439257)
(8.8372 1.17231e-23 0.487317)
(8.61497 -5.41023e-21 0.538272)
(8.37439 7.16194e-22 0.593196)
(8.11465 -7.32287e-22 0.653112)
(7.83458 -6.28396e-21 0.718923)
(7.53272 6.56618e-21 0.791365)
(7.20738 1.42195e-20 0.870965)
(6.85676 -2.85143e-20 0.957994)
(6.47904 6.0653e-20 1.05241)
(6.07249 -1.30503e-19 1.15381)
(5.63562 1.34932e-19 1.26133)
(5.16734 0 1.37361)
(4.66718 0 1.4887)
(4.13549 9.96081e-19 1.60407)
(3.5737 -8.77623e-19 1.71663)
(2.98451 0 1.82295)
(2.37199 1.64638e-18 1.91953)
(1.74322 -2.21482e-18 2.00314)
(1.09428 -4.36715e-18 2.07309)
(0.490773 3.96878e-18 2.09882)
(9.99398 -3.8729e-24 0.0532259)
(9.9724 -2.73741e-23 0.104857)
(9.93033 1.59691e-23 0.15621)
(9.86664 -1.45631e-22 0.209521)
(9.78186 1.99445e-22 0.265166)
(9.67657 -1.35975e-22 0.322286)
(9.55117 6.70956e-23 0.380013)
(9.4063 1.15445e-21 0.438004)
(9.24279 -1.34345e-21 0.496485)
(9.06139 2.62546e-21 0.556174)
(8.86255 2.56721e-21 0.618155)
(8.6463 5.34122e-21 0.683727)
(8.41224 -1.40307e-21 0.754263)
(8.15958 -7.17346e-21 0.831092)
(7.88711 -2.99294e-21 0.915417)
(7.59334 2.52292e-20 1.00825)
(7.2765 0 1.11037)
(6.93463 0 1.22224)
(6.56566 -5.89911e-20 1.34397)
(6.16751 -1.2526e-19 1.47524)
(5.73821 2.58793e-19 1.61514)
(5.27603 -1.37189e-19 1.76213)
(4.77976 1.45415e-19 1.91386)
(4.2489 -1.98512e-21 2.06711)
(3.68406 0 2.21777)
(3.08735 0 2.36092)
(2.46272 -3.8417e-19 2.49114)
(1.8184 3.31565e-18 2.60283)
(1.15297 -6.94659e-18 2.69248)
(0.525846 4.16333e-18 2.71933)
(9.99368 3.07514e-23 0.060768)
(9.97165 2.34325e-23 0.121512)
(9.92994 7.89349e-24 0.183454)
(9.86776 1.61377e-22 0.248146)
(9.78538 -6.57674e-23 0.315721)
(9.68314 3.3466e-23 0.385193)
(9.56146 -1.10496e-21 0.455502)
(9.42098 9.90889e-22 0.526167)
(9.26254 -2.40949e-24 0.597406)
(9.08688 2.56968e-21 0.670057)
(8.89444 0 0.745413)
(8.68526 -5.86036e-21 0.825043)
(8.45895 6.71883e-22 0.910623)
(8.21472 1.13538e-20 1.0038)
(7.95136 0 1.10608)
(7.66733 -4.92072e-20 1.21878)
(7.36076 5.11386e-20 1.34297)
(7.02952 -1.08016e-19 1.47938)
(6.67126 1.11819e-19 1.62836)
(6.28349 0 1.78975)
(5.86365 -1.25349e-19 1.96275)
(5.40925 2.03034e-21 2.14574)
(4.91811 -2.22705e-21 2.33612)
(4.38863 4.43837e-19 2.53004)
(3.82027 -7.69614e-19 2.72231)
(3.21417 -1.33435e-18 2.90627)
(2.57373 2.83446e-18 3.07404)
(1.9079 1.54871e-18 3.21683)
(1.21753 -1.87445e-19 3.32738)
(0.561807 -3.73065e-18 3.35196)
(9.99361 -3.07307e-23 0.0685366)
(9.97166 0 0.138055)
(9.93074 0 0.210055)
(9.87039 3.20852e-23 0.285669)
(9.79076 2.27394e-22 0.364717)
(9.69207 0 0.446048)
(9.57469 -5.41095e-22 0.528431)
(9.4393 -1.26699e-21 0.611266)
(9.28673 -2.08736e-21 0.694761)
(9.11773 -2.46929e-21 0.77986)
(8.93273 1.55772e-22 0.868054)
(8.73179 -5.20222e-21 0.961175)
(8.51457 0 1.06119)
(8.28027 0 1.17007)
(8.02771 0 1.28965)
(7.75531 1.19315e-20 1.42158)
(7.46113 -3.77385e-20 1.56726)
(7.14286 -2.56106e-22 1.72777)
(6.79786 -5.46662e-20 1.90378)
(6.4232 0 2.09545)
(6.01564 2.39407e-19 2.30226)
(5.57181 -1.20276e-19 2.52274)
(5.0883 3.94866e-19 2.75421)
(4.56205 -4.07351e-19 2.9924)
(3.99082 3.11937e-21 3.23109)
(3.37408 0 3.46178)
(2.71388 0 3.67366)
(2.01907 0 3.85386)
(1.29162 0 3.99035)
(0.59918 1.05283e-19 4.01314)
(9.9937 0 0.076296)
(9.97217 5.373e-23 0.154284)
(9.93241 7.78393e-24 0.235824)
(9.87421 -1.26343e-22 0.321845)
(9.79771 -2.5872e-22 0.411882)
(9.70304 5.25033e-22 0.504571)
(9.59054 1.08171e-21 0.598508)
(9.46091 -1.10214e-21 0.692971)
(9.31498 2.28404e-21 0.788154)
(9.15352 0 0.885096)
(8.97697 -1.52654e-22 0.985482)
(8.78544 2.07942e-20 1.09139)
(8.57862 -1.94887e-21 1.2051)
(8.35577 2.26467e-20 1.32888)
(8.11574 2.77133e-20 1.46492)
(7.85696 -5.71253e-21 1.61522)
(7.57743 0 1.78158)
(7.27472 2.51812e-20 1.96548)
(6.94594 7.89679e-20 2.16806)
(6.5877 -5.32949e-20 2.38996)
(6.1961 0 2.63112)
(5.76672 -1.15463e-19 2.89053)
(5.29475 -2.46487e-19 3.16578)
(4.7752 -2.09589e-21 3.45255)
(4.20346 6.76278e-19 3.7439)
(3.57629 -5.60818e-19 4.0296)
(2.8931 0 4.29561)
(2.16134 1.28958e-18 4.52399)
(1.38168 -1.38342e-18 4.69647)
(0.640184 1.17395e-20 4.72281)
(9.99388 3.02126e-23 0.0838963)
(9.97305 -6.51943e-23 0.170029)
(9.93479 -3.90052e-24 0.260617)
(9.87909 1.3377e-22 0.35652)
(9.8061 0 0.457017)
(9.7159 -5.22339e-22 0.560516)
(9.60884 9.92939e-22 0.665422)
(9.48561 1.29911e-21 0.770895)
(9.34707 1.9476e-21 0.877113)
(9.19397 1.42782e-22 0.985205)
(9.02684 -4.71978e-21 1.09703)
(8.84581 -9.52082e-21 1.21492)
(8.65065 -3.12762e-22 1.34143)
(8.44069 -4.43473e-20 1.47914)
(8.21488 2.34388e-21 1.6306)
(7.97169 0 1.79819)
(7.70913 0 1.98413)
(7.42473 0 2.19041)
(7.11541 0 2.41872)
(6.77741 1.01064e-19 2.67036)
(6.4062 0 2.94604)
(5.99632 2.1937e-19 3.24553)
(5.54138 0 3.56721)
(5.0341 1.20053e-19 3.9073)
(4.46668 0 4.25887)
(3.83186 -5.20121e-19 4.61054)
(3.12441 5.74557e-19 4.94514)
(2.34827 0 5.2386)
(1.49869 6.48564e-19 5.46412)
(0.689724 -7.40995e-19 5.50605)
(9.99413 -3.0193e-23 0.0912339)
(9.9742 0 0.185146)
(9.93773 0 0.284287)
(9.88482 2.47885e-22 0.389513)
(9.81569 0 0.499889)
(9.73039 -5.12194e-22 0.613588)
(9.62928 -1.05357e-21 0.728821)
(9.51304 0 0.84463)
(9.38256 -2.20964e-21 0.961168)
(9.23863 4.6321e-21 1.07964)
(9.08179 -8.97492e-23 1.20208)
(8.91229 7.52493e-23 1.33103)
(8.72997 -7.62029e-23 1.46931)
(8.5343 2.04143e-20 1.61984)
(8.32433 -2.1053e-20 1.78547)
(8.09866 0 1.96901)
(7.85541 4.38958e-20 2.17311)
(7.59214 0 2.40031)
(7.30573 0 2.65301)
(6.9922 -9.81696e-20 2.93331)
(6.64654 -9.82573e-20 3.24297)
(6.26239 -1.04245e-19 3.583)
(5.83179 -2.1032e-19 3.9532)
(5.34493 2.17962e-19 4.35127)
(4.79017 -3.38548e-19 4.77149)
(4.15465 4.95998e-19 5.20267)
(3.42567 -2.81789e-19 5.6256)
(2.60003 1.57091e-20 6.00963)
(1.66082 -1.77941e-20 6.31609)
(0.757123 3.92438e-20 6.39563)
(9.99444 6.14298e-23 0.0982341)
(9.97557 -5.65457e-24 0.199518)
(9.94111 3.79605e-24 0.306703)
(9.89128 -2.47166e-22 0.420669)
(9.82631 3.13573e-23 0.540305)
(9.74629 4.78172e-22 0.66355)
(9.65156 -1.09464e-21 0.788421)
(9.54284 6.56395e-23 0.913834)
(9.42103 1.87652e-21 1.03991)
(9.28695 -3.89734e-21 1.16793)
(9.14123 -2.23961e-22 1.30006)
(8.98418 8.66504e-21 1.43904)
(8.81579 5.93687e-22 1.58795)
(8.63567 -3.09815e-22 1.74999)
(8.44306 3.03184e-22 1.92834)
(8.23675 6.63784e-22 2.12619)
(8.01506 -4.37058e-20 2.34666)
(7.77574 0 2.59289)
(7.51578 0 2.86798)
(7.23124 9.021e-20 3.17507)
(6.9169 3.10282e-21 3.51716)
(6.56582 4.81582e-20 3.897)
(6.16881 1.95755e-19 4.31654)
(5.71368 4.99796e-22 4.77618)
(5.18458 -5.0733e-20 5.27321)
(4.5617 -2.68154e-20 5.79921)
(3.82136 3.40292e-20 6.33583)
(2.94702 -1.55917e-20 6.84765)
(1.8979 0 7.28105)
(0.859215 3.19341e-20 7.43914)
(9.99478 -5.95255e-23 0.104839)
(9.9771 0 0.213047)
(9.94487 0 0.327742)
(9.89836 0 0.449845)
(9.83785 0 0.578085)
(9.76344 -5.61656e-22 0.710184)
(9.67551 2.1016e-21 0.843959)
(9.57478 0 0.978199)
(9.46216 -2.43136e-23 1.11299)
(9.33855 4.03561e-21 1.24965)
(9.20463 3.36474e-22 1.39046)
(9.06084 -8.01065e-21 1.53836)
(8.9073 -1.15564e-21 1.69663)
(8.74385 2.40127e-21 1.86872)
(8.56994 -2.17465e-20 2.05813)
(8.38465 0 2.26838)
(8.1866 -4.03245e-20 2.50305)
(7.97388 -4.1108e-20 2.76584)
(7.74384 -4.71767e-20 3.06063)
(7.49285 -8.24646e-20 3.39161)
(7.21594 1.75401e-19 3.76327)
(6.90617 -1.11533e-20 4.1804)
(6.5538 1.81951e-20 4.64788)
(6.14507 3.27172e-20 5.17014)
(5.66049 -2.28266e-20 5.74989)
(5.07286 9.13374e-22 6.38544)
(4.34421 -9.32782e-20 7.06544)
(3.43576 1.89511e-19 7.7571)
(2.26178 -1.00861e-19 8.39458)
(1.02918 1.80308e-19 8.71253)
(9.99516 0 0.111005)
(9.97877 9.26899e-25 0.225652)
(9.94893 -1.2356e-22 0.347299)
(9.90595 3.75802e-24 0.476907)
(9.85013 0 0.613068)
(9.78163 4.65581e-22 0.753293)
(9.70083 2.08281e-23 0.895202)
(9.60848 1.90252e-21 1.03745)
(9.50552 3.65599e-22 1.18007)
(9.39288 -4.53853e-21 1.32441)
(9.27134 6.35052e-23 1.47285)
(9.14148 -1.11436e-21 1.62846)
(9.00359 3.40105e-21 1.79471)
(8.85774 -2.05931e-20 1.97527)
(8.70366 1.90558e-20 2.17387)
(8.54079 4.28107e-20 2.39434)
(8.36818 6.00138e-21 2.64066)
(8.18441 6.95796e-20 2.91702)
(7.98744 6.11453e-20 3.22804)
(7.77434 3.92073e-20 3.57892)
(7.54089 -6.32155e-20 3.97564)
(7.28097 -8.03153e-20 4.42523)
(6.9855 -4.33115e-20 4.93596)
(6.64082 -8.3054e-20 5.51741)
(6.22596 3.88498e-20 6.18021)
(5.70844 2.07923e-20 6.93458)
(5.0357 0 7.78639)
(4.13759 1.50941e-19 8.72405)
(2.84688 -1.59431e-19 9.69524)
(1.33756 1.1557e-20 10.3599)
(9.99556 0 0.116696)
(9.98053 4.59123e-25 0.237272)
(9.95321 1.18224e-22 0.365292)
(9.91392 2.37295e-22 0.501757)
(9.863 0 0.645134)
(9.80063 0 0.792733)
(9.72723 -1.05581e-21 0.941979)
(9.64356 3.85846e-23 1.09139)
(9.55061 2.30096e-22 1.24094)
(9.44935 2.6389e-22 1.39196)
(9.34065 3.74122e-21 1.54692)
(9.22524 1.08493e-21 1.70898)
(9.10361 -1.09334e-21 1.88175)
(8.97607 3.69302e-22 2.06906)
(8.8427 0 2.27483)
(8.70335 -2.81441e-20 2.50312)
(8.55759 -2.7084e-20 2.75819)
(8.40466 -7.58522e-20 3.04464)
(8.24336 9.47328e-20 3.36765)
(8.0718 -1.9135e-19 3.73327)
(7.88716 0 4.14878)
(7.68507 7.79272e-20 4.62326)
(7.45871 -1.78352e-21 5.16826)
(7.19712 2.18762e-19 5.79887)
(6.8822 -4.104e-20 6.53504)
(6.48297 -2.69646e-19 7.40343)
(5.94126 2.53154e-19 8.4395)
(5.15944 -2.50515e-19 9.68625)
(3.84221 1.13459e-19 11.1913)
(1.95667 -4.29666e-21 12.711)
(9.99598 -5.75503e-23 0.121887)
(9.98238 -1.81869e-24 0.247856)
(9.95768 -1.12755e-22 0.38165)
(9.92223 -2.38606e-22 0.524301)
(9.87636 -4.73122e-22 0.674156)
(9.82031 -4.77975e-22 0.828338)
(9.75451 9.67306e-22 0.984083)
(9.67976 -1.98515e-21 1.13977)
(9.59707 -1.76481e-21 1.29528)
(9.50747 -7.64338e-22 1.45195)
(9.41193 -2.54888e-21 1.61226)
(9.31132 -1.04645e-21 1.77945)
(9.20634 -6.31282e-21 1.95722)
(9.09758 1.53683e-20 2.14948)
(8.98549 0 2.36028)
(8.87036 0 2.59381)
(8.75237 1.057e-21 2.85448)
(8.63153 7.21276e-20 3.14715)
(8.50765 -3.67914e-20 3.47733)
(8.38022 1.08773e-19 3.85157)
(8.24831 0 4.27802)
(8.11021 -6.81771e-20 4.76712)
(7.96299 1.3016e-19 5.33285)
(7.80154 -1.32667e-19 5.99454)
(7.61667 0 6.78016)
(7.39151 0 7.73218)
(7.08923 -2.76521e-21 8.9201)
(6.6412 1.41578e-19 10.4698)
(5.67735 -2.03222e-19 12.6875)
(3.37283 3.12901e-20 16.6526)
(-0.197203 -3.05594e-19 0.190176)
(-0.616153 8.47189e-19 0.196242)
(-1.04528 -1.05889e-18 0.190696)
(-1.46113 0 0.174408)
(-1.83903 -2.2899e-19 0.146175)
(-2.15584 2.20754e-19 0.10869)
(-2.37592 -1.02784e-19 0.0635736)
(-2.48083 0 0.00929389)
(-2.46393 0 -0.050192)
(-2.29449 0 -0.111003)
(-1.98654 -2.71214e-22 -0.1717)
(-1.51839 2.77632e-22 -0.223814)
(-0.933374 0 -0.262613)
(-0.24369 2.62352e-21 -0.28651)
(0.494112 -1.3158e-21 -0.295075)
(1.26828 0 -0.291731)
(2.04654 5.8632e-22 -0.279347)
(2.80598 5.81851e-22 -0.260604)
(3.52941 -1.9808e-22 -0.237889)
(4.2052 1.06075e-22 -0.213344)
(4.82657 0 -0.187982)
(5.38944 -2.1517e-23 -0.163134)
(5.891 2.92721e-23 -0.139946)
(6.332 -4.6126e-24 -0.118855)
(6.71672 4.1031e-24 -0.0999266)
(7.05031 -1.36865e-24 -0.0831997)
(7.33721 0 -0.0686519)
(7.58149 0 -0.0561374)
(7.78727 -1.1642e-26 -0.0454773)
(7.99411 0 -0.0372768)
(-0.195813 5.84615e-19 0.595534)
(-0.625938 2.70996e-19 0.609058)
(-1.07396 0 0.592835)
(-1.50868 4.8108e-19 0.547165)
(-1.90258 8.93137e-19 0.468906)
(-2.22987 -4.47261e-19 0.360644)
(-2.45862 -3.13574e-19 0.226411)
(-2.5678 2.81107e-19 0.0663403)
(-2.54546 -1.80085e-19 -0.106942)
(-2.36128 7.5079e-20 -0.281898)
(-2.03005 -2.36426e-20 -0.451665)
(-1.53332 -3.39265e-20 -0.599153)
(-0.915661 0 -0.707407)
(-0.197432 0 -0.775982)
(0.567399 -1.01293e-21 -0.804569)
(1.36591 -1.5155e-21 -0.800884)
(2.16597 -6.0549e-23 -0.772452)
(2.94521 -1.06386e-21 -0.726228)
(3.68692 -4.31508e-22 -0.668398)
(4.38012 -2.17309e-22 -0.604254)
(5.01862 -8.45087e-23 -0.537499)
(5.59809 4.94842e-23 -0.471729)
(6.11606 8.50953e-24 -0.409701)
(6.57352 -1.01181e-23 -0.352528)
(6.97454 6.15888e-24 -0.300497)
(7.32396 0 -0.253811)
(7.62602 0 -0.212505)
(7.88462 -5.54633e-27 -0.176302)
(8.10346 1.68351e-26 -0.144815)
(8.32218 -3.4586e-26 -0.118512)
(-0.195226 4.19118e-18 1.03225)
(-0.650431 -2.62356e-19 1.04898)
(-1.13631 0 1.01686)
(-1.60643 7.52528e-21 0.935389)
(-2.03327 0 0.801947)
(-2.38829 6.13911e-19 0.615899)
(-2.64048 -1.21666e-18 0.382931)
(-2.76334 1.99083e-19 0.107805)
(-2.7383 -1.63877e-19 -0.190544)
(-2.53823 1.98786e-19 -0.494105)
(-2.17354 -8.11432e-20 -0.78612)
(-1.63614 9.27781e-20 -1.0345)
(-0.976892 -2.95979e-20 -1.21542)
(-0.218434 6.74802e-21 -1.3272)
(0.576312 -4.68448e-21 -1.37125)
(1.39799 -1.45434e-21 -1.36164)
(2.21392 0 -1.31102)
(3.00289 -5.02336e-23 -1.23103)
(3.74938 7.51976e-23 -1.13202)
(4.44355 8.08122e-23 -1.0227)
(5.08001 -1.49583e-23 -0.909777)
(5.65534 1.49331e-23 -0.798946)
(6.16811 1.68011e-23 -0.694252)
(6.62017 1.62089e-23 -0.597567)
(7.01591 1.88349e-25 -0.509593)
(7.36024 -2.0499e-24 -0.430705)
(7.65758 0 -0.360898)
(7.91199 0 -0.299664)
(8.12708 0 -0.246201)
(8.34261 3.43418e-26 -0.200029)
(-0.199537 0 1.52158)
(-0.696331 -3.73726e-18 1.53697)
(-1.24012 1.88536e-18 1.48666)
(-1.76628 1.34603e-18 1.36841)
(-2.24585 0 1.17447)
(-2.64542 -5.86367e-21 0.903044)
(-2.93074 -7.80781e-19 0.561214)
(-3.06961 8.66261e-19 0.158722)
(-3.03309 0 -0.282551)
(-2.79904 1.04438e-19 -0.731378)
(-2.37115 -1.55217e-19 -1.15767)
(-1.77274 -5.55945e-20 -1.50785)
(-1.04982 5.48942e-20 -1.75902)
(-0.234009 -2.50594e-21 -1.90608)
(0.601747 -3.64581e-21 -1.95591)
(1.45406 2.72041e-21 -1.93237)
(2.29018 -8.94932e-22 -1.85313)
(3.09077 1.58406e-21 -1.73445)
(3.84212 0 -1.5908)
(4.53599 8.30048e-23 -1.43406)
(5.16834 -8.02078e-23 -1.27367)
(5.737 -1.52619e-22 -1.11722)
(6.24182 -2.24966e-23 -0.969816)
(6.68561 -1.08215e-23 -0.834025)
(7.0732 7.16643e-24 -0.710895)
(7.40971 2.10362e-24 -0.600811)
(7.69982 2.48817e-26 -0.503547)
(7.94781 -2.44306e-26 -0.418249)
(8.15733 -2.1448e-26 -0.343663)
(8.36767 0 -0.278665)
(-0.214349 -4.10762e-18 2.08232)
(-0.773596 3.81307e-18 2.09149)
(-1.3969 1.79604e-18 2.02024)
(-1.99955 -3.42489e-18 1.86104)
(-2.55106 1.66153e-18 1.60082)
(-3.00999 -3.88698e-19 1.23163)
(-3.33069 8.05469e-19 0.761262)
(-3.47525 -4.58615e-19 0.207416)
(-3.40277 3.41146e-19 -0.404747)
(-3.10165 0 -1.02007)
(-2.5795 1.55973e-20 -1.5899)
(-1.89514 -4.9871e-20 -2.04146)
(-1.089 7.296e-20 -2.35558)
(-0.208846 -3.28537e-20 -2.52567)
(0.672336 1.56205e-20 -2.56955)
(1.55615 0 -2.52277)
(2.41132 -8.56267e-22 -2.40757)
(3.221 8.16484e-22 -2.24462)
(3.97391 0 -2.05224)
(4.66377 0 -1.84511)
(5.28819 -2.65988e-22 -1.63522)
(5.84645 1.02567e-22 -1.43196)
(6.33983 -9.74172e-24 -1.24136)
(6.77212 2.21154e-23 -1.06643)
(7.14861 -7.40063e-24 -0.908392)
(7.4747 3.57807e-25 -0.767521)
(7.75532 0 -0.643269)
(7.99498 0 -0.534381)
(8.19735 2.12536e-26 -0.439151)
(8.4009 0 -0.355915)
(-0.246003 0 2.73181)
(-0.888394 3.65656e-18 2.73589)
(-1.61299 -3.65886e-18 2.64045)
(-2.31301 -2.11013e-19 2.43227)
(-2.94732 -2.05603e-19 2.09058)
(-3.46658 7.88212e-19 1.60376)
(-3.81 -1.47197e-18 0.973335)
(-3.9274 1.12407e-18 0.226595)
(-3.77755 -3.37736e-19 -0.589681)
(-3.36466 0 -1.39382)
(-2.72065 0 -2.10704)
(-1.93046 0 -2.64946)
(-1.03253 -2.08944e-20 -3.01095)
(-0.0957071 3.59164e-20 -3.18578)
(0.826387 -1.49825e-20 -3.20999)
(1.73399 0 -3.1291)
(2.59985 -2.09556e-21 -2.96965)
(3.41013 -1.57324e-21 -2.75632)
(4.15647 0 -2.51084)
(4.83492 -7.83344e-23 -2.25052)
(5.44473 3.33608e-22 -1.98961)
(5.98678 -9.24646e-23 -1.73888)
(6.4638 -5.79556e-23 -1.50496)
(6.88043 -2.83352e-23 -1.29113)
(7.24231 7.43967e-25 -1.09871)
(7.55504 -7.32767e-25 -0.927749)
(7.82376 -5.74564e-26 -0.777297)
(8.0531 5.66564e-26 -0.64564)
(8.24674 1.18748e-27 -0.530592)
(8.44189 -1.10728e-25 -0.429959)
(-0.299603 1.8242e-18 3.48812)
(-1.04223 -1.73473e-18 3.48657)
(-1.88192 1.85412e-18 3.36232)
(-2.68462 -2.97849e-18 3.09285)
(-3.3979 1.75153e-18 2.64404)
(-3.95692 -2.91743e-19 1.99978)
(-4.28714 -9.72143e-20 1.16576)
(-4.32431 1.40769e-19 0.175067)
(-4.04272 2.11867e-20 -0.879502)
(-3.47821 0 -1.88134)
(-2.69885 1.57828e-20 -2.72327)
(-1.79748 0 -3.33726)
(-0.81549 1.13057e-20 -3.72027)
(0.155317 -1.5473e-20 -3.8773)
(1.1039 1.43852e-20 -3.86863)
(2.01899 4.84437e-21 -3.74309)
(2.87988 3.53297e-21 -3.53156)
(3.67626 -5.777e-22 -3.26248)
(4.40291 7.72015e-22 -2.96037)
(5.05846 5.01025e-22 -2.64511)
(5.64389 0 -2.33268)
(6.16165 8.98253e-23 -2.03463)
(6.61573 6.99736e-23 -1.75797)
(7.01136 -6.70802e-24 -1.50615)
(7.35435 0 -1.28042)
(7.65033 0 -1.08052)
(7.90449 1.4806e-24 -0.90502)
(8.12145 -6.14852e-26 -0.751696)
(8.30475 -3.05452e-27 -0.617858)
(8.48998 9.51151e-27 -0.500779)
(-0.369637 1.84854e-18 4.36288)
(-1.21435 1.72954e-18 4.35046)
(-2.16391 -1.57456e-18 4.18466)
(-3.05073 0 3.83011)
(-3.81375 1.00608e-19 3.23924)
(-4.37111 8.81657e-19 2.38713)
(-4.63207 -8.77018e-19 1.28966)
(-4.52375 3.34548e-19 0.00637344)
(-4.06509 -3.77516e-19 -1.30833)
(-3.33083 -1.35103e-19 -2.4948)
(-2.42021 1.4917e-19 -3.43869)
(-1.42539 0 -4.09355)
(-0.389236 -1.05989e-20 -4.46587)
(0.587077 -3.1389e-20 -4.58368)
(1.53807 1.38119e-20 -4.5306)
(2.43751 -4.54283e-21 -4.35115)
(3.27186 0 -4.08104)
(4.03485 -2.5592e-21 -3.75221)
(4.72463 -2.04417e-22 -3.39162)
(5.34248 -1.24461e-21 -3.02123)
(5.89117 4.65002e-23 -2.65809)
(6.3746 2.66413e-23 -2.31407)
(6.79768 6.47893e-23 -1.99631)
(7.16592 -2.27399e-23 -1.7083)
(7.48502 7.86762e-25 -1.45107)
(7.76044 -5.32792e-25 -1.22394)
(7.99716 -1.57715e-24 -1.02496)
(8.19956 -6.69596e-26 -0.851382)
(8.37092 6.87058e-26 -0.700019)
(8.54475 1.01533e-25 -0.567621)
(-0.441177 -2.76323e-20 5.34399)
(-1.35669 -8.72321e-19 5.30615)
(-2.37645 7.68333e-19 5.07884)
(-3.30195 0 4.60783)
(-4.06435 -9.47968e-20 3.82961)
(-4.56484 0 2.71509)
(-4.69385 5.78806e-20 1.29479)
(-4.37655 4.74828e-20 -0.322729)
(-3.72312 1.04621e-20 -1.89354)
(-2.82863 0 -3.22995)
(-1.81421 -6.39269e-20 -4.23611)
(-0.758409 7.60211e-20 -4.89227)
(0.259965 -5.7128e-21 -5.21519)
(1.22785 -2.11217e-21 -5.2854)
(2.14982 -6.66659e-21 -5.17708)
(3.00577 -6.97662e-21 -4.93601)
(3.78804 1.895e-21 -4.60266)
(4.49489 4.96715e-22 -4.21209)
(5.12814 -3.3137e-22 -3.79336)
(5.69148 4.68539e-22 -3.36968)
(6.18953 -2.66425e-23 -2.95841)
(6.62741 4.57153e-23 -2.57134)
(7.01053 -7.55324e-23 -2.2155)
(7.34434 1.78583e-23 -1.89422)
(7.63416 -2.39129e-24 -1.60818)
(7.88498 0 -1.3562)
(8.10127 -1.48228e-24 -1.13582)
(8.28693 -9.7916e-25 -0.94378)
(8.44475 -6.81243e-26 -0.776435)
(8.60575 0 -0.630043)
(-0.484247 -2.36127e-19 6.37813)
(-1.39688 1.19226e-20 6.29752)
(-2.41105 -2.91342e-21 5.98557)
(-3.30551 -3.98155e-19 5.36875)
(-4.00582 4.11207e-19 4.36039)
(-4.38828 -3.97101e-19 2.92781)
(-4.30812 7.52159e-19 1.12908)
(-3.75468 -2.79318e-19 -0.835677)
(-2.92667 9.70786e-20 -2.62532)
(-1.9142 0 -4.05955)
(-0.847218 3.19717e-20 -5.07978)
(0.192059 -2.52697e-20 -5.68447)
(1.16351 3.85272e-20 -5.9465)
(2.08816 5.06092e-21 -5.95966)
(2.94614 4.68651e-21 -5.7863)
(3.72729 0 -5.47787)
(4.42972 0 -5.07911)
(5.05635 2.35618e-21 -4.62758)
(5.61242 -1.59548e-21 -4.1536)
(6.10405 -2.64646e-22 -3.68065)
(6.53745 7.15333e-23 -3.22575)
(6.91854 -1.81144e-22 -2.80026)
(7.25278 0 -2.41082)
(7.54522 0 -2.06036)
(7.80051 0 -1.74912)
(8.02283 -5.59949e-24 -1.47538)
(8.21583 1.77135e-24 -1.23621)
(8.38266 1.56357e-24 -1.02791)
(8.52546 3.51427e-26 -0.846406)
(8.67231 0 -0.68754)
(-0.45923 -2.75978e-21 7.37074)
(-1.25293 3.80796e-20 7.23107)
(-2.1552 -9.02626e-20 6.8209)
(-2.93347 0 6.04048)
(-3.50769 0 4.76997)
(-3.70234 -2.06427e-19 2.9704)
(-3.30461 1.10554e-20 0.747132)
(-2.56009 9.25669e-21 -1.51971)
(-1.61662 1.15134e-19 -3.46678)
(-0.55951 3.86926e-20 -4.94147)
(0.458033 -7.15805e-20 -5.90077)
(1.4165 -2.6807e-20 -6.4319)
(2.32392 1.32284e-21 -6.6342)
(3.16143 -1.38224e-20 -6.57933)
(3.91793 0 -6.33398)
(4.59138 0 -5.95572)
(5.1859 6.73539e-22 -5.49278)
(5.70874 1.90905e-21 -4.9842)
(6.16821 1.46544e-21 -4.46051)
(6.57243 -7.08987e-23 -3.94454)
(6.92865 7.09966e-23 -3.45249)
(7.243 1.76624e-22 -2.99491)
(7.52058 0 -2.57775)
(7.76567 -2.54338e-24 -2.20336)
(7.9819 2.54088e-24 -1.87141)
(8.17236 -3.78123e-25 -1.57971)
(8.33962 3.59241e-24 -1.32488)
(8.48584 -7.50729e-25 -1.10288)
(8.61233 1.71518e-27 -0.9093)
(8.74388 -1.70611e-27 -0.739665)
(-0.334516 4.62299e-19 8.18019)
(-0.857061 -3.43227e-19 7.97611)
(-1.51597 4.66423e-21 7.46876)
(-2.08096 -2.2394e-19 6.5174)
(-2.45526 -2.77915e-19 4.97743)
(-2.33195 -1.92682e-19 2.79212)
(-1.58997 -5.41413e-19 0.187945)
(-0.750175 2.56695e-20 -2.31554)
(0.222932 -1.17198e-19 -4.37582)
(1.1579 9.1046e-21 -5.7482)
(2.07178 4.30956e-20 -6.6435)
(2.93364 6.27832e-21 -7.11676)
(3.72233 2.83225e-21 -7.24651)
(4.42516 -3.35623e-21 -7.11459)
(5.04026 1.44776e-21 -6.79463)
(5.57314 0 -6.34869)
(6.03322 -5.93517e-21 -5.82696)
(6.43133 -2.10165e-21 -5.26871)
(6.77798 -3.05207e-23 -4.7036)
(7.08233 -9.37594e-23 -4.15322)
(7.3518 4.90245e-22 -3.63242)
(7.5921 0 -3.15062)
(7.80745 -1.36822e-22 -2.71283)
(8.00097 4.75604e-23 -2.32065)
(8.17497 3.55907e-24 -1.97318)
(8.3312 4.28587e-24 -1.66783)
(8.47097 -3.108e-24 -1.40088)
(8.59529 0 -1.16801)
(8.70452 0 -0.964643)
(8.8199 0 -0.78608)
(-0.102204 0 8.64453)
(-0.185758 -4.40783e-19 8.40439)
(-0.463472 5.61891e-19 7.87305)
(-0.71748 5.46863e-19 6.84092)
(-0.76536 -2.34902e-21 5.10695)
(-0.137773 7.00815e-19 2.30943)
(0.868962 1.70396e-19 -0.647713)
(1.60914 0 -3.12824)
(2.41754 0 -5.07549)
(3.23374 0 -6.45169)
(4.0095 -1.23729e-20 -7.29733)
(4.70903 1.16656e-20 -7.69562)
(5.31866 -3.20197e-20 -7.74378)
(5.83714 0 -7.53323)
(6.2716 0 -7.14292)
(6.63383 7.42416e-21 -6.63737)
(6.9372 -4.5274e-23 -6.06707)
(7.19461 -3.50142e-23 -5.47027)
(7.41724 7.63247e-23 -4.87499)
(7.614 5.98649e-22 -4.30097)
(7.79145 -4.78414e-22 -3.76145)
(7.95407 -1.86298e-22 -3.26443)
(8.10465 1.34406e-22 -2.81387)
(8.24479 -4.67057e-23 -2.41061)
(8.37523 -2.73433e-24 -2.05326)
(8.49622 0 -1.73887)
(8.6077 2.06432e-25 -1.46354)
(8.70947 -1.52508e-25 -1.22282)
(8.80092 -5.34419e-26 -1.01206)
(8.89956 0 -0.826502)
(0.234747 3.62593e-19 8.59098)
(0.764424 2.13654e-19 8.38367)
(1.02249 -2.3575e-19 7.91843)
(1.24767 -2.67962e-19 6.77136)
(1.76569 -6.78411e-19 4.68899)
(2.78795 -8.17284e-21 1.84773)
(3.63872 5.76959e-19 -1.13423)
(4.32386 -4.40273e-19 -3.72521)
(5.0099 1.63765e-19 -5.70219)
(5.65073 -5.80254e-20 -7.03411)
(6.20995 7.67524e-20 -7.80343)
(6.67415 -2.14824e-20 -8.11758)
(7.04533 0 -8.08521)
(7.33372 -2.32569e-20 -7.80409)
(7.55415 1.8147e-20 -7.35598)
(7.72273 -7.08351e-21 -6.8056)
(7.8546 1.10028e-20 -6.20218)
(7.96261 -5.88719e-23 -5.58186)
(8.05676 5.99564e-23 -4.97038)
(8.14419 6.7208e-22 -4.38538)
(8.22949 -4.34236e-24 -3.83827)
(8.31512 1.69418e-22 -3.33566)
(8.40193 -7.64965e-24 -2.88051)
(8.48964 7.70902e-24 -2.47304)
(8.57732 -3.91414e-23 -2.11148)
(8.66366 6.99681e-25 -1.79269)
(8.74722 3.92391e-24 -1.51272)
(8.82663 1.38636e-24 -1.26714)
(8.90035 0 -1.05138)
(8.98214 0 -0.860765)
(0.81083 1.1916e-18 7.54605)
(2.08925 -3.92452e-19 7.73953)
(2.92646 -7.88402e-19 7.49473)
(3.65347 1.44034e-18 6.32243)
(4.59579 -2.75054e-19 4.17088)
(5.84284 3.07067e-19 1.24543)
(6.72109 -6.75337e-19 -1.76428)
(7.37108 7.33026e-19 -4.30291)
(7.88823 -1.41502e-19 -6.19106)
(8.27983 0 -7.42875)
(8.5511 0 -8.10523)
(8.71905 1.5762e-20 -8.33616)
(8.80492 1.16172e-20 -8.23517)
(8.83054 4.36127e-20 -7.90176)
(8.81649 -1.5428e-20 -7.41693)
(8.78066 -8.68857e-21 -6.84321)
(8.73726 -5.33718e-21 -6.22697)
(8.69673 -1.15573e-22 -5.60146)
(8.66603 1.17818e-22 -4.98983)
(8.64914 -1.25927e-21 -4.40758)
(8.64765 -4.97373e-22 -3.86448)
(8.66138 0 -3.36599)
(8.68887 -7.86548e-24 -2.91432)
(8.72786 7.93877e-24 -2.50928)
(8.77566 3.87472e-23 -2.14892)
(8.82951 0 -1.83012)
(8.8867 -4.58801e-24 -1.54903)
(8.94479 -1.37669e-24 -1.30141)
(9.00142 0 -1.08291)
(9.06672 0 -0.889053)
(9.99642 1.10343e-22 0.126639)
(9.98432 -3.47062e-24 0.25754)
(9.96237 1.15589e-22 0.396603)
(9.93093 2.2348e-22 0.544883)
(9.89035 4.55428e-22 0.700614)
(9.84091 4.59964e-22 0.860732)
(9.78308 -9.30543e-22 1.02228)
(9.71768 -1.97733e-21 1.18349)
(9.64573 2.00216e-21 1.34414)
(9.56835 0 1.50553)
(9.48658 2.95977e-21 1.67013)
(9.40146 2.97462e-21 1.84122)
(9.3139 1.01417e-20 2.0225)
(9.22479 4.10093e-21 2.21795)
(9.13495 -8.18685e-21 2.43163)
(9.0452 0 2.66775)
(8.95634 3.37941e-20 2.93075)
(8.86925 -3.38929e-20 3.2255)
(8.7849 0 3.55754)
(8.70437 -3.36019e-20 3.93352)
(8.62897 0 4.36171)
(8.56036 -5.92001e-20 4.85287)
(8.50073 -5.83256e-20 5.42155)
(8.45333 -4.94589e-20 6.08821)
(8.42362 1.90014e-19 6.88311)
(8.42295 0 7.85347)
(8.47801 1.05478e-20 9.07814)
(8.71703 -4.6415e-20 10.695)
(9.72378 3.35672e-20 12.9309)
(10.635 2.17465e-19 16.5887)
(9.99688 -5.43432e-25 0.130958)
(9.98634 -5.33236e-23 0.266326)
(9.96725 -1.10562e-22 0.410131)
(9.93996 9.81101e-25 0.563438)
(9.90484 -6.84213e-24 0.72437)
(9.8622 3.44752e-23 0.889684)
(9.81256 -9.11399e-22 1.05624)
(9.75675 1.81171e-21 1.2221)
(9.69584 -2.29072e-21 1.38694)
(9.63097 -3.19411e-21 1.552)
(9.56329 0 1.7197)
(9.49398 0 1.89329)
(9.42419 0 2.07646)
(9.35506 2.29247e-20 2.27313)
(9.28782 -7.74269e-21 2.48732)
(9.22377 -1.53405e-20 2.72312)
(9.16438 3.11326e-20 2.98483)
(9.11136 -3.11009e-20 3.27709)
(9.06684 -9.13311e-20 3.60513)
(9.03348 6.08638e-20 3.97513)
(9.01484 0 4.39469)
(9.01582 -1.66545e-19 4.87346)
(9.04363 3.70708e-19 5.42417)
(9.10944 -1.1422e-19 6.06399)
(9.23203 -1.61748e-19 6.81666)
(9.4458 0 7.7151)
(9.8117 -7.57065e-21 8.80314)
(10.4145 0 10.1301)
(11.6053 -1.5772e-19 11.6392)
(12.8613 1.46506e-19 12.8825)
(9.99736 -5.34278e-23 0.134764)
(9.98845 5.20569e-23 0.274061)
(9.97233 1.0788e-22 0.422022)
(9.94935 -2.12072e-22 0.579714)
(9.91987 4.44793e-22 0.745145)
(9.88424 4.48e-22 0.914899)
(9.843 9.15318e-22 1.08564)
(9.797 1.82248e-21 1.25528)
(9.74731 2.196e-22 1.42336)
(9.69513 3.11741e-21 1.591)
(9.64171 0 1.76058)
(9.58834 -3.51146e-21 1.93526)
(9.53637 3.5439e-21 2.11865)
(9.48723 -1.47794e-20 2.31456)
(9.44249 0 2.52683)
(9.4039 1.48881e-20 2.75935)
(9.37352 -2.91077e-20 3.01609)
(9.35385 5.7457e-20 3.30123)
(9.34798 2.91781e-20 3.61936)
(9.35992 2.72173e-20 3.9757)
(9.39499 -1.06095e-19 4.3764)
(9.46051 5.75108e-20 4.82883)
(9.56689 4.87098e-20 5.34196)
(9.72937 -1.20405e-19 5.92651)
(9.9706 2.11362e-20 6.59448)
(10.3243 1.36046e-19 7.3569)
(10.838 0 8.21607)
(11.5391 2.90364e-20 9.15389)
(12.5647 4.73661e-20 10.1081)
(13.9892 -4.98013e-19 10.8117)
(9.99785 0 0.138006)
(9.99061 3.90814e-25 0.280632)
(9.97754 -3.91898e-25 0.432092)
(9.95897 2.0048e-22 0.593442)
(9.93526 -4.08314e-22 0.762589)
(9.90677 -4.11027e-22 0.935946)
(9.87408 -8.16034e-22 1.10999)
(9.83802 -1.67078e-21 1.28246)
(9.79969 0 1.45275)
(9.7603 -3.33918e-21 1.62186)
(9.72116 3.36323e-21 1.79205)
(9.68368 6.9226e-21 1.96638)
(9.64938 -6.96882e-21 2.1483)
(9.61991 0 2.34144)
(9.59714 1.36168e-20 2.5494)
(9.58321 2.74652e-20 2.77573)
(9.58065 -5.46722e-20 3.02393)
(9.59253 7.96582e-20 3.29755)
(9.62271 -5.33762e-20 3.60027)
(9.67605 -2.64091e-20 3.93601)
(9.75892 0 4.30902)
(9.87975 -1.59169e-19 4.72384)
(10.0499 1.78926e-19 5.1851)
(10.2846 1.28632e-19 5.69691)
(10.6041 -1.27602e-19 6.26137)
(11.0344 -1.88179e-19 6.87596)
(11.6097 1.81597e-19 7.52896)
(12.3556 -3.25712e-20 8.19639)
(13.3439 3.35126e-20 8.86197)
(14.7874 3.7098e-19 9.4181)
(9.99834 0 0.140644)
(9.99277 9.58608e-23 0.285969)
(9.98275 0 0.440239)
(9.96859 -1.95725e-22 0.604492)
(9.95064 0 0.77653)
(9.92931 9.82884e-23 0.952604)
(9.90517 8.95246e-22 1.12902)
(9.87906 1.99403e-22 1.30332)
(9.85207 4.01253e-22 1.47476)
(9.8254 -2.35333e-21 1.64419)
(9.80041 1.58516e-21 1.81372)
(9.77859 -6.44088e-21 1.98624)
(9.76157 -3.26938e-21 2.16504)
(9.75118 -1.94938e-20 2.35347)
(9.7495 -1.73587e-22 2.55483)
(9.75894 0 2.77225)
(9.78235 -2.54519e-20 3.00867)
(9.82318 4.95592e-20 3.26687)
(9.88564 -4.97006e-20 3.54951)
(9.97501 0 3.85907)
(10.0979 0 4.19784)
(10.2628 -2.20978e-20 4.56764)
(10.4803 0 4.96938)
(10.7639 -9.70133e-20 5.40232)
(11.1301 1.13665e-19 5.86275)
(11.5989 -1.1713e-20 6.34244)
(12.1954 0 6.82669)
(12.9434 2.31191e-21 7.2904)
(13.8647 1.08031e-22 7.70712)
(15.1397 -2.92815e-21 7.99604)
(9.99884 0 0.142642)
(9.99497 -8.77991e-23 0.289995)
(9.98804 -5.83151e-24 0.446347)
(9.97833 -2.34331e-23 0.612705)
(9.96617 -2.35535e-23 0.78677)
(9.95198 4.21863e-22 0.964645)
(9.93634 -3.72911e-22 1.14246)
(9.92008 -1.89264e-21 1.31758)
(9.90425 -1.51825e-21 1.4891)
(9.89005 6.33727e-23 1.6577)
(9.87885 6.14698e-21 1.82531)
(9.87218 3.17309e-21 1.99464)
(9.87174 -6.12239e-21 2.16872)
(9.87946 6.28208e-21 2.35065)
(9.89756 1.21244e-20 2.54335)
(9.92857 1.19927e-20 2.74947)
(9.97551 0 2.97134)
(10.0419 0 3.21097)
(10.1321 -4.50559e-20 3.46996)
(10.2513 4.47882e-20 3.74946)
(10.4057 8.15854e-20 4.04999)
(10.6031 -2.51281e-19 4.37114)
(10.8525 1.49492e-19 4.71112)
(11.165 -1.14003e-21 5.06606)
(11.5531 0 5.42902)
(12.0308 1.15859e-20 5.78879)
(12.6133 0 6.12837)
(13.3136 3.85799e-20 6.42133)
(14.1296 -4.22042e-20 6.63356)
(15.189 5.98834e-22 6.71772)
(9.99934 4.43443e-23 0.143967)
(9.99714 -5.6045e-24 0.292643)
(9.99325 2.81107e-23 0.450315)
(9.98791 -2.25427e-23 0.617948)
(9.98146 0 0.79315)
(9.9743 -3.65898e-22 0.971885)
(9.96702 1.82119e-21 1.15011)
(9.96041 1.8345e-21 1.32505)
(9.95548 2.88606e-23 1.49558)
(9.95338 2.97485e-21 1.66222)
(9.95546 -4.01756e-23 1.82671)
(9.96324 -5.86987e-21 1.99153)
(9.97846 1.59805e-22 2.15947)
(10.0031 0 2.33329)
(10.0393 -2.9205e-20 2.51554)
(10.0897 2.27275e-20 2.70838)
(10.1573 0 2.91356)
(10.2456 4.34504e-20 3.13231)
(10.3585 -4.3303e-20 3.36532)
(10.501 8.0039e-20 3.61256)
(10.6784 -6.05495e-20 3.87318)
(10.8974 1.86844e-20 4.14515)
(11.1651 0 4.42488)
(11.4897 9.54417e-20 4.70669)
(11.8798 -1.09102e-19 4.98207)
(12.3435 0 5.23884)
(12.8882 0 5.46026)
(13.5181 2.36001e-21 5.62374)
(14.2239 0 5.70165)
(15.0948 -6.12234e-22 5.66827)
(9.99983 -8.60154e-23 0.144592)
(9.99929 0 0.293863)
(9.99841 0 0.452072)
(9.99741 2.15756e-22 0.620132)
(9.99657 1.29155e-22 0.795562)
(9.9963 0 0.974201)
(9.99716 -7.05469e-22 1.15186)
(9.99991 -1.4018e-21 1.32558)
(10.0055 1.41881e-21 1.49409)
(10.0149 0 1.6577)
(10.0296 5.58425e-21 1.81795)
(10.051 8.39475e-21 1.97708)
(10.0807 5.57496e-21 2.13759)
(10.1207 -5.564e-21 2.30196)
(10.1731 5.47524e-21 2.47232)
(10.2405 -1.10246e-20 2.6504)
(10.3256 0 2.83738)
(10.4316 0 3.03385)
(10.5623 0 3.23971)
(10.7216 0 3.45407)
(10.9142 -1.85451e-20 3.67506)
(11.1452 1.29394e-19 3.89965)
(11.4197 -1.20741e-19 4.12327)
(11.7433 1.03037e-19 4.33951)
(12.1209 -1.46757e-20 4.53969)
(12.5565 -8.60915e-20 4.71243)
(13.052 -9.69294e-20 4.84345)
(13.6066 9.94135e-20 4.91555)
(14.2089 1.62848e-20 4.90906)
(14.9196 -1.61474e-20 4.80841)
(10.0003 -4.57527e-24 0.144495)
(10.0014 4.64725e-23 0.293607)
(10.0034 2.08402e-23 0.45154)
(10.0066 -2.31041e-22 0.619151)
(10.0112 -1.26861e-22 0.793883)
(10.0176 0 0.971468)
(10.0263 0 1.14759)
(10.0381 1.34368e-21 1.31912)
(10.0536 0 1.48461)
(10.074 1.33962e-21 1.6442)
(10.1005 -6.73335e-21 1.7992)
(10.1343 2.61469e-21 1.9516)
(10.1772 -5.38986e-21 2.10365)
(10.231 5.10391e-21 2.25749)
(10.2975 -3.10743e-20 2.41492)
(10.3792 4.08279e-20 2.57725)
(10.4786 1.91758e-20 2.7452)
(10.5985 -3.93582e-20 2.91882)
(10.742 0 3.09745)
(10.9123 -8.73755e-21 3.27959)
(11.1131 -6.53073e-20 3.46277)
(11.3479 6.49417e-20 3.64346)
(11.6203 -7.39316e-21 3.81679)
(11.9334 0 3.97646)
(12.2894 8.82672e-20 4.11449)
(12.6893 -1.49449e-19 4.2212)
(13.1318 6.30992e-20 4.28531)
(13.6131 1.35643e-21 4.29429)
(14.1219 0 4.2348)
(14.7005 0 4.09757)
(10.0008 4.01532e-23 0.143668)
(10.0034 -4.03228e-23 0.291864)
(10.0082 0 0.448713)
(10.0154 -1.59449e-22 0.615007)
(10.0252 0 0.788122)
(10.0379 3.19127e-22 0.963703)
(10.0541 0 1.13732)
(10.0742 -1.27287e-23 1.30571)
(10.0992 9.36536e-24 1.46726)
(10.1297 -3.84663e-21 1.62191)
(10.167 2.56964e-21 1.77076)
(10.2123 -2.57987e-21 1.91557)
(10.2669 0 2.05833)
(10.3327 1.4828e-20 2.20089)
(10.4112 -3.42567e-20 2.34474)
(10.5047 4.53526e-22 2.49084)
(10.6152 1.90819e-20 2.63954)
(10.7451 3.58486e-20 2.79052)
(10.897 -1.4489e-21 2.94273)
(11.0732 -9.91875e-20 3.09433)
(11.2764 6.50595e-20 3.2426)
(11.5088 0 3.38391)
(11.7725 -6.63125e-21 3.51359)
(12.0687 -5.97937e-21 3.62591)
(12.398 -5.46149e-21 3.71406)
(12.7591 0 3.77028)
(13.1491 -4.99351e-20 3.7861)
(13.5629 5.01907e-20 3.75281)
(13.9904 6.16774e-23 3.66196)
(14.4625 0 3.50863)
(10.0012 3.80446e-23 0.142106)
(10.0053 0 0.288625)
(10.0128 7.65791e-23 0.443579)
(10.0239 2.32507e-22 0.607689)
(10.0385 -1.54405e-22 0.778276)
(10.0572 -1.57189e-22 0.950923)
(10.0804 3.08229e-22 1.12111)
(10.1084 -1.54807e-21 1.28546)
(10.142 2.47227e-21 1.44221)
(10.1819 0 1.59111)
(10.2289 2.42939e-21 1.73307)
(10.2843 -4.86339e-21 1.86963)
(10.3492 4.83859e-21 2.00252)
(10.4251 4.5787e-21 2.13334)
(10.5135 -1.39049e-20 2.26332)
(10.6161 9.24489e-21 2.39316)
(10.7348 0 2.52295)
(10.8714 4.23226e-21 2.65211)
(11.0277 -4.06568e-21 2.77941)
(11.2055 1.19424e-20 2.90288)
(11.4064 0 3.01981)
(11.6317 -5.00986e-20 3.12677)
(11.8822 5.99113e-20 3.21956)
(12.158 3.06228e-21 3.29328)
(12.4581 0 3.34244)
(12.7804 6.4988e-20 3.3611)
(13.1212 -6.66637e-20 3.34321)
(13.4751 0 3.28302)
(13.8336 -2.73567e-20 3.17556)
(14.2204 2.69471e-20 3.01861)
(10.0016 -3.71614e-23 0.13981)
(10.0071 3.67394e-23 0.283897)
(10.0171 -1.11925e-22 0.436158)
(10.0317 -1.11948e-22 0.597238)
(10.051 7.44079e-23 0.764417)
(10.0752 0 0.93324)
(10.1048 -2.95614e-22 1.09912)
(10.1401 2.96699e-22 1.2586)
(10.1816 -5.96175e-22 1.40977)
(10.2299 0 1.55223)
(10.2856 0 1.6867)
(10.3498 2.24715e-21 1.8145)
(10.4234 -9.14485e-21 1.93717)
(10.5077 6.77527e-21 2.05609)
(10.6039 -1.09297e-20 2.17228)
(10.7133 1.09041e-20 2.28623)
(10.8374 0 2.39789)
(10.9776 -3.60976e-20 2.50656)
(11.1351 3.59653e-20 2.61094)
(11.311 -3.80872e-21 2.70912)
(11.5062 0 2.7986)
(11.7212 -3.36602e-21 2.87631)
(11.9558 -3.00088e-21 2.93867)
(12.2093 8.45494e-23 2.98171)
(12.4801 0 3.00117)
(12.7654 0 2.99271)
(13.0616 -5.42129e-20 2.95223)
(13.3636 5.37752e-20 2.87612)
(13.6644 -3.19969e-20 2.76172)
(13.9828 3.24538e-20 2.60839)
(10.002 0 0.136788)
(10.0088 -8.9012e-23 0.277694)
(10.0212 8.86578e-23 0.42647)
(10.0392 7.13095e-23 0.583686)
(10.0627 -2.13091e-22 0.746601)
(10.0921 -1.41311e-22 0.910747)
(10.1276 2.81858e-22 1.07151)
(10.1695 0 1.22536)
(10.2181 0 1.37028)
(10.2738 5.55388e-22 1.50574)
(10.3372 1.11162e-21 1.63227)
(10.4088 -2.22359e-21 1.75102)
(10.4897 0 1.86334)
(10.5806 -2.17826e-21 1.97045)
(10.6826 1.04478e-20 2.07321)
(10.7967 -8.40098e-21 2.17199)
(10.9238 1.76739e-20 2.26665)
(11.0651 -2.8979e-20 2.35649)
(11.2211 4.41619e-20 2.44026)
(11.3925 -1.47716e-21 2.51623)
(11.5795 -2.75804e-20 2.58219)
(11.7821 4.68841e-20 2.63554)
(11.9994 -4.69275e-20 2.67339)
(12.2304 -3.65932e-20 2.69261)
(12.4729 7.70073e-20 2.69006)
(12.7242 -3.58615e-20 2.66271)
(12.9808 4.61939e-22 2.6079)
(13.2384 2.26692e-20 2.52355)
(13.4914 -4.91048e-21 2.40842)
(13.7549 -1.78062e-20 2.26282)
(10.0024 -2.52793e-23 0.133057)
(10.0104 5.99125e-23 0.270052)
(10.0249 -1.03471e-22 0.414576)
(10.0459 3.43868e-23 0.567125)
(10.0733 1.60866e-24 0.724956)
(10.1073 2.75597e-22 0.88362)
(10.1481 -3.80493e-24 1.03851)
(10.1959 5.37686e-22 1.18605)
(10.2508 -8.20815e-24 1.32415)
(10.313 -5.4381e-22 1.45216)
(10.3828 -1.03605e-21 1.57045)
(10.4608 -1.00584e-21 1.68002)
(10.5475 -9.90221e-22 1.78209)
(10.6435 4.1348e-21 1.87771)
(10.7495 1.97729e-21 1.96765)
(10.8664 -1.98731e-21 2.05222)
(10.9946 -1.93183e-21 2.13128)
(11.1349 1.07116e-20 2.20416)
(11.2874 -2.82134e-20 2.26978)
(11.4525 -1.40802e-20 2.32663)
(11.6298 2.62887e-20 2.37287)
(11.8188 4.38705e-23 2.40639)
(12.0186 1.41976e-21 2.42492)
(12.2277 -2.58361e-21 2.42614)
(12.4439 0 2.4078)
(12.6646 -5.28962e-22 2.36789)
(12.8868 0 2.3048)
(13.1067 0 2.21748)
(13.3201 2.00144e-20 2.10557)
(13.5395 -3.54217e-20 1.96985)
(10.0027 3.30104e-23 0.128643)
(10.0118 -6.58252e-23 0.26103)
(10.0283 0 0.400579)
(10.052 -6.58564e-23 0.547706)
(10.0829 6.60995e-23 0.699686)
(10.1211 2.62197e-22 0.852121)
(10.1666 -2.13634e-24 1.00044)
(10.2196 -1.04517e-21 1.14107)
(10.2799 -1.03417e-21 1.27187)
(10.3476 1.39412e-23 1.39207)
(10.4229 -9.95336e-22 1.50196)
(10.5059 3.05368e-21 1.60238)
(10.5971 -1.00663e-21 1.69443)
(10.6967 0 1.77906)
(10.8053 -1.93944e-21 1.85699)
(10.9233 -6.41704e-21 1.92851)
(11.051 7.36583e-21 1.99349)
(11.1887 1.77839e-21 2.05141)
(11.3363 1.66052e-21 2.10135)
(11.4938 1.63458e-21 2.14208)
(11.6605 0 2.17212)
(11.8358 7.49502e-22 2.18985)
(12.0184 2.07568e-20 2.19355)
(12.2069 -1.95557e-20 2.18157)
(12.3991 -5.71478e-22 2.15237)
(12.5928 0 2.10471)
(12.7853 0 2.03771)
(12.9736 -1.22786e-20 1.95098)
(13.1543 1.19868e-20 1.84468)
(13.3382 8.69202e-21 1.7198)
(10.003 1.56036e-23 0.123569)
(10.013 6.33861e-23 0.250673)
(10.0313 -4.75309e-23 0.384541)
(10.0575 6.3261e-23 0.525521)
(10.0915 -6.35142e-23 0.670928)
(10.1333 2.52184e-22 0.816447)
(10.183 -3.75446e-22 0.957585)
(10.2404 -3.7053e-22 1.09079)
(10.3054 1.24141e-21 1.2139)
(10.3777 -4.96896e-22 1.32609)
(10.4574 0 1.42752)
(10.5444 1.9096e-21 1.51895)
(10.6388 -2.38909e-21 1.60137)
(10.7408 -4.60848e-22 1.67567)
(10.8507 -9.01806e-22 1.74251)
(10.9685 -9.03051e-22 1.80222)
(11.0944 0 1.85475)
(11.2284 6.55011e-21 1.89969)
(11.3701 -7.41483e-21 1.93634)
(11.5193 1.27663e-20 1.96375)
(11.6752 -6.58191e-22 1.98079)
(11.8369 7.55164e-24 1.98624)
(12.0033 -1.07814e-20 1.97889)
(12.1728 -3.0194e-22 1.9576)
(12.3436 5.65037e-22 1.92141)
(12.5136 -1.55578e-20 1.86959)
(12.6807 1.57605e-20 1.80178)
(12.8425 1.2626e-20 1.71799)
(12.9965 -2.38181e-20 1.61868)
(13.1517 1.08439e-20 1.50488)
(10.0032 -1.52432e-23 0.117872)
(10.0141 -1.49228e-25 0.239061)
(10.0339 -7.59501e-23 0.366598)
(10.0622 9.09129e-23 0.500765)
(10.0989 -6.16003e-23 0.638936)
(10.1439 -1.84434e-22 0.776914)
(10.1971 3.62988e-22 0.910316)
(10.2583 -2.3959e-22 1.03566)
(10.3271 -2.41422e-22 1.15079)
(10.4032 -7.04859e-22 1.25482)
(10.4863 9.4435e-22 1.34785)
(10.5762 0 1.43055)
(10.6729 4.60474e-22 1.50382)
(10.7762 4.5214e-22 1.56852)
(10.8862 4.32707e-21 1.6253)
(11.0029 -3.45962e-21 1.67451)
(11.126 0 1.71619)
(11.2555 5.4813e-21 1.75009)
(11.3907 -2.92059e-22 1.7757)
(11.5314 -6.43954e-21 1.79233)
(11.6766 -1.13216e-20 1.79918)
(11.8255 2.14032e-20 1.79537)
(11.9768 -1.07424e-20 1.7801)
(12.1291 3.63524e-24 1.75262)
(12.281 -8.60182e-21 1.71239)
(12.4306 8.31785e-21 1.65908)
(12.5762 3.63511e-24 1.59263)
(12.7159 1.07484e-22 1.51331)
(12.8478 1.87989e-22 1.42168)
(12.9796 5.07444e-22 1.31877)
(10.0035 0 0.111586)
(10.0151 0 0.226268)
(10.0362 1.50301e-23 0.346869)
(10.0664 -5.87203e-23 0.473611)
(10.1054 5.91483e-23 0.603948)
(10.1531 -5.89874e-23 0.733828)
(10.2093 5.76741e-23 0.859018)
(10.2736 1.16795e-22 0.976133)
(10.3455 5.69273e-22 1.08305)
(10.4246 1.01107e-22 1.17887)
(10.5102 -1.79681e-21 1.26364)
(10.6022 -6.39094e-22 1.33795)
(10.7002 1.54811e-21 1.40264)
(10.804 -4.23365e-22 1.45854)
(10.9133 -3.29836e-21 1.50629)
(11.028 6.93143e-21 1.5463)
(11.1477 -3.22839e-21 1.57869)
(11.2721 -4.86249e-21 1.60336)
(11.4007 -1.25858e-22 1.61999)
(11.5329 1.0664e-20 1.62812)
(11.6679 -5.23699e-21 1.6272)
(11.8047 3.21179e-22 1.61667)
(11.9423 4.61282e-22 1.59602)
(12.0794 -8.6326e-21 1.56483)
(12.2147 1.74448e-20 1.52284)
(12.3468 -8.32196e-21 1.46997)
(12.4742 0 1.40638)
(12.5955 -1.06273e-22 1.33244)
(12.7092 9.95401e-23 1.24878)
(12.8222 -1.73626e-22 1.15634)
(10.0037 6.98085e-24 0.104745)
(10.016 7.0046e-24 0.21235)
(10.0382 9.39712e-26 0.325431)
(10.07 2.84848e-23 0.44416)
(10.111 -2.8203e-23 0.566097)
(10.1609 1.68415e-22 0.687375)
(10.2196 -3.35828e-22 0.803941)
(10.2865 2.77732e-22 0.912541)
(10.3609 -7.71563e-22 1.01111)
(10.4422 5.50826e-22 1.09876)
(10.5298 1.06937e-22 1.17547)
(10.623 -4.26013e-22 1.2418)
(10.7216 2.11719e-22 1.29853)
(10.8251 -1.2051e-21 1.34645)
(10.9331 1.63024e-21 1.38623)
(11.0452 -3.96562e-22 1.4183)
(11.1611 0 1.44289)
(11.2803 2.52158e-21 1.46)
(11.4023 -3.27194e-21 1.4695)
(11.5263 1.76574e-22 1.4711)
(11.6517 0 1.4645)
(11.7775 -3.16306e-22 1.44935)
(11.9028 -1.50071e-22 1.42539)
(12.0264 0 1.39241)
(12.1474 0 1.35036)
(12.2645 0 1.29933)
(12.3766 0 1.23958)
(12.4827 3.31054e-21 1.17156)
(12.5815 -6.48354e-21 1.09587)
(12.6791 2.97975e-21 1.01335)
(10.0038 0 0.0973916)
(10.0167 0 0.197411)
(10.0398 0 0.302463)
(10.0729 -1.34964e-23 0.412671)
(10.1154 2.67017e-23 0.525722)
(10.1671 -5.44014e-23 0.637958)
(10.2277 5.43821e-23 0.745544)
(10.2965 5.40394e-23 0.845387)
(10.3728 0 0.935513)
(10.4557 -1.04216e-22 1.01504)
(10.5445 3.06252e-22 1.08394)
(10.6384 -2.0688e-22 1.14272)
(10.737 0 1.1921)
(10.8395 1.46028e-21 1.23287)
(10.9457 -1.56782e-21 1.26567)
(11.055 0 1.29099)
(11.1669 -1.81747e-22 1.30913)
(11.2809 0 1.3202)
(11.3964 0 1.32419)
(11.5128 2.75726e-21 1.32099)
(11.6294 -2.52674e-21 1.31045)
(11.7452 -4.74275e-21 1.29242)
(11.8596 1.86316e-22 1.26678)
(11.9716 2.6247e-22 1.23352)
(12.0802 2.6471e-22 1.19269)
(12.1846 2.65226e-22 1.14449)
(12.2839 3.8312e-21 1.08924)
(12.3772 0 1.02739)
(12.4638 -5.09556e-23 0.959513)
(12.5489 -1.38546e-21 0.886335)
(10.004 3.23148e-24 0.0895614)
(10.0173 -3.26097e-24 0.181519)
(10.0412 0 0.278062)
(10.0754 1.32054e-23 0.379278)
(10.1192 -1.29947e-23 0.482997)
(10.1725 -2.60105e-23 0.585802)
(10.2346 1.55468e-22 0.684105)
(10.305 -1.03864e-22 0.775006)
(10.3826 1.52197e-22 0.85664)
(10.4666 -1.02041e-22 0.928166)
(10.556 -3.95918e-22 0.989534)
(10.6501 7.88253e-22 1.0412)
(10.7481 -3.92305e-22 1.08386)
(10.8494 8.46249e-22 1.11826)
(10.9535 -8.47348e-22 1.14504)
(11.0597 1.33927e-21 1.16472)
(11.1675 -1.25996e-21 1.17764)
(11.2765 -1.34671e-21 1.18401)
(11.3859 1.35527e-21 1.18391)
(11.4953 0 1.17737)
(11.6038 -7.76984e-23 1.16435)
(11.7108 2.27098e-21 1.14484)
(11.8156 -2.28702e-21 1.11884)
(11.9175 -1.68182e-23 1.08644)
(12.0156 0 1.04779)
(12.1093 -1.88278e-21 1.00312)
(12.1979 1.89624e-21 0.952773)
(12.2807 1.69713e-21 0.897185)
(12.3572 -3.19825e-21 0.836868)
(12.4322 3.08295e-21 0.772453)
(10.0041 0 0.0812853)
(10.0177 3.14861e-24 0.164738)
(10.0423 -7.10796e-27 0.252335)
(10.0773 1.87776e-23 0.344135)
(10.1221 -2.51655e-23 0.438132)
(10.1765 -2.53746e-23 0.531172)
(10.2397 -2.48819e-23 0.619943)
(10.3111 9.8815e-23 0.701762)
(10.3897 -2.51917e-23 0.774894)
(10.4743 0 0.838549)
(10.564 -3.81796e-22 0.892669)
(10.6578 3.84355e-22 0.937671)
(10.7549 0 0.974203)
(10.8547 0 1.00297)
(10.9565 9.05956e-23 1.0246)
(11.0596 8.84524e-23 1.03963)
(11.1635 -1.38466e-21 1.04843)
(11.2677 2.61233e-21 1.05126)
(11.3715 -2.57128e-21 1.0483)
(11.4744 1.26867e-21 1.03964)
(11.5758 1.17092e-21 1.02534)
(11.6751 -3.63701e-23 1.00548)
(11.7716 -1.07994e-21 0.980157)
(11.8647 -1.01558e-21 0.949499)
(11.9539 2.01847e-21 0.913705)
(12.0386 -9.78812e-22 0.873038)
(12.1183 -1.42554e-23 0.827829)
(12.1924 -8.60997e-22 0.778473)
(12.2607 8.40598e-22 0.725425)
(12.3274 7.38726e-22 0.669219)
(10.0042 2.98546e-24 0.0725907)
(10.0182 9.09506e-24 0.147125)
(10.0433 1.21657e-23 0.225371)
(10.079 -3.05205e-23 0.307369)
(10.1247 4.87753e-23 0.391289)
(10.1799 -2.44324e-23 0.474265)
(10.2441 3.64025e-23 0.553287)
(10.3163 0 0.625912)
(10.3954 7.04971e-23 0.690557)
(10.4803 -7.17367e-23 0.746489)
(10.5699 2.31333e-23 0.793648)
(10.6632 2.27975e-23 0.832412)
(10.7593 -2.24197e-23 0.863375)
(10.8574 4.40022e-23 0.887195)
(10.9568 -3.41848e-22 0.904479)
(11.0569 3.44191e-22 0.915742)
(11.1571 -6.48838e-22 0.921383)
(11.2568 6.94312e-22 0.921698)
(11.3556 0 0.9169)
(11.4527 -5.90685e-22 0.907145)
(11.5479 5.76628e-22 0.892562)
(11.6404 8.88151e-24 0.873274)
(11.7298 -1.69087e-23 0.849423)
(11.8155 4.30017e-24 0.82118)
(11.8972 -9.63223e-22 0.788758)
(11.9744 5.15386e-23 0.752418)
(12.0467 9.25439e-22 0.712468)
(12.1138 -1.34311e-23 0.669261)
(12.1754 -3.9405e-22 0.623186)
(12.2354 7.56899e-22 0.574692)
(10.0042 -2.91657e-24 0.063496)
(10.0185 0 0.128723)
(10.0441 5.86116e-24 0.19725)
(10.0803 -5.91085e-24 0.269102)
(10.1265 -2.34493e-23 0.342634)
(10.1823 4.69962e-23 0.415287)
(10.247 -4.11385e-23 0.484378)
(10.3196 -1.15575e-23 0.547725)
(10.3989 0 0.603909)
(10.4838 -1.24676e-22 0.652267)
(10.5731 7.95086e-23 0.692738)
(10.6656 -2.96502e-25 0.725656)
(10.7605 2.20003e-23 0.751558)
(10.8568 -2.18784e-23 0.771044)
(10.954 3.1006e-22 0.78468)
(11.0512 -3.33249e-22 0.792955)
(11.148 3.55012e-22 0.796266)
(11.2437 -3.16915e-22 0.794919)
(11.3379 -6.1227e-22 0.78915)
(11.4301 1.17201e-21 0.779149)
(11.5198 -5.69459e-22 0.765074)
(11.6065 8.57977e-24 0.747081)
(11.6899 5.16532e-22 0.725331)
(11.7694 -5.18425e-22 0.700008)
(11.8449 4.69669e-22 0.671323)
(11.9158 -4.84209e-22 0.63952)
(11.9821 6.89803e-24 0.604875)
(12.0433 1.98571e-23 0.567692)
(12.0994 0 0.528301)
(12.154 -1.62399e-22 0.487073)
(10.0043 1.39937e-24 0.0540049)
(10.0188 1.4067e-24 0.109553)
(10.0448 -8.51782e-24 0.168031)
(10.0816 8.55695e-24 0.229438)
(10.1283 0 0.29231)
(10.1845 2.83112e-24 0.354407)
(10.2496 -1.68055e-23 0.413399)
(10.3224 -1.06786e-23 0.467386)
(10.4018 8.92767e-23 0.515128)
(10.4865 -3.34706e-23 0.556042)
(10.5753 -1.09827e-23 0.590065)
(10.6669 -3.23533e-23 0.617487)
(10.7605 1.05269e-23 0.638777)
(10.8552 -1.84838e-22 0.654467)
(10.9502 1.85584e-22 0.665067)
(11.0448 0 0.671024)
(11.1385 9.66317e-24 0.672712)
(11.2307 -2.87778e-22 0.670428)
(11.321 3.17765e-22 0.664411)
(11.4089 -4.43931e-24 0.654859)
(11.4939 8.663e-24 0.641942)
(11.5758 2.07874e-24 0.625824)
(11.6541 -2.01567e-24 0.606669)
(11.7285 9.66867e-25 0.584655)
(11.7988 1.86075e-24 0.55998)
(11.8647 0 0.53286)
(11.9261 -2.06878e-22 0.503533)
(11.9826 2.08792e-22 0.472255)
(12.0344 0 0.439299)
(12.0847 -1.9493e-22 0.404965)
(10.0044 -1.35429e-24 0.0440908)
(10.0192 2.0521e-24 0.0895868)
(10.0456 2.74518e-24 0.137727)
(10.0827 -5.54741e-24 0.188454)
(10.1297 1.37629e-24 0.240462)
(10.1861 1.09419e-23 0.291839)
(10.2513 -3.56175e-23 0.340621)
(10.3242 1.9278e-23 0.385205)
(10.4034 0 0.424539)
(10.4878 0 0.458125)
(10.5759 -5.27248e-24 0.485905)
(10.6666 1.04975e-23 0.508119)
(10.759 -8.63436e-23 0.525166)
(10.8521 7.15755e-24 0.537499)
(10.9451 -7.07516e-23 0.545561)
(11.0374 3.0923e-22 0.549744)
(11.1284 -1.904e-23 0.550381)
(11.2176 -1.63389e-22 0.547743)
(11.3045 0 0.542055)
(11.3888 4.35768e-24 0.533503)
(11.47 0 0.522253)
(11.5478 -2.04068e-24 0.508459)
(11.622 0 0.492274)
(11.6922 -2.12713e-27 0.47386)
(11.7584 -1.18678e-27 0.453388)
(11.8202 0 0.431042)
(11.8776 3.3791e-24 0.407019)
(11.9305 -9.78224e-23 0.381528)
(11.9788 1.98666e-22 0.354786)
(12.0256 -1.03487e-22 0.32703)
(10.0046 0 0.0336695)
(10.0198 1.32022e-24 0.0687173)
(10.0467 -4.66807e-24 0.106214)
(10.0842 -2.64902e-24 0.145954)
(10.1315 4.04193e-24 0.186796)
(10.1881 -2.69044e-24 0.227205)
(10.2534 1.35027e-24 0.265613)
(10.3262 2.6647e-24 0.300725)
(10.4052 0 0.331678)
(10.4891 2.06355e-23 0.358053)
(10.5766 -1.56231e-23 0.379792)
(10.6664 0 0.397078)
(10.7577 -5.01642e-24 0.410227)
(10.8494 -4.92632e-24 0.419606)
(10.9407 -8.06352e-23 0.425575)
(11.031 -8.88448e-26 0.428458)
(11.1198 7.92463e-23 0.428533)
(11.2065 4.49464e-24 0.426034)
(11.2907 -1.36941e-22 0.421154)
(11.372 1.38976e-22 0.414056)
(11.4501 0 0.404886)
(11.5248 0 0.393778)
(11.5957 -1.20958e-22 0.380864)
(11.6627 1.21348e-22 0.36628)
(11.7256 1.10275e-22 0.350165)
(11.7842 -2.20778e-22 0.332667)
(11.8386 1.05372e-22 0.313941)
(11.8886 -3.1836e-24 0.294149)
(11.9342 0 0.273456)
(11.9785 1.45233e-24 0.252042)
(10.0048 3.1856e-25 0.0225576)
(10.0207 -6.46969e-25 0.0472303)
(10.0483 6.51264e-25 0.0743911)
(10.0862 -2.59525e-24 0.103284)
(10.1337 2.62095e-24 0.132931)
(10.1904 -5.18084e-24 0.162252)
(10.2556 1.81418e-23 0.190123)
(10.3283 -1.04042e-23 0.215593)
(10.407 0 0.238023)
(10.4905 -2.00951e-23 0.257105)
(10.5774 2.02526e-23 0.272791)
(10.6664 -1.23311e-24 0.285213)
(10.7567 -1.21358e-24 0.294603)
(10.8472 0 0.301231)
(10.9371 0 0.305365)
(11.0259 3.44368e-24 0.307248)
(11.1128 0 0.307092)
(11.1976 0 0.305073)
(11.2797 0 0.301343)
(11.3587 -1.03569e-24 0.296027)
(11.4345 -2.50377e-25 0.28924)
(11.5067 6.09691e-23 0.281087)
(11.5752 -6.09339e-23 0.271667)
(11.6398 -4.55396e-25 0.261084)
(11.7003 0 0.249441)
(11.7566 8.46603e-25 0.236847)
(11.8087 8.15953e-25 0.223412)
(11.8566 2.53243e-23 0.209254)
(11.9003 -2.47195e-23 0.194488)
(11.9427 -7.99661e-27 0.179242)
(10.0059 -9.45761e-28 0.00823832)
(10.0237 -1.5747e-25 0.0215508)
(10.0522 0 0.0379601)
(10.0901 0 0.0557722)
(10.1373 3.17485e-25 0.0742091)
(10.1937 -3.17226e-25 0.0926029)
(10.2586 -1.26927e-24 0.110196)
(10.3307 6.29017e-25 0.126326)
(10.4089 0 0.14055)
(10.4917 9.8037e-24 0.152649)
(10.5779 4.08163e-25 0.162585)
(10.6662 -2.76202e-23 0.17044)
(10.7556 2.1003e-23 0.176363)
(10.8451 5.82577e-25 0.18053)
(10.934 0 0.183119)
(11.0216 -5.62648e-25 0.184293)
(11.1073 -3.4439e-23 0.184193)
(11.1907 1.65257e-24 0.182939)
(11.2713 6.64636e-23 0.180633)
(11.3488 -1.15829e-24 0.177361)
(11.423 -3.17725e-23 0.173199)
(11.4936 -2.98299e-23 0.168216)
(11.5604 3.00403e-23 0.162479)
(11.6233 -4.45332e-25 0.156052)
(11.6822 0 0.149001)
(11.737 -6.22106e-25 0.141393)
(11.7876 -3.9926e-25 0.133296)
(11.8341 1.12847e-23 0.124781)
(11.8765 -1.21418e-23 0.115917)
(11.9176 1.95945e-24 0.106782)
(9.99522 0 -0.000174937)
(10.0041 -1.5337e-25 0.00329707)
(10.0214 0 0.00855785)
(10.048 3.08811e-25 0.0145227)
(10.0849 -1.24218e-24 0.0208806)
(10.1324 2.1725e-24 0.0273939)
(10.1895 -1.662e-26 0.0337535)
(10.2552 -1.8617e-24 0.0396736)
(10.328 0 0.0449547)
(10.4064 -2.40513e-24 0.0494898)
(10.4888 -2.9268e-24 0.0532452)
(10.574 1.06583e-25 0.0562385)
(10.6608 4.13524e-24 0.0585181)
(10.748 -5.73495e-25 0.0601466)
(10.8349 -8.86063e-24 0.0611899)
(10.9206 8.37491e-24 0.06171)
(11.0046 0 0.0617619)
(11.0863 -5.24697e-25 0.061393)
(11.1653 0 0.0606436)
(11.2412 0 0.0595484)
(11.3138 6.03034e-26 0.0581376)
(11.3829 0 0.0564386)
(11.4481 0 0.054477)
(11.5095 0 0.0522776)
(11.5669 0 0.049865)
(11.6203 -6.60162e-24 0.0472638)
(11.6695 6.04879e-24 0.0444986)
(11.7146 0 0.0415944)
(11.7557 0 0.0385752)
(11.7956 2.21876e-24 0.0354695)
(13.0341 -4.05225e-19 14.2642)
(9.97298 -5.75204e-19 11.4315)
(4.49159 1.48691e-18 8.62874)
(13.7994 0 11.0399)
(13.3713 6.93097e-19 9.2928)
(12.2508 6.02038e-20 7.97676)
(14.8641 5.59569e-19 10.4891)
(15.4528 6.65002e-21 9.91818)
(15.6149 0 9.25207)
(15.6771 -4.71302e-19 9.43404)
(16.4195 -6.39904e-21 9.23623)
(16.9178 -9.6933e-19 8.88942)
(15.8925 5.01076e-19 7.97749)
(16.5894 -4.86969e-19 7.83515)
(17.1442 7.25189e-19 7.58756)
(15.8053 -7.04857e-22 6.65912)
(16.3979 0 6.52151)
(16.8926 -2.96016e-21 6.31174)
(15.593 0 5.5838)
(16.0715 0 5.44269)
(16.4718 -1.6739e-21 5.24866)
(15.3185 0 4.70771)
(15.6976 0 4.56443)
(16.0127 -1.33165e-19 4.38231)
(15.02 0 3.99127)
(15.3209 -6.66762e-20 3.85301)
(15.5691 -2.21507e-20 3.68625)
(14.7199 0 3.40382)
(14.9603 -4.70667e-24 3.27496)
(15.1573 -1.0724e-22 3.12495)
(14.4291 -6.72895e-21 2.91892)
(14.6227 6.75344e-21 2.80102)
(14.7805 1.07953e-22 2.66728)
(14.1532 1.69253e-20 2.51562)
(14.3102 -2.60845e-20 2.40898)
(14.4378 9.20603e-21 2.29038)
(13.8949 -9.68275e-23 2.17772)
(14.0234 0 2.08198)
(14.1274 1.9756e-22 1.97714)
(13.6554 1.89789e-20 1.89254)
(13.7613 -1.32867e-20 1.80703)
(13.8468 1.32256e-20 1.71454)
(13.4348 -1.07966e-20 1.65007)
(13.5228 -8.27781e-21 1.57398)
(13.5937 8.01005e-21 1.49248)
(13.2328 1.28387e-22 1.44233)
(13.3065 0 1.37483)
(13.3659 8.9684e-21 1.30312)
(13.0483 5.74735e-21 1.26293)
(13.1107 -5.77868e-21 1.20321)
(13.1607 -4.91449e-21 1.14019)
(12.8809 -2.56366e-23 1.10671)
(12.934 -6.00272e-24 1.05402)
(12.9767 5.15196e-21 0.998753)
(12.7297 5.19475e-23 0.969429)
(12.7754 5.93228e-24 0.923101)
(12.8122 2.93614e-21 0.874738)
(12.5929 1.74796e-21 0.847669)
(12.6326 0 0.807105)
(12.6645 4.71867e-23 0.764932)
(12.4709 -8.90642e-23 0.738627)
(12.5058 -7.23349e-23 0.703302)
(12.5338 -1.65703e-21 0.666706)
(12.3618 -1.78445e-21 0.639857)
(12.3928 8.71918e-22 0.609313)
(12.4177 8.36354e-22 0.577764)
(12.2663 -1.22196e-23 0.549471)
(12.2942 -4.39811e-22 0.52332)
(12.3165 3.82702e-25 0.496377)
(12.1821 2.24207e-22 0.46571)
(12.2075 2.14847e-22 0.44362)
(12.2278 -1.94359e-23 0.420909)
(12.1105 2.29831e-22 0.387228)
(12.1339 0 0.36893)
(12.1526 0 0.350152)
(12.0497 -1.06409e-26 0.312728)
(12.0715 1.07392e-22 0.298002)
(12.089 -1.09045e-22 0.28291)
(12.0013 1.30036e-24 0.241029)
(12.0219 -5.33189e-23 0.229706)
(12.0384 1.06926e-22 0.218116)
(11.9645 -2.1223e-25 0.171412)
(11.9842 2.63156e-23 0.16337)
(12 -2.59561e-23 0.155144)
(11.9388 1.3235e-23 0.102084)
(11.9579 -1.32679e-23 0.097253)
(11.9733 -1.34808e-23 0.0923146)
(11.816 -1.87479e-25 0.033865)
(11.8345 -3.28854e-24 0.0322103)
(11.8494 3.95309e-25 0.0305225)
(0.411544 3.95498e-19 6.27697)
(3.54337 -7.49038e-19 6.40993)
(5.0922 9.67648e-20 6.26811)
(6.25462 0 5.07335)
(7.60619 -1.22944e-18 2.87296)
(9.06732 8.88998e-19 0.122098)
(10.0115 3.56154e-19 -2.55477)
(10.5694 -1.48008e-19 -4.81633)
(10.8525 -1.13437e-19 -6.49892)
(10.9314 -4.7235e-21 -7.58859)
(10.8628 -1.08417e-20 -8.15923)
(10.6973 0 -8.3175)
(10.4756 -2.53292e-20 -8.17068)
(10.2289 -2.02329e-20 -7.8129)
(9.98055 1.56385e-20 -7.31993)
(9.74691 6.39475e-21 -6.74954)
(9.53858 0 -6.14402)
(9.36155 0 -5.53337)
(9.21825 1.48617e-21 -4.93828)
(9.1086 9.74162e-23 -4.37247)
(9.03068 4.68145e-22 -3.84456)
(8.98139 1.02718e-23 -3.35927)
(8.95689 -1.55654e-22 -2.91846)
(8.953 -6.09278e-23 -2.52181)
(8.96547 5.91619e-24 -2.16749)
(8.99022 -1.50705e-24 -1.85258)
(9.02352 -3.50651e-24 -1.57352)
(9.06202 0 -1.32639)
(9.10274 0 -1.10717)
(9.15232 -1.33447e-25 -0.911712)
(9.97208 -6.57604e-19 6.68767)
(9.76031 -1.05747e-18 5.91508)
(10.1159 1.05914e-18 5.12264)
(10.9329 0 3.74842)
(12.0863 -1.73509e-19 1.66228)
(13.1162 1.53028e-19 -0.750171)
(13.6977 -2.74383e-19 -3.08256)
(13.8942 -1.0957e-19 -5.04665)
(13.7885 1.01776e-19 -6.50076)
(13.4692 8.43245e-20 -7.43608)
(13.0191 -6.93633e-20 -7.9155)
(12.5063 -2.48054e-20 -8.03025)
(11.9808 4.53256e-20 -7.87381)
(11.4758 -3.82421e-20 -7.52893)
(11.0122 -1.50577e-20 -7.06256)
(10.6015 3.18349e-21 -6.52593)
(10.2485 -1.99663e-21 -5.95674)
(9.95348 1.47371e-21 -5.38193)
(9.71391 -2.78213e-21 -4.82027)
(9.52538 1.73319e-22 -4.28443)
(9.38254 -4.77911e-22 -3.78247)
(9.27954 0 -3.31896)
(9.21041 1.49099e-22 -2.89584)
(9.16928 4.55914e-23 -2.51306)
(9.15062 -4.12752e-23 -2.16915)
(9.14933 1.54511e-24 -1.86164)
(9.16084 -1.82012e-24 -1.58742)
(9.18116 0 -1.34302)
(9.20681 8.42421e-25 -1.12487)
(9.24121 1.29877e-25 -0.929256)
(15.2989 8.72967e-21 7.97707)
(15.2634 2.2926e-20 6.58903)
(15.4981 0 5.09254)
(16.0459 1.04697e-18 3.3141)
(16.7158 -9.00099e-19 1.18036)
(17.0671 -1.99609e-20 -1.06769)
(17.0737 5.22693e-19 -3.14024)
(16.7686 -4.66195e-19 -4.84772)
(16.2159 1.71399e-19 -6.10895)
(15.5039 6.38583e-20 -6.93007)
(14.7156 5.2808e-20 -7.36345)
(13.9166 -3.05686e-20 -7.48177)
(13.1523 1.82138e-20 -7.36098)
(12.4507 6.06547e-21 -7.06968)
(11.8265 -2.09357e-20 -6.66467)
(11.2851 -5.70504e-21 -6.19045)
(10.8256 9.07126e-21 -5.68063)
(10.4436 -1.85558e-21 -5.1599)
(10.1325 1.48456e-21 -4.64602)
(9.88467 -6.57299e-23 -4.15137)
(9.69227 6.5383e-23 -3.68416)
(9.54752 0 -3.24937)
(9.44294 0 -2.84946)
(9.37156 -2.97943e-24 -2.48497)
(9.32698 4.09802e-23 -2.15505)
(9.30345 1.88774e-23 -1.85785)
(9.2959 3.9645e-24 -1.59085)
(9.29994 -5.27083e-25 -1.35116)
(9.3118 7.31578e-26 -1.13571)
(9.33197 0 -0.941268)
(17.4698 7.64693e-19 7.80605)
(17.9501 5.71526e-19 6.3592)
(18.4447 -5.90497e-19 4.68797)
(18.9257 -1.02315e-20 2.81093)
(19.2681 -4.37002e-20 0.816858)
(19.2837 -1.42614e-19 -1.12733)
(18.984 -3.21546e-19 -2.87104)
(18.4022 3.12825e-19 -4.31694)
(17.6093 0 -5.41483)
(16.6944 -1.96949e-19 -6.16224)
(15.736 1.54554e-19 -6.59086)
(14.7945 -6.93137e-20 -6.7511)
(13.9107 0 -6.69958)
(13.1087 0 -6.49024)
(12.3999 1.8753e-20 -6.16992)
(11.7869 -5.84712e-21 -5.77694)
(11.2665 -1.95723e-22 -5.34151)
(10.8322 0 -4.88679)
(10.476 0 -4.43015)
(10.1889 -1.27849e-22 -3.98419)
(9.96221 6.37729e-22 -3.55773)
(9.7872 3.08549e-22 -3.15646)
(9.65582 0 -2.78364)
(9.56064 -7.4205e-25 -2.44064)
(9.49491 7.46734e-25 -2.12736)
(9.45261 3.9719e-25 -1.8427)
(9.42847 0 -1.58482)
(9.41795 0 -1.35145)
(9.41718 -8.69881e-25 -1.14007)
(9.42399 0 -0.94795)
(17.9862 -5.66183e-19 6.7264)
(18.7085 -5.30349e-21 5.5019)
(19.3432 5.07921e-19 4.02121)
(19.8023 -5.52869e-19 2.38373)
(20.0107 -5.21283e-19 0.708413)
(19.8966 6.0793e-19 -0.901142)
(19.4946 0 -2.36287)
(18.8498 2.6258e-19 -3.60737)
(18.027 -2.32523e-19 -4.58787)
(17.1008 4.95734e-20 -5.29222)
(16.1384 2.00936e-20 -5.73582)
(15.193 -1.75778e-20 -5.95118)
(14.3021 0 -5.97845)
(13.4888 1.25394e-20 -5.85854)
(12.7646 -1.83453e-20 -5.62918)
(12.133 0 -5.32293)
(11.5918 -2.30976e-21 -4.9668)
(11.1356 -1.85661e-21 -4.58249)
(10.7571 0 -4.187)
(10.4479 0 -3.7932)
(10.1995 0 -3.41051)
(10.0038 -3.52178e-22 -3.04542)
(9.85268 7.63652e-24 -2.70203)
(9.73895 -7.69541e-24 -2.38256)
(9.65593 5.48656e-25 -2.08775)
(9.5977 -1.52691e-23 -1.81726)
(9.55904 0 -1.56996)
(9.53542 0 -1.34422)
(9.52303 -9.59854e-25 -1.13807)
(9.51731 3.18582e-25 -0.949292)
(17.7154 -3.83086e-21 5.62127)
(18.4455 6.38747e-21 4.6477)
(19.0716 -1.29271e-20 3.44555)
(19.4831 -4.23914e-19 2.10093)
(19.6295 8.69543e-19 0.7179)
(19.503 -2.21036e-19 -0.622639)
(19.1318 -2.40599e-19 -1.8562)
(18.5568 -5.48577e-21 -2.92887)
(17.8278 6.73641e-20 -3.80296)
(17.0019 -3.20139e-20 -4.46307)
(16.1336 -8.26084e-20 -4.91372)
(15.2685 3.29913e-20 -5.17344)
(14.4408 -3.10442e-20 -5.26864)
(13.6734 -1.71996e-20 -5.22883)
(12.9798 2.1904e-20 -5.08322)
(12.3657 -4.91375e-21 -4.85866)
(11.832 -1.69904e-21 -4.57867)
(11.3755 3.23348e-21 -4.26311)
(10.9911 -5.78441e-22 -3.92818)
(10.6723 -1.60527e-22 -3.58669)
(10.4118 6.54286e-22 -3.24841)
(10.2024 0 -2.92041)
(10.037 -1.32494e-22 -2.60753)
(9.90871 0 -2.31274)
(9.81143 3.95141e-23 -2.03758)
(9.73953 0 -1.78243)
(9.68803 -2.69498e-25 -1.54687)
(9.65258 2.6954e-25 -1.32985)
(9.62951 1.90946e-24 -1.12995)
(9.61213 -3.10416e-25 -0.945445)
(17.1564 3.99925e-21 4.67242)
(17.7793 -1.1013e-21 3.89455)
(18.3196 3.57332e-21 2.93407)
(18.6762 -3.24021e-19 1.8498)
(18.8055 6.90381e-19 0.721823)
(18.7162 -1.89324e-19 -0.384329)
(18.4232 -1.48167e-19 -1.41798)
(17.9578 1.56152e-19 -2.33795)
(17.3575 -1.37369e-19 -3.11287)
(16.6651 -5.13913e-20 -3.72516)
(15.923 5.01479e-20 -4.17141)
(15.1691 -1.13741e-20 -4.45976)
(14.4336 2.71087e-20 -4.6062)
(13.7385 1.10252e-20 -4.63105)
(13.0985 0 -4.55618)
(12.5219 -7.58942e-21 -4.40312)
(12.0121 6.99249e-21 -4.19176)
(11.5689 -4.38986e-21 -3.93969)
(11.1897 1.32858e-21 -3.6619)
(10.8699 2.42827e-23 -3.37066)
(10.604 -4.08063e-22 -3.07573)
(10.3863 0 -2.78449)
(10.2105 1.01071e-22 -2.50226)
(10.0709 7.82963e-23 -2.23266)
(9.96175 -7.45892e-23 -1.97785)
(9.87803 -1.71909e-24 -1.73888)
(9.81511 -3.83988e-25 -1.51593)
(9.76889 0 -1.30855)
(9.73594 -9.28755e-25 -1.1158)
(9.70764 -2.07364e-26 -0.936418)
(16.5522 -3.61801e-20 3.88931)
(17.0489 1.42309e-19 3.25749)
(17.4893 -3.65142e-21 2.49015)
(17.7911 3.17743e-21 1.62246)
(17.9146 0 0.708737)
(17.8641 1.23167e-20 -0.201893)
(17.6478 0 -1.06856)
(17.2871 -1.89345e-20 -1.85695)
(16.8093 0 -2.53989)
(16.2456 -1.64627e-20 -3.09956)
(15.6281 0 -3.5285)
(14.9872 0 -3.82837)
(14.3487 2.06552e-20 -4.00785)
(13.733 -2.60076e-20 -4.0802)
(13.1551 0 -4.06119)
(12.6248 7.30485e-21 -3.96746)
(12.1477 -1.63094e-21 -3.81526)
(11.7259 0 -3.61964)
(11.3589 -1.06365e-21 -3.39395)
(11.0442 2.81567e-23 -3.14956)
(10.7781 0 -2.89583)
(10.5562 0 -2.64013)
(10.3736 -9.1926e-23 -2.38805)
(10.2253 -6.51675e-23 -2.14361)
(10.1065 6.29123e-23 -1.90948)
(10.0128 0 -1.68724)
(9.93985 0 -1.47761)
(9.88402 -5.12673e-27 -1.28064)
(9.84212 5.11834e-27 -1.09585)
(9.80383 0 -0.922393)
(15.9906 6.8912e-20 3.26211)
(16.3797 0 2.74097)
(16.7307 0 2.12065)
(16.9804 -1.89018e-19 1.42089)
(17.0946 8.16746e-20 0.677187)
(17.0724 1.055e-19 -0.0741728)
(16.9176 -1.09692e-19 -0.800663)
(16.6432 1.07558e-19 -1.47396)
(16.2681 5.09416e-20 -2.0711)
(15.8146 -5.04735e-20 -2.5756)
(15.3067 0 -2.97822)
(14.7682 0 -3.27667)
(14.2208 0 -3.47453)
(13.6827 -3.9382e-21 -3.57976)
(13.1681 0 -3.60317)
(12.6873 -1.9562e-21 -3.55716)
(12.2472 -1.71315e-21 -3.45456)
(11.8516 1.09779e-21 -3.30787)
(11.5015 -5.19212e-22 -3.12859)
(11.1965 1.28405e-21 -2.92692)
(10.9342 -3.86046e-22 -2.71154)
(10.7117 -6.38963e-23 -2.48957)
(10.5253 2.91704e-22 -2.26661)
(10.3709 4.40055e-23 -2.04688)
(10.2447 -1.30195e-24 -1.83342)
(10.1427 1.41826e-24 -1.6282)
(10.0612 -1.91629e-24 -1.43239)
(9.9969 4.9758e-25 -1.24646)
(9.94695 -9.3882e-25 -1.07032)
(9.89958 0 -0.903515)
(15.4888 6.42227e-20 2.7592)
(15.7943 -6.45073e-20 2.32334)
(16.0731 5.68378e-20 1.81416)
(16.2773 -5.80706e-20 1.24306)
(16.3788 -7.57585e-20 0.633477)
(16.3742 -2.64659e-21 0.0116892)
(16.2644 8.26058e-20 -0.597423)
(16.0566 -4.7455e-21 -1.1712)
(15.763 0 -1.6905)
(15.3995 3.9313e-20 -2.1406)
(14.9838 -4.33666e-20 -2.51182)
(14.5343 0 -2.79971)
(14.0687 0 -3.00456)
(13.6025 1.41693e-20 -3.13051)
(13.1487 -8.40166e-21 -3.18457)
(12.7174 1.52007e-21 -3.17562)
(12.316 -1.31408e-21 -3.11347)
(11.9492 -2.39633e-23 -3.00814)
(11.6194 -1.42592e-22 -2.8693)
(11.3274 -4.19555e-22 -2.70581)
(11.0724 0 -2.52548)
(10.8524 0 -2.33495)
(10.6649 -1.32325e-22 -2.13964)
(10.507 -1.93265e-23 -1.94382)
(10.3754 -5.80151e-23 -1.7507)
(10.2669 -7.19236e-24 -1.56255)
(10.1784 0 -1.38085)
(10.1069 0 -1.20641)
(10.05 9.15901e-25 -1.0395)
(9.99454 -3.95608e-25 -0.88)
(15.0439 7.54705e-22 2.35115)
(15.286 2.8366e-20 1.98296)
(15.5084 1.06814e-20 1.55983)
(15.675 -3.82583e-20 1.08871)
(15.7632 0 0.585235)
(15.7686 6.58867e-20 0.0684076)
(15.6906 -6.40379e-20 -0.443192)
(15.5326 2.94665e-21 -0.931771)
(15.3025 -3.3008e-20 -1.38164)
(15.0112 -2.85393e-21 -1.77999)
(14.6715 3.24465e-20 -2.11762)
(14.2977 0 -2.3891)
(13.9035 1.54233e-21 -2.59271)
(13.5021 -9.21403e-21 -2.72999)
(13.1049 7.36355e-21 -2.80508)
(12.7213 -2.3137e-21 -2.82402)
(12.3584 4.3418e-21 -2.79406)
(12.0217 -5.89133e-22 -2.72302)
(11.7143 -5.34776e-23 -2.61876)
(11.4378 -6.97361e-22 -2.4888)
(11.1926 0 -2.33998)
(10.9779 1.12936e-22 -2.17832)
(10.792 -9.22696e-23 -2.00891)
(10.6329 0 -1.83589)
(10.4981 2.44242e-23 -1.66251)
(10.385 9.13881e-24 -1.49122)
(10.291 -2.48672e-24 -1.32372)
(10.2137 0 -1.16108)
(10.1508 0 -1.00386)
(10.0885 3.85896e-25 -0.852212)
(14.6494 -5.46811e-23 2.01658)
(14.8432 -1.5282e-20 1.70334)
(15.0221 3.96347e-20 1.34834)
(15.1582 -2.44191e-20 0.956016)
(15.2338 2.38363e-22 0.537133)
(15.2444 2.26033e-20 0.105346)
(15.1887 -2.22348e-20 -0.325504)
(15.0679 2.74746e-20 -0.741646)
(14.887 -2.52714e-20 -1.13041)
(14.6531 3.63317e-21 -1.48098)
(14.3758 4.8852e-21 -1.78498)
(14.0653 -1.15129e-20 -2.03677)
(13.7328 1.5278e-20 -2.23353)
(13.3888 -1.02488e-20 -2.37507)
(13.0432 4.90318e-21 -2.46346)
(12.7041 0 -2.50258)
(12.3787 0 -2.49756)
(12.0721 -5.66075e-23 -2.45431)
(11.7881 3.26619e-22 -2.37909)
(11.5289 -5.68764e-22 -2.27808)
(11.2957 2.77909e-22 -2.15715)
(11.0884 -1.10849e-22 -2.0216)
(10.9063 9.04541e-23 -1.87607)
(10.748 4.87567e-23 -1.72448)
(10.6119 -2.86718e-23 -1.57002)
(10.4959 1.00642e-23 -1.41516)
(10.3981 4.53136e-24 -1.26174)
(10.3162 -1.08552e-24 -1.11105)
(10.2486 2.68998e-25 -0.963816)
(10.1805 0 -0.820458)
(14.299 -3.97303e-22 1.73957)
(14.4557 0 1.47162)
(14.6009 6.2224e-21 1.17149)
(14.7126 -6.22621e-21 0.842181)
(14.777 1.30409e-20 0.491255)
(14.7899 -1.27229e-20 0.128629)
(14.7499 1.9553e-20 -0.235344)
(14.6571 -3.70114e-20 -0.590125)
(14.5142 1.97512e-20 -0.925628)
(14.3262 0 -1.23287)
(14.0995 8.20426e-21 -1.50449)
(13.8419 -1.05582e-20 -1.73507)
(13.562 4.34058e-21 -1.92129)
(13.2683 -4.32312e-21 -2.06192)
(12.9688 1.84216e-21 -2.15759)
(12.6709 -1.83947e-21 -2.21055)
(12.3808 0 -2.22427)
(12.1037 2.74627e-22 -2.20306)
(11.8433 -6.49541e-22 -2.15177)
(11.6024 -8.36215e-23 -2.07536)
(11.3825 3.44364e-22 -1.97874)
(11.1844 0 -1.86648)
(11.0079 3.45802e-23 -1.74271)
(10.8524 -6.70544e-23 -1.61103)
(10.7168 7.40135e-24 -1.47445)
(10.5996 -6.48186e-24 -1.33541)
(10.4993 -2.32175e-24 -1.19582)
(10.4142 -1.83336e-24 -1.05704)
(10.343 1.04821e-24 -0.919992)
(10.2704 -7.04953e-26 -0.785254)
(13.9873 5.87176e-21 1.50805)
(14.1154 -5.50805e-21 1.27788)
(14.2342 0 1.02263)
(14.3265 4.61908e-21 0.744412)
(14.3814 2.9546e-21 0.448682)
(14.3951 2.43748e-21 0.14277)
(14.3665 -1.05286e-20 -0.16572)
(14.2948 4.86386e-22 -0.468652)
(14.1815 -1.03362e-21 -0.758034)
(14.0298 3.83015e-22 -1.02651)
(13.8443 0 -1.26778)
(13.6306 4.60937e-21 -1.47688)
(13.3952 -3.54659e-21 -1.65039)
(13.1449 -2.85356e-21 -1.78649)
(12.8863 3.20952e-21 -1.88487)
(12.6256 -1.36164e-21 -1.9466)
(12.3684 4.53826e-22 -1.97387)
(12.1194 6.11277e-22 -1.96972)
(11.8823 0 -1.93777)
(11.66 1.19262e-22 -1.88194)
(11.4545 -1.44523e-23 -1.8062)
(11.2668 0 -1.71443)
(11.0974 0 -1.61021)
(10.9461 -2.50808e-23 -1.49676)
(10.8124 0 -1.37688)
(10.6954 -7.78344e-24 -1.25289)
(10.594 2.91037e-24 -1.12668)
(10.5068 -2.29193e-25 -0.999655)
(10.4329 -2.70638e-25 -0.872835)
(10.3569 0 -0.746936)
(13.7099 -4.04631e-21 1.31278)
(13.8155 -1.28277e-21 1.11441)
(13.9136 5.76645e-21 0.896321)
(13.9906 -2.1868e-22 0.660025)
(14.0375 -1.22221e-21 0.409545)
(14.051 4.16267e-21 0.150313)
(14.0305 -2.44258e-21 -0.11196)
(13.9749 0 -0.371013)
(13.8847 1.12536e-22 -0.620555)
(13.7621 -6.34897e-22 -0.854631)
(13.61 0 -1.06793)
(13.4326 2.65605e-21 -1.25606)
(13.2349 -2.63591e-21 -1.41573)
(13.0219 -3.65857e-22 -1.54486)
(12.7992 9.05736e-22 -1.64255)
(12.5719 -1.16571e-21 -1.70907)
(12.3449 2.89073e-22 -1.74565)
(12.1223 -4.41437e-22 -1.7543)
(11.9077 4.40334e-22 -1.73767)
(11.7039 0 -1.69873)
(11.5131 -4.99706e-23 -1.64066)
(11.3367 3.0619e-23 -1.56666)
(11.1754 -3.05446e-23 -1.47979)
(11.0297 2.45742e-23 -1.38286)
(10.8993 0 -1.27839)
(10.7838 7.61434e-24 -1.16857)
(10.6824 -1.69999e-24 -1.05517)
(10.5944 8.68258e-25 -0.939616)
(10.519 0 -0.822969)
(10.4406 0 -0.706035)
(13.4627 -7.42315e-21 1.1466)
(13.5507 -4.70883e-21 0.975251)
(13.6326 4.43891e-21 0.788269)
(13.6974 1.69815e-21 0.586774)
(13.7377 -2.18206e-21 0.373766)
(13.751 4.87704e-22 0.15326)
(13.7366 4.06322e-24 -0.0702767)
(13.6934 2.25477e-21 -0.292089)
(13.6214 -2.35416e-21 -0.507259)
(13.522 2.52081e-22 -0.710983)
(13.397 -8.38208e-23 -0.898845)
(13.2497 0 -1.06703)
(13.0834 0 -1.21251)
(12.9024 0 -1.33314)
(12.7109 2.62095e-22 -1.42772)
(12.5132 -4.12466e-22 -1.49597)
(12.3134 4.10574e-22 -1.53841)
(12.1151 2.66289e-22 -1.55632)
(11.9217 -2.72488e-22 -1.5515)
(11.7359 -1.35613e-22 -1.5262)
(11.5598 4.15238e-23 -1.48287)
(11.395 3.35193e-23 -1.42411)
(11.2426 2.48099e-23 -1.35245)
(11.1033 0 -1.27032)
(10.9772 0 -1.17995)
(10.8642 -2.69093e-24 -1.08331)
(10.764 0 -0.982067)
(10.6761 0 -0.8776)
(10.6 -6.00739e-25 -0.770965)
(10.5203 3.96762e-25 -0.663016)
(13.2423 3.76641e-21 1.00383)
(13.3163 1.75518e-22 0.855596)
(13.3854 -1.53742e-22 0.694887)
(13.4403 3.18344e-21 0.522546)
(13.4754 -3.17132e-21 0.340843)
(13.4883 -1.07367e-21 0.15283)
(13.4785 1.0479e-21 -0.0381052)
(13.4448 9.58586e-24 -0.22827)
(13.3873 0 -0.413796)
(13.3064 8.43809e-22 -0.59083)
(13.2036 -7.13239e-22 -0.755727)
(13.081 1.19397e-21 -0.905237)
(12.9412 -1.13504e-21 -1.03665)
(12.7874 0 -1.1479)
(12.6229 5.49981e-22 -1.23765)
(12.4512 -6.08392e-22 -1.30528)
(12.2758 -2.77864e-22 -1.35086)
(12.0998 3.54752e-22 -1.37506)
(11.9262 -7.08579e-23 -1.37909)
(11.7575 2.81506e-23 -1.36456)
(11.5959 -5.14457e-23 -1.33333)
(11.4429 -1.93429e-23 -1.28744)
(11.2999 -4.73547e-24 -1.22898)
(11.1676 2.28838e-23 -1.15997)
(11.0466 -9.29588e-24 -1.08236)
(10.9371 4.72603e-24 -0.997878)
(10.8389 7.84225e-25 -0.908066)
(10.752 -7.79968e-25 -0.81421)
(10.676 4.84331e-25 -0.717338)
(10.5958 -2.85502e-25 -0.61832)
(13.0461 -4.02138e-21 0.880016)
(13.109 0 0.751722)
(13.1679 8.54867e-23 0.613422)
(13.2152 -2.20008e-21 0.465761)
(13.246 3.86307e-21 0.31047)
(13.2585 -1.68421e-21 0.149887)
(13.2522 9.935e-24 -0.0133854)
(13.2262 7.2258e-24 -0.176484)
(13.1801 0 -0.336361)
(13.1142 -7.59066e-24 -0.489926)
(13.0294 -3.82384e-23 -0.634195)
(12.9272 -4.84971e-23 -0.766423)
(12.8095 3.32794e-22 -0.88424)
(12.6787 -3.19416e-22 -0.985742)
(12.5374 6.13589e-23 -1.06956)
(12.3885 -1.75537e-23 -1.1349)
(12.2348 1.79261e-23 -1.18151)
(12.0789 0 -1.20966)
(11.9236 0 -1.22008)
(11.7711 7.54483e-24 -1.21387)
(11.6233 0 -1.1924)
(11.482 -7.80782e-24 -1.15725)
(11.3485 2.15519e-23 -1.11009)
(11.2238 0 -1.0526)
(11.1085 2.58009e-24 -0.986407)
(11.0031 -2.04804e-24 -0.913042)
(10.9078 6.03078e-25 -0.833874)
(10.8226 -5.99497e-25 -0.750085)
(10.7475 -7.63803e-26 -0.66265)
(10.6677 7.58888e-26 -0.572424)
(12.8718 -2.48764e-21 0.771481)
(12.9259 0 0.660501)
(12.9767 0 0.541458)
(13.0178 0 0.414853)
(13.0452 1.69462e-23 0.282024)
(13.0574 1.78583e-21 0.144777)
(13.0539 -1.76918e-21 0.00513179)
(13.0339 0 -0.134683)
(12.997 0 -0.272266)
(12.9433 1.96906e-23 -0.405146)
(12.8732 8.28045e-23 -0.53089)
(12.7879 -8.83654e-23 -0.64721)
(12.6887 6.56624e-23 -0.752067)
(12.5773 -7.32438e-23 -0.843751)
(12.456 8.21804e-23 -0.920951)
(12.3268 -1.63546e-22 -0.982783)
(12.1922 1.1743e-22 -1.02881)
(12.0544 -4.91175e-23 -1.05901)
(11.9156 -2.39765e-23 -1.07376)
(11.778 6.15585e-23 -1.07378)
(11.6433 -2.22984e-23 -1.06004)
(11.5133 -2.53483e-24 -1.03373)
(11.3891 2.31481e-24 -0.996147)
(11.272 -3.87976e-24 -0.94866)
(11.1628 -2.0079e-25 -0.892629)
(11.0619 1.88946e-24 -0.829358)
(10.9699 -9.21989e-25 -0.760046)
(10.887 -1.40428e-25 -0.685759)
(10.8134 -2.23671e-25 -0.607396)
(10.7347 6.14101e-26 -0.52577)
(12.7163 -2.33334e-21 0.675371)
(12.7633 2.23981e-21 0.57955)
(12.8076 -1.78156e-21 0.477216)
(12.8438 1.79674e-21 0.368762)
(12.8684 0 0.255229)
(12.8803 1.02975e-23 0.138015)
(12.8789 -1.74254e-24 0.0186961)
(12.8637 3.65074e-24 -0.10099)
(12.8342 -1.19659e-23 -0.219143)
(12.7903 -2.41289e-24 -0.333788)
(12.7323 8.07127e-24 -0.442946)
(12.661 0 -0.544721)
(12.5772 -6.57974e-23 -0.637377)
(12.4824 1.11892e-22 -0.71941)
(12.3781 -5.01995e-23 -0.789607)
(12.266 1.80248e-23 -0.847077)
(12.1482 2.50141e-24 -0.891278)
(12.0264 0 -0.922012)
(11.9027 9.13497e-24 -0.939406)
(11.7788 -8.25075e-24 -0.94388)
(11.6564 -5.72695e-24 -0.936101)
(11.5371 5.72983e-25 -0.916929)
(11.4221 1.55552e-24 -0.887365)
(11.3126 -1.19444e-24 -0.84849)
(11.2095 5.80671e-25 -0.801418)
(11.1135 -2.08714e-25 -0.747241)
(11.0252 3.73476e-25 -0.686994)
(10.945 3.79781e-25 -0.621614)
(10.8732 0 -0.551915)
(10.7961 -8.39353e-26 -0.478653)
(12.5793 -1.10908e-21 0.589341)
(12.6207 1.13835e-21 0.506898)
(12.6599 0 0.419187)
(12.6922 -8.5188e-22 0.32652)
(12.7147 8.48719e-22 0.229709)
(12.7264 -1.01258e-23 0.129843)
(12.7269 0 0.0281545)
(12.7157 -3.5926e-24 -0.073994)
(12.6923 1.17785e-23 -0.1751)
(12.6564 -1.57258e-23 -0.273584)
(12.6084 0 -0.367844)
(12.5486 8.57984e-24 -0.456319)
(12.4777 1.53284e-22 -0.537549)
(12.3967 -1.66018e-22 -0.610236)
(12.3069 3.88269e-24 -0.673286)
(12.2096 2.29435e-24 -0.725851)
(12.1063 0 -0.767346)
(11.9986 0 -0.797462)
(11.8883 0 -0.816157)
(11.7768 -8.16404e-25 -0.823637)
(11.6657 1.03184e-24 -0.820327)
(11.5563 6.10038e-25 -0.806835)
(11.4501 1.31182e-25 -0.783906)
(11.348 -3.27727e-25 -0.752383)
(11.2511 7.41097e-26 -0.713157)
(11.1601 1.36857e-25 -0.667132)
(11.0757 -8.28853e-26 -0.615181)
(10.9985 -6.25576e-26 -0.558115)
(10.9291 -7.44469e-26 -0.496657)
(10.854 1.15347e-25 -0.431497)
(12.4581 -6.58827e-22 0.511331)
(12.495 3.55792e-23 0.440779)
(12.53 0 0.365971)
(12.5592 8.88537e-22 0.287152)
(12.58 -9.24882e-22 0.20496)
(12.5915 1.25758e-23 0.120246)
(12.5935 -6.40601e-22 0.0339774)
(12.5854 6.32023e-22 -0.0527754)
(12.5669 2.14931e-24 -0.138826)
(12.5376 4.14294e-22 -0.222913)
(12.4977 -3.97428e-22 -0.303746)
(12.4475 -8.43919e-24 -0.380047)
(12.3873 -1.19432e-22 -0.450603)
(12.318 1.10543e-22 -0.514304)
(12.2404 -6.45783e-24 -0.570193)
(12.1556 0 -0.617487)
(12.065 2.55671e-23 -0.655607)
(11.9697 -4.55972e-23 -0.684191)
(11.8712 2.00783e-23 -0.703087)
(11.7708 0 -0.712355)
(11.67 0 -0.712241)
(11.5699 0 -0.703153)
(11.4718 -9.70362e-25 -0.685635)
(11.3768 4.74379e-25 -0.660325)
(11.2858 4.37832e-25 -0.627927)
(11.1998 1.2254e-25 -0.589171)
(11.1195 -3.61544e-26 -0.544782)
(11.0454 -1.8373e-26 -0.495451)
(10.9784 4.22806e-26 -0.441804)
(10.9057 0 -0.384458)
(12.3529 -2.93291e-22 0.439835)
(12.3862 3.11229e-22 0.379966)
(12.418 -5.3073e-22 0.31667)
(12.4448 5.26486e-22 0.250141)
(12.4643 -9.48017e-25 0.18088)
(12.4758 -5.67378e-24 0.109552)
(12.4791 0 0.0369156)
(12.4736 1.20906e-24 -0.0361943)
(12.4591 2.70565e-22 -0.10884)
(12.4353 -2.98318e-23 -0.180019)
(12.4021 -2.41633e-22 -0.248695)
(12.3597 3.20404e-24 -0.313833)
(12.3084 -5.54762e-24 -0.37443)
(12.2488 7.6152e-24 -0.429558)
(12.1815 6.34381e-24 -0.478389)
(12.1074 -4.20916e-23 -0.520227)
(12.0275 4.81151e-23 -0.554528)
(11.9429 1.8284e-23 -0.580912)
(11.8547 -1.56659e-23 -0.599169)
(11.7642 -1.07496e-23 -0.60926)
(11.6724 6.26212e-24 -0.611303)
(11.5807 4.36218e-24 -0.605557)
(11.4901 1.56631e-24 -0.592404)
(11.4017 -7.29957e-26 -0.572318)
(11.3164 -3.54468e-25 -0.545843)
(11.2352 3.08712e-25 -0.513559)
(11.1588 -3.89419e-25 -0.476057)
(11.0881 -6.73927e-26 -0.433913)
(11.0236 1.77986e-26 -0.387662)
(10.9534 0 -0.337844)
(12.2609 1.18851e-22 0.373386)
(12.2913 -3.16048e-22 0.323195)
(12.3205 0 0.270262)
(12.3453 0 0.214743)
(12.3638 -2.13957e-22 0.15703)
(12.3752 2.13133e-22 0.0976405)
(12.3795 0 0.0371653)
(12.3761 0 -0.0237401)
(12.3648 0 -0.08434)
(12.3454 -2.63214e-24 -0.143843)
(12.3176 1.18526e-22 -0.201427)
(12.2817 -1.18469e-22 -0.256259)
(12.2377 8.59436e-24 -0.307527)
(12.1861 0 -0.354463)
(12.1275 6.62961e-23 -0.396369)
(12.0624 -9.75244e-23 -0.432642)
(11.9916 2.88421e-23 -0.46279)
(11.9161 6.2078e-25 -0.486449)
(11.8369 -1.47907e-23 -0.503385)
(11.7549 9.94032e-24 -0.513499)
(11.6713 1.33466e-23 -0.516824)
(11.587 -3.52518e-24 -0.513512)
(11.5031 -3.45476e-24 -0.503818)
(11.4207 -3.83386e-25 -0.488088)
(11.3407 0 -0.466732)
(11.264 3.95899e-25 -0.4402)
(11.1915 -5.05674e-25 -0.408967)
(11.1238 9.09069e-26 -0.373502)
(11.0619 1.04984e-26 -0.334252)
(10.9942 1.25115e-27 -0.291678)
(12.1832 1.54182e-23 0.310954)
(12.2113 0 0.269643)
(12.2385 -1.48077e-22 0.226168)
(12.2618 3.85688e-22 0.180653)
(12.2795 -2.54203e-22 0.133397)
(12.2911 6.82297e-24 0.0848031)
(12.2962 -1.99378e-22 0.0353228)
(12.2946 1.97097e-22 -0.0145336)
(12.286 0 -0.0641956)
(12.2701 -1.42048e-22 -0.113046)
(12.2468 1.39166e-22 -0.16044)
(12.2161 -1.13443e-22 -0.205718)
(12.1781 1.57861e-22 -0.248229)
(12.1331 -4.90996e-23 -0.287353)
(12.0816 -2.66777e-24 -0.322514)
(12.0239 3.29868e-23 -0.353205)
(11.9608 -7.66766e-24 -0.378998)
(11.893 -4.35255e-23 -0.399563)
(11.8213 9.59867e-24 -0.414667)
(11.7467 -1.29826e-24 -0.424185)
(11.67 -4.86489e-24 -0.428096)
(11.5922 5.86466e-25 -0.426475)
(11.5143 3.11436e-24 -0.41949)
(11.4372 -3.1741e-25 -0.407382)
(11.362 1.07551e-24 -0.390453)
(11.2894 -1.27691e-24 -0.369049)
(11.2203 5.57126e-25 -0.343537)
(11.1557 1.1417e-25 -0.314296)
(11.0962 2.77804e-26 -0.281689)
(11.0309 0 -0.2461)
(12.1175 -9.08621e-23 0.251466)
(12.1439 4.42708e-24 0.218387)
(12.1695 8.36429e-23 0.183637)
(12.1917 1.25251e-23 0.147312)
(12.2087 0 0.10964)
(12.2203 -1.10319e-22 0.0709245)
(12.2261 1.12609e-22 0.0315099)
(12.2259 -2.91677e-24 -0.00821635)
(12.2194 1.39081e-24 -0.0478203)
(12.2063 0 -0.0868303)
(12.1865 0 -0.12475)
(12.16 1.45906e-24 -0.161071)
(12.1268 0 -0.195287)
(12.0872 0 -0.226907)
(12.0413 4.05254e-24 -0.255473)
(11.9897 0 -0.280574)
(11.9329 1.59323e-23 -0.301855)
(11.8714 -1.96911e-24 -0.319032)
(11.806 -2.5609e-23 -0.331893)
(11.7375 7.97875e-24 -0.34031)
(11.6667 5.51849e-24 -0.344232)
(11.5944 0 -0.34369)
(11.5216 1.50958e-24 -0.338784)
(11.4492 -1.18518e-24 -0.329678)
(11.378 4.17191e-26 -0.316589)
(11.3091 0 -0.299774)
(11.2431 -2.20666e-25 -0.279513)
(11.1811 9.00462e-27 -0.256099)
(11.1239 -5.03172e-27 -0.22982)
(11.0608 4.98186e-27 -0.200989)
(12.0654 -3.71132e-23 0.194011)
(12.0905 0 0.168689)
(12.115 0 0.142126)
(12.1363 -4.16679e-24 0.114394)
(12.153 1.97639e-24 0.0856582)
(12.1646 0 0.056142)
(12.171 0 0.0260963)
(12.1719 1.55008e-24 -0.0041941)
(12.167 -4.34249e-23 -0.0344101)
(12.1562 4.23425e-23 -0.0642033)
(12.1391 0 -0.0932066)
(12.1159 3.09401e-23 -0.121042)
(12.0865 -3.06634e-23 -0.147331)
(12.051 0 -0.171705)
(12.0096 -1.4079e-24 -0.193814)
(11.9628 1.95661e-23 -0.213342)
(11.9109 -1.99743e-23 -0.230009)
(11.8545 -8.0015e-24 -0.243588)
(11.7941 7.41808e-24 -0.253901)
(11.7305 -5.19659e-24 -0.260833)
(11.6644 3.4244e-24 -0.264325)
(11.5966 2.0776e-24 -0.26438)
(11.528 2.38159e-25 -0.261055)
(11.4594 6.82738e-25 -0.254458)
(11.3917 -8.01959e-25 -0.244737)
(11.3258 -1.23263e-25 -0.232078)
(11.2625 8.02564e-26 -0.216685)
(11.2028 -8.16049e-26 -0.198777)
(11.1474 -6.63012e-27 -0.178576)
(11.0864 6.56251e-27 -0.156323)
(12.026 -1.27911e-24 0.138054)
(12.0501 0 0.120127)
(12.0737 0 0.101346)
(12.0944 0 0.0817567)
(12.1108 2.73606e-23 0.0614735)
(12.1225 -3.00041e-23 0.0406478)
(12.1293 0 0.0194496)
(12.131 -7.39587e-25 -0.00192709)
(12.1274 -4.40256e-23 -0.023262)
(12.1181 3.47495e-24 -0.044313)
(12.1031 3.31674e-24 -0.064825)
(12.0823 3.53864e-23 -0.0845358)
(12.0556 -4.63492e-25 -0.103182)
(12.0232 1.31626e-23 -0.120505)
(11.9852 -2.39596e-23 -0.136261)
(11.9419 1.14143e-23 -0.150225)
(11.8937 5.76089e-25 -0.162196)
(11.8411 -2.93128e-26 -0.172009)
(11.7845 0 -0.179532)
(11.7246 -3.80641e-25 -0.184674)
(11.6621 3.26744e-25 -0.187384)
(11.5977 2.77745e-25 -0.187655)
(11.5323 -2.33153e-25 -0.185515)
(11.4667 0 -0.181032)
(11.4016 1.35045e-25 -0.174302)
(11.3381 -2.31791e-25 -0.165448)
(11.2769 7.73287e-26 -0.154611)
(11.219 -4.76124e-26 -0.141947)
(11.1651 0 -0.127616)
(11.1056 0 -0.111806)
(11.9985 1.0924e-23 0.0820869)
(12.022 -5.94537e-25 0.0714001)
(12.0451 0 0.0602178)
(12.0654 0 0.0485582)
(12.0816 1.44879e-24 0.036491)
(12.0933 -4.5166e-25 0.0241084)
(12.1003 1.24461e-23 0.0115143)
(12.1025 1.01647e-23 -0.00117591)
(12.0996 -2.34355e-23 -0.0138377)
(12.0913 0 -0.0263344)
(12.0775 1.79693e-23 -0.038519)
(12.0581 -3.40565e-23 -0.0502382)
(12.0331 1.46155e-24 -0.061337)
(12.0025 1.42956e-23 -0.0716632)
(11.9665 -2.81217e-25 -0.0810715)
(11.9254 1.73192e-25 -0.0894275)
(11.8795 0 -0.0966116)
(11.8292 5.23127e-25 -0.102522)
(11.775 3.51583e-24 -0.107079)
(11.7175 -4.90232e-24 -0.110223)
(11.6574 1.41877e-24 -0.111921)
(11.5953 -1.18179e-24 -0.112164)
(11.532 1.55794e-24 -0.110965)
(11.4684 -2.6561e-26 -0.10836)
(11.4052 -3.74773e-25 -0.104404)
(11.3434 9.6899e-26 -0.099167)
(11.2838 2.44632e-26 -0.0927323)
(11.2272 4.03145e-26 -0.0851941)
(11.1746 -2.38948e-26 -0.0766575)
(11.1164 -4.23301e-28 -0.0672665)
(11.8736 3.04478e-24 0.0270528)
(11.8962 -1.8175e-24 0.0234537)
(11.9182 0 0.0196946)
(11.9376 0 0.0157797)
(11.953 -4.77764e-25 0.0117359)
(11.9641 7.34154e-24 0.00759853)
(11.9706 -6.42163e-24 0.00340791)
(11.9724 0 -0.000794681)
(11.9694 5.38411e-24 -0.00497348)
(11.9611 -1.02516e-23 -0.00909058)
(11.9476 9.3471e-24 -0.0131025)
(11.9287 -8.48701e-24 -0.016962)
(11.9044 4.01648e-24 -0.0206203)
(11.8747 0 -0.0240287)
(11.8398 -9.55939e-26 -0.0271399)
(11.8 -1.70279e-25 -0.0299095)
(11.7554 0 -0.0322971)
(11.7065 0 -0.0342677)
(11.6538 0 -0.0357927)
(11.5979 -1.01103e-25 -0.0368509)
(11.5393 8.71346e-26 -0.0374286)
(11.4788 7.4333e-26 -0.0375204)
(11.417 0 -0.0371291)
(11.3548 -5.18165e-26 -0.036265)
(11.2931 -7.59985e-26 -0.0349453)
(11.2326 4.25754e-26 -0.0331933)
(11.1741 -2.40299e-26 -0.0310377)
(11.1186 -1.58705e-26 -0.0285117)
(11.0669 0 -0.0256532)
(11.0096 4.15534e-28 -0.0225389)
)
;

boundaryField
{
    inlet
    {
        type            fixedValue;
        value           uniform (10 0 0);
    }
    outlet
    {
        type            zeroGradient;
    }
    flap
    {
        type            movingWallVelocity;
        value           nonuniform List<vector> 
33
(
(0.00593559 -2.77556e-15 0.00418784)
(0.0196766 -2.77556e-15 0.0106659)
(0.0364024 0 0.0145363)
(0.0558894 0 0.0171656)
(0.07734 -2.77556e-15 0.0183752)
(0.0985063 0 0.017811)
(0.118263 2.77556e-15 0.0155306)
(0.136635 -2.77556e-15 0.0117136)
(0.152526 0 0.00655831)
(0.163976 0 0.000537654)
(0.169725 -2.77556e-15 -0.0056364)
(0.170386 -2.73757e-24 -0.0111725)
(0.166122 0 -0.0163113)
(0.154618 0 -0.0215779)
(0.136415 -2.77556e-15 -0.0253645)
(0.125968 0 -0.0213712)
(0.125993 0 -0.0110344)
(0.126353 -2.77556e-15 -0.00092041)
(0.00579787 0 -0.00379572)
(0.0189807 -5.55112e-15 -0.00904104)
(0.0352547 2.77556e-15 -0.0112797)
(0.0546006 0 -0.0125943)
(0.0762118 0 -0.0131168)
(0.0981868 0 -0.0130626)
(0.118975 0 -0.0131792)
(0.1381 2.45307e-24 -0.0135357)
(0.154353 2.77556e-15 -0.0134606)
(0.165677 2.77556e-15 -0.0123096)
(0.170986 -2.77556e-15 -0.0101095)
(0.171257 0 -0.00743348)
(0.166362 -2.77556e-15 -0.00412492)
(0.154287 2.11302e-24 -1.57101e-05)
(0.136462 -2.77556e-15 0.00291752)
)
;
    }
    upperWall
    {
        type            noSlip;
    }
    lowerWall
    {
        type            noSlip;
    }
    frontAndBack
    {
        type            empty;
    }
}


// ************************************************************************* //
