/*--------------------------------*- C++ -*----------------------------------*\
| =========                 |                                                 |
| \\      /  F ield         | OpenFOAM: The Open Source CFD Toolbox           |
|  \\    /   O peration     | Version:  2012                                  |
|   \\  /    A nd           | Website:  www.openfoam.com                      |
|    \\/     M anipulation  |                                                 |
\*---------------------------------------------------------------------------*/
FoamFile
{
    version     2.0;
    format      ascii;
    class       volVectorField;
    location    "0.3";
    object      cellDisplacement;
}
// * * * * * * * * * * * * * * * * * * * * * * * * * * * * * * * * * * * * * //

dimensions      [0 1 0 0 0 0 0];


internalField   nonuniform List<vector> 
2790
(
(6.20141e-06 0 4.1185e-08)
(1.89919e-05 0 1.26303e-07)
(3.53329e-05 0 2.3554e-07)
(5.86724e-05 0 3.92549e-07)
(9.2808e-05 0 6.23941e-07)
(0.000142352 0 9.62544e-07)
(0.00021295 0 1.44943e-06)
(0.000311387 0 2.13545e-06)
(0.000445574 0 3.08241e-06)
(0.000624375 0 4.36412e-06)
(0.000857263 0 6.06758e-06)
(0.00115374 0 8.29482e-06)
(0.00152253 0 1.11663e-05)
(0.00197047 0 1.48271e-05)
(0.00250109 0 1.94567e-05)
(0.00311301 0 2.52858e-05)
(0.0037979 0 3.26187e-05)
(0.00453849 0 4.18672e-05)
(0.00530644 0 5.35945e-05)
(0.00606072 0 6.85739e-05)
(0.0067467 0 8.78646e-05)
(0.00729683 0 0.000112909)
(0.00763354 0 0.000145653)
(0.00767548 0 0.000188698)
(0.0073477 0 0.000245464)
(0.00659734 0 0.000320335)
(0.0054163 0 0.000418517)
(0.00387658 0 0.000544184)
(0.00219485 0 0.000689739)
(0.000899429 0 0.000792749)
(5.78387e-06 0 1.20798e-07)
(1.78249e-05 0 3.71058e-07)
(3.33502e-05 0 6.93078e-07)
(5.56082e-05 0 1.15649e-06)
(8.82883e-05 0 1.84015e-06)
(0.0001359 0 2.84156e-06)
(0.000203995 0 4.28277e-06)
(0.000299285 0 6.31493e-06)
(0.000429643 0 9.1217e-06)
(0.00060396 0 1.29221e-05)
(0.000831823 0 1.79737e-05)
(0.00112298 0 2.45773e-05)
(0.00148658 0 3.30861e-05)
(0.00193011 0 4.39224e-05)
(0.0024581 0 5.76057e-05)
(0.0030705 0 7.47972e-05)
(0.00376085 0 9.63654e-05)
(0.00451432 0 0.000123477)
(0.00530567 0 0.000157721)
(0.00609772 0 0.000201261)
(0.00684045 0 0.000257037)
(0.00747169 0 0.000328998)
(0.00792001 0 0.000422365)
(0.00811091 0 0.000543871)
(0.00797728 0 0.000701812)
(0.00747538 0 0.000905493)
(0.00660857 0 0.00116298)
(0.00546348 0 0.00147466)
(0.00426842 0 0.00181735)
(0.00349027 0 0.00210716)
(5.67379e-06 0 1.9639e-07)
(1.7542e-05 0 6.04532e-07)
(3.28725e-05 0 1.13097e-06)
(5.48783e-05 0 1.88909e-06)
(8.72299e-05 0 3.00822e-06)
(0.00013443 0 4.64838e-06)
(0.000202044 0 7.00989e-06)
(0.000296827 0 1.03406e-05)
(0.000426748 0 1.49409e-05)
(0.000600873 0 2.11681e-05)
(0.00082908 0 2.94397e-05)
(0.00112158 0 4.02394e-05)
(0.00148821 0 5.41296e-05)
(0.00193749 0 7.17733e-05)
(0.00247537 0 9.39755e-05)
(0.00310385 0 0.000121747)
(0.0038192 0 0.000156399)
(0.00461025 0 0.000199681)
(0.00545654 0 0.000253948)
(0.00632693 0 0.000322388)
(0.00717892 0 0.000409277)
(0.00795938 0 0.00052027)
(0.00860745 0 0.000662666)
(0.00906049 0 0.000845524)
(0.00926405 0 0.0010793)
(0.00918647 0 0.00137427)
(0.0088385 0 0.00173597)
(0.00829758 0 0.00215456)
(0.00773419 0 0.00258292)
(0.00744147 0 0.0028989)
(5.58441e-06 0 2.69226e-07)
(1.72963e-05 0 8.3e-07)
(3.24542e-05 0 1.55406e-06)
(5.42456e-05 0 2.59662e-06)
(8.63322e-05 0 4.13529e-06)
(0.000133226 0 6.38972e-06)
(0.000200531 0 9.63447e-06)
(0.000295086 0 1.42083e-05)
(0.000425017 0 2.05204e-05)
(0.000599658 0 2.90541e-05)
(0.000829315 0 4.03695e-05)
(0.00112486 0 5.51076e-05)
(0.0014971 0 7.40008e-05)
(0.00195596 0 9.78957e-05)
(0.0025094 0 0.000127797)
(0.00316216 0 0.00016494)
(0.00391427 0 0.000210898)
(0.00475946 0 0.000267738)
(0.00568371 0 0.000338215)
(0.00666396 0 0.000426009)
(0.00766763 0 0.000535988)
(0.00865332 0 0.000674457)
(0.00957345 0 0.00084931)
(0.0103794 0 0.00106987)
(0.0110297 0 0.00134599)
(0.0115008 0 0.00168551)
(0.0117985 0 0.00208833)
(0.0119652 0 0.00253391)
(0.0120754 0 0.00295939)
(0.0122339 0 0.00323544)
(5.5098e-06 0 3.38904e-07)
(1.7084e-05 0 1.04585e-06)
(3.20913e-05 0 1.95887e-06)
(5.37025e-05 0 3.27263e-06)
(8.55791e-05 0 5.21015e-06)
(0.000132256 0 8.04683e-06)
(0.000199393 0 1.2126e-05)
(0.000293946 0 1.78698e-05)
(0.000424245 0 2.57851e-05)
(0.000599961 0 3.64658e-05)
(0.000831931 0 5.05919e-05)
(0.00113183 0 6.89284e-05)
(0.00151166 0 9.23289e-05)
(0.00198304 0 0.000121752)
(0.00255633 0 0.000158295)
(0.00323954 0 0.000203264)
(0.00403711 0 0.000258277)
(0.00494859 0 0.000325405)
(0.00596741 0 0.000407369)
(0.0070798 0 0.000507743)
(0.00826442 0 0.000631178)
(0.00949281 0 0.000783555)
(0.0107314 0 0.000971959)
(0.011945 0 0.00120425)
(0.0131023 0 0.00148779)
(0.0141813 0 0.00182653)
(0.0151708 0 0.00221501)
(0.0160608 0 0.0026272)
(0.0168137 0 0.00299875)
(0.0173499 0 0.00321474)
(5.44691e-06 0 4.05045e-07)
(1.69018e-05 0 1.25067e-06)
(3.17791e-05 0 2.34239e-06)
(5.32395e-05 0 3.91155e-06)
(8.49505e-05 0 6.22308e-06)
(0.000131478 0 9.60341e-06)
(0.000198553 0 1.44581e-05)
(0.000293266 0 2.12834e-05)
(0.000424183 0 3.0671e-05)
(0.000601355 0 4.33072e-05)
(0.000836217 0 5.99658e-05)
(0.00114134 0 8.14983e-05)
(0.00153004 0 0.000108825)
(0.0020158 0 0.000142938)
(0.00261161 0 0.000184914)
(0.00332901 0 0.000235967)
(0.00417721 0 0.000297525)
(0.00516196 0 0.000371351)
(0.00628452 0 0.000459693)
(0.00754079 0 0.000565455)
(0.00892081 0 0.000692333)
(0.0104088 0 0.000844875)
(0.0119841 0 0.00102831)
(0.0136228 0 0.00124796)
(0.0152994 0 0.00150792)
(0.0169864 0 0.0018084)
(0.0186472 0 0.00214098)
(0.0202123 0 0.00248039)
(0.0215327 0 0.0027719)
(0.0223646 0 0.00292503)
(5.39406e-06 0 4.67342e-07)
(1.6747e-05 0 1.44337e-06)
(3.15128e-05 0 2.70227e-06)
(5.28463e-05 0 4.50896e-06)
(8.44245e-05 0 7.16632e-06)
(0.000130848 0 1.10464e-05)
(0.000197926 0 1.66097e-05)
(0.000292891 0 2.44161e-05)
(0.000424556 0 3.51281e-05)
(0.00060337 0 4.95047e-05)
(0.000841388 0 6.83864e-05)
(0.00115211 0 9.26726e-05)
(0.00155019 0 0.000123297)
(0.00205104 0 0.000161204)
(0.00267028 0 0.000207345)
(0.00342305 0 0.000262685)
(0.00432329 0 0.000328252)
(0.00538285 0 0.000405214)
(0.00661063 0 0.000494976)
(0.00801172 0 0.000599298)
(0.00958669 0 0.000720362)
(0.011331 0 0.000860759)
(0.0132348 0 0.00102326)
(0.0152818 0 0.00121026)
(0.0174479 0 0.00142264)
(0.0196948 0 0.00165793)
(0.0219561 0 0.00190726)
(0.0241029 0 0.00215054)
(0.0258857 0 0.00234841)
(0.0269227 0 0.00243877)
(5.35033e-06 0 5.256e-07)
(1.66176e-05 0 1.62324e-06)
(3.12882e-05 0 3.03692e-06)
(5.25131e-05 0 5.06176e-06)
(8.39795e-05 0 8.03432e-06)
(0.000130323 0 1.23665e-05)
(0.000197426 0 1.85655e-05)
(0.000292663 0 2.72444e-05)
(0.000425084 0 3.91217e-05)
(0.000605527 0 5.50094e-05)
(0.000846643 0 7.57878e-05)
(0.00116283 0 0.000102368)
(0.00157004 0 0.000135647)
(0.00208551 0 0.000176456)
(0.00272737 0 0.000225523)
(0.00351414 0 0.000283438)
(0.00446416 0 0.000350662)
(0.00559488 0 0.000427542)
(0.00692207 0 0.000514371)
(0.00845891 0 0.000611443)
(0.0102149 0 0.000719088)
(0.0121946 0 0.000837637)
(0.0143958 0 0.000967231)
(0.0168064 0 0.00110743)
(0.0193994 0 0.00125652)
(0.0221223 0 0.00141055)
(0.0248777 0 0.00156211)
(0.0274835 0 0.00169855)
(0.0296071 0 0.00179838)
(0.0307639 0 0.00183027)
(5.31533e-06 0 5.79753e-07)
(1.65124e-05 0 1.78996e-06)
(3.11024e-05 0 3.34555e-06)
(5.22319e-05 0 5.56832e-06)
(8.35966e-05 0 8.82398e-06)
(0.000129861 0 1.35582e-05)
(0.000196974 0 2.03169e-05)
(0.000292433 0 2.9755e-05)
(0.000425503 0 4.26329e-05)
(0.000607369 0 5.97968e-05)
(0.000851225 0 8.21426e-05)
(0.00117227 0 0.000110562)
(0.00158763 0 0.000145873)
(0.00211616 0 0.000188741)
(0.00277824 0 0.0002396)
(0.00359533 0 0.000298579)
(0.00458959 0 0.000365453)
(0.00578324 0 0.000439621)
(0.00719775 0 0.000520108)
(0.00885284 0 0.000605597)
(0.0107649 0 0.000694453)
(0.012945 0 0.000784728)
(0.0153955 0 0.000874105)
(0.018105 0 0.000959763)
(0.0210402 0 0.0010382)
(0.0241326 0 0.00110513)
(0.0272554 0 0.00115583)
(0.0301821 0 0.00118596)
(0.03252 0 0.0011922)
(0.0337238 0 0.00117343)
(5.28913e-06 0 6.29875e-07)
(1.64317e-05 0 1.9437e-06)
(3.09543e-05 0 3.6283e-06)
(5.1998e-05 0 6.02855e-06)
(8.32619e-05 0 9.53476e-06)
(0.000129431 0 1.46203e-05)
(0.000196504 0 2.18615e-05)
(0.000292076 0 3.19448e-05)
(0.000425584 0 4.56587e-05)
(0.000608502 0 6.38667e-05)
(0.000854469 0 8.74595e-05)
(0.00117936 0 0.000117284)
(0.00160125 0 0.00015405)
(0.00214037 0 0.000198223)
(0.0028189 0 0.000249902)
(0.0036607 0 0.000308708)
(0.00469098 0 0.000373689)
(0.00593566 0 0.000443249)
(0.00742057 0 0.000515124)
(0.00917015 0 0.000586402)
(0.0112055 0 0.000653575)
(0.0135416 0 0.000712637)
(0.0161825 0 0.000759208)
(0.0191149 0 0.000788718)
(0.0222971 0 0.000796733)
(0.0256441 0 0.000779628)
(0.0290032 0 0.000736056)
(0.0321138 0 0.000669834)
(0.0345471 0 0.000593941)
(0.0357369 0 0.000533058)
(5.27233e-06 0 6.76197e-07)
(1.63769e-05 0 2.08511e-06)
(3.08454e-05 0 3.88622e-06)
(5.18109e-05 0 6.44395e-06)
(8.29694e-05 0 1.01687e-05)
(0.000129014 0 1.55556e-05)
(0.000195971 0 2.32036e-05)
(0.000291499 0 3.38205e-05)
(0.000425156 0 4.82106e-05)
(0.000608619 0 6.72402e-05)
(0.000855857 0 9.17781e-05)
(0.00118324 0 0.000122609)
(0.00160957 0 0.000160318)
(0.00215607 0 0.000205152)
(0.00284625 0 0.00025687)
(0.00370575 0 0.000314584)
(0.00476188 0 0.000376632)
(0.00604316 0 0.000440472)
(0.00757828 0 0.000502644)
(0.00939464 0 0.000558802)
(0.011516 0 0.000603821)
(0.0139589 0 0.000632019)
(0.0167271 0 0.00063748)
(0.0198034 0 0.000614557)
(0.0231376 0 0.000558646)
(0.0266295 0 0.00046747)
(0.0301053 0 0.000343373)
(0.0332809 0 0.000197546)
(0.0357107 0 5.64546e-05)
(0.0368391 0 -3.48687e-05)
(5.26608e-06 0 7.19097e-07)
(1.63512e-05 0 2.21529e-06)
(3.07807e-05 0 4.12125e-06)
(5.16758e-05 0 6.81755e-06)
(8.27221e-05 0 1.07304e-05)
(0.000128606 0 1.63709e-05)
(0.000195355 0 2.43532e-05)
(0.000290653 0 3.53977e-05)
(0.000424114 0 5.03131e-05)
(0.000607525 0 6.99565e-05)
(0.000855048 0 9.51632e-05)
(0.00118335 0 0.000126645)
(0.00161168 0 0.000164856)
(0.00216187 0 0.000209831)
(0.00285826 0 0.000261003)
(0.00372752 0 0.00031702)
(0.00479822 0 0.000375584)
(0.00610026 0 0.000433332)
(0.0076638 0 0.000485797)
(0.00951755 0 0.00052747)
(0.0116861 0 0.000551988)
(0.0141858 0 0.000552474)
(0.0170189 0 0.000522058)
(0.020164 0 0.000454638)
(0.0235637 0 0.000345993)
(0.0271066 0 0.000195494)
(0.0306037 0 8.94292e-06)
(0.0337564 0 -0.000196424)
(0.0361157 0 -0.00038411)
(0.0371573 0 -0.000494982)
(5.27217e-06 0 7.59102e-07)
(1.63598e-05 0 2.33582e-06)
(3.07684e-05 0 4.3362e-06)
(5.16044e-05 0 7.15382e-06)
(8.25341e-05 0 1.12267e-05)
(0.00012822 0 1.70764e-05)
(0.000194668 0 2.53259e-05)
(0.000289537 0 3.66994e-05)
(0.000422432 0 5.20012e-05)
(0.000605151 0 7.20696e-05)
(0.000851897 0 9.76978e-05)
(0.00117943 0 0.000129521)
(0.00160715 0 0.000167869)
(0.00215712 0 0.000212579)
(0.00285398 0 0.000262804)
(0.00372472 0 0.000316799)
(0.00479831 0 0.00037175)
(0.00610495 0 0.000423654)
(0.00767498 0 0.000467293)
(0.00953697 0 0.000496347)
(0.0117149 0 0.000503659)
(0.0142239 0 0.0004817)
(0.0170639 0 0.000423238)
(0.0202107 0 0.000322273)
(0.0236026 0 0.000175327)
(0.0271233 0 -1.66571e-05)
(0.0305772 0 -0.000245232)
(0.033658 0 -0.000489024)
(0.0359154 0 -0.000705199)
(0.0368589 0 -0.00082695)
(5.29309e-06 0 7.96882e-07)
(1.64098e-05 0 2.4487e-06)
(3.0821e-05 0 4.5347e-06)
(5.16151e-05 0 7.45858e-06)
(8.24309e-05 0 1.16664e-05)
(0.000127892 0 1.76857e-05)
(0.000193951 0 2.61417e-05)
(0.000288202 0 3.77553e-05)
(0.000420168 0 5.33187e-05)
(0.000601557 0 7.36438e-05)
(0.000846466 0 9.94773e-05)
(0.00117154 0 0.000131379)
(0.00159605 0 0.000169564)
(0.0021419 0 0.000213708)
(0.00283353 0 0.000262734)
(0.00369764 0 0.000314603)
(0.00476275 0 0.000366132)
(0.00605843 0 0.000412891)
(0.00761409 0 0.000449205)
(0.00945701 0 0.000468322)
(0.0116095 0 0.00046277)
(0.0140845 0 0.000424916)
(0.01688 0 0.00034775)
(0.0199703 0 0.000225898)
(0.0232945 0 5.69184e-05)
(0.0267395 0 -0.000156914)
(0.0301162 0 -0.000405753)
(0.0331203 0 -0.000666854)
(0.0352898 0 -0.000895243)
(0.0361377 0 -0.00102)
(5.33208e-06 0 8.33246e-07)
(1.65108e-05 0 2.55634e-06)
(3.09551e-05 0 4.72109e-06)
(5.17338e-05 0 7.73884e-06)
(8.24506e-05 0 1.20604e-05)
(0.000127675 0 1.82149e-05)
(0.00019328 0 2.68245e-05)
(0.000286751 0 3.86006e-05)
(0.000417464 0 5.43163e-05)
(0.000596935 0 7.47516e-05)
(0.000839019 0 0.000100604)
(0.00116005 0 0.000132364)
(0.0015789 0 0.000170147)
(0.00211697 0 0.000213501)
(0.00279804 0 0.000261188)
(0.00364797 0 0.000310978)
(0.00469413 0 0.000359476)
(0.00596466 0 0.000402045)
(0.00748711 0 0.000432849)
(0.00928657 0 0.000445086)
(0.0113828 0 0.000431413)
(0.0137861 0 0.000384605)
(0.0164925 0 0.00029841)
(0.0194766 0 0.000168578)
(0.0226817 0 -5.93708e-06)
(0.0260078 0 -0.000221546)
(0.0292907 0 -0.000468045)
(0.0322556 0 -0.000724976)
(0.0344285 0 -0.000954468)
(0.0351752 0 -0.00109038)
(0.000874453 0 -0.000850292)
(0.00244287 0 -0.000781504)
(0.00445531 0 -0.000641482)
(0.00623635 0 -0.000501598)
(0.0075347 0 -0.00038093)
(0.00829524 0 -0.000281753)
(0.00856113 0 -0.000202699)
(0.00841892 0 -0.000141406)
(0.007968 0 -9.5161e-05)
(0.00730467 0 -6.12271e-05)
(0.00651418 0 -3.70615e-05)
(0.00566735 0 -2.04283e-05)
(0.00481962 0 -9.44199e-06)
(0.00401174 0 -2.56606e-06)
(0.00327124 0 1.41489e-06)
(0.00261441 0 3.43475e-06)
(0.00204845 0 4.1901e-06)
(0.00157359 0 4.18369e-06)
(0.00118501 0 3.76487e-06)
(0.000874635 0 3.16526e-06)
(0.000632501 0 2.5292e-06)
(0.00044797 0 1.93869e-06)
(0.000310577 0 1.43327e-06)
(0.000210629 0 1.02518e-06)
(0.000139575 0 7.1046e-07)
(9.01613e-05 0 4.76672e-07)
(5.64262e-05 0 3.0796e-07)
(3.35689e-05 0 1.8793e-07)
(1.77144e-05 0 1.00929e-07)
(5.59644e-06 0 3.21173e-08)
(0.00338922 0 -0.00230838)
(0.00456678 0 -0.00209835)
(0.00612498 0 -0.0017639)
(0.00750366 0 -0.00140671)
(0.008472 0 -0.00108122)
(0.00897096 0 -0.00080536)
(0.00903428 0 -0.000581778)
(0.00873838 0 -0.000406749)
(0.00817333 0 -0.000273896)
(0.00742724 0 -0.000176041)
(0.00657849 0 -0.000106196)
(0.00569213 0 -5.80732e-05)
(0.00481893 0 -2.6298e-05)
(0.00399586 0 -6.45081e-06)
(0.00324746 0 4.98432e-06)
(0.00258771 0 1.07201e-05)
(0.00202205 0 1.27851e-05)
(0.00154939 0 1.26456e-05)
(0.001164 0 1.13211e-05)
(0.000857139 0 9.48704e-06)
(0.000618453 0 7.56334e-06)
(0.000437049 0 5.78758e-06)
(0.000302337 0 4.27298e-06)
(0.000204591 0 3.05296e-06)
(0.00013528 0 2.11373e-06)
(8.72033e-05 0 1.41705e-06)
(5.44739e-05 0 9.14935e-07)
(3.23713e-05 0 5.5816e-07)
(1.71013e-05 0 2.99899e-07)
(5.45112e-06 0 9.57479e-08)
(0.00724556 0 -0.00330864)
(0.00810058 0 -0.00305805)
(0.00909175 0 -0.0026179)
(0.00986849 0 -0.00211887)
(0.010301 0 -0.00164616)
(0.0103566 0 -0.00123533)
(0.0100664 0 -0.000896747)
(0.00949548 0 -0.000628637)
(0.00872031 0 -0.000423488)
(0.00781632 0 -0.000271536)
(0.00685074 0 -0.000162691)
(0.00587932 0 -8.75749e-05)
(0.00494522 0 -3.80015e-05)
(0.00407931 0 -7.14649e-06)
(0.00330136 0 1.04741e-05)
(0.00262164 0 1.91217e-05)
(0.00204279 0 2.19987e-05)
(0.00156164 0 2.14276e-05)
(0.00117095 0 1.90252e-05)
(0.000860888 0 1.58628e-05)
(0.000620343 0 1.26044e-05)
(0.000437911 0 9.62298e-06)
(0.000302668 0 7.09311e-06)
(0.000204672 0 5.06193e-06)
(0.000135261 0 3.50169e-06)
(8.7159e-05 0 2.34619e-06)
(5.44373e-05 0 1.51439e-06)
(3.23541e-05 0 9.23952e-07)
(1.71029e-05 0 4.96901e-07)
(5.45502e-06 0 1.59193e-07)
(0.0119703 0 -0.00390877)
(0.0124864 0 -0.00364695)
(0.0128623 0 -0.00316333)
(0.0129432 0 -0.00259186)
(0.0127248 0 -0.00203389)
(0.012222 0 -0.00153793)
(0.011475 0 -0.00112224)
(0.0105415 0 -0.000788813)
(0.00948485 0 -0.000531214)
(0.00836649 0 -0.00033907)
(0.00724042 0 -0.000200804)
(0.00615082 0 -0.00010519)
(0.00513115 0 -4.21568e-05)
(0.00420434 0 -3.14567e-06)
(0.00338382 0 1.88185e-05)
(0.00267492 0 2.92115e-05)
(0.00207645 0 3.21787e-05)
(0.00158241 0 3.07412e-05)
(0.00118343 0 2.70078e-05)
(0.000868184 0 2.23753e-05)
(0.000624477 0 1.7707e-05)
(0.000440178 0 1.34827e-05)
(0.000303867 0 9.92084e-06)
(0.000205284 0 7.07216e-06)
(0.000135564 0 4.88928e-06)
(8.73072e-05 0 3.27509e-06)
(5.45126e-05 0 2.11415e-06)
(3.23973e-05 0 1.29046e-06)
(1.71305e-05 0 6.94726e-07)
(5.4657e-06 0 2.23086e-07)
(0.0170613 0 -0.00416137)
(0.0172337 0 -0.00389937)
(0.0169981 0 -0.00341104)
(0.0163706 0 -0.00282065)
(0.0154699 0 -0.00223191)
(0.0143657 0 -0.00169888)
(0.0131149 0 -0.00124511)
(0.0117735 0 -0.000876464)
(0.0103949 0 -0.000588756)
(0.00902788 0 -0.000372542)
(0.00771331 0 -0.000216227)
(0.00648339 0 -0.000107974)
(0.00536109 0 -3.68115e-05)
(0.00436056 0 6.80784e-06)
(0.00348804 0 3.07999e-05)
(0.00274312 0 4.1459e-05)
(0.00212021 0 4.35946e-05)
(0.0016099 0 4.07327e-05)
(0.00120034 0 3.53418e-05)
(0.000878348 0 2.90566e-05)
(0.000630451 0 2.28817e-05)
(0.000443612 0 1.73672e-05)
(0.000305801 0 1.27528e-05)
(0.000206355 0 9.07954e-06)
(0.00013615 0 6.27292e-06)
(8.76287e-05 0 4.20111e-06)
(5.46914e-05 0 2.71244e-06)
(3.24987e-05 0 1.65657e-06)
(1.71858e-05 0 8.92712e-07)
(5.4844e-06 0 2.87161e-07)
(0.0220927 0 -0.00410414)
(0.0219303 0 -0.00385468)
(0.0211246 0 -0.00339218)
(0.0198332 0 -0.0028249)
(0.0182813 0 -0.00225013)
(0.016591 0 -0.00172161)
(0.014839 0 -0.0012652)
(0.0130837 0 -0.000889811)
(0.0113731 0 -0.00059389)
(0.00974559 0 -0.000369877)
(0.00823102 0 -0.000207263)
(0.00685052 0 -9.46532e-05)
(0.00561699 0 -2.10681e-05)
(0.00453581 0 2.33117e-05)
(0.0036059 0 4.6795e-05)
(0.00282094 0 5.60879e-05)
(0.00217063 0 5.63693e-05)
(0.00164194 0 5.14624e-05)
(0.0012203 0 4.40515e-05)
(0.000890545 0 3.59117e-05)
(0.000637764 0 2.81246e-05)
(0.00044792 0 2.12695e-05)
(0.000308302 0 1.5582e-05)
(0.000207791 0 1.10783e-05)
(0.000136971 0 7.6484e-06)
(8.80991e-05 0 5.12141e-06)
(5.49625e-05 0 3.30748e-06)
(3.26543e-05 0 2.02123e-06)
(1.72688e-05 0 1.09028e-06)
(5.51158e-06 0 3.51208e-07)
(0.026699 0 -0.00377654)
(0.026235 0 -0.00355804)
(0.0249365 0 -0.00314939)
(0.0230688 0 -0.00263881)
(0.0209431 0 -0.00211308)
(0.0187258 0 -0.00162224)
(0.0165139 0 -0.00119242)
(0.0143717 0 -0.00083458)
(0.0123449 0 -0.000549747)
(0.0104656 0 -0.000332693)
(0.00875504 0 -0.000174704)
(0.00722515 0 -6.55943e-05)
(0.00588008 0 4.9074e-06)
(0.00471729 0 4.62864e-05)
(0.00372883 0 6.67563e-05)
(0.0029027 0 7.30603e-05)
(0.002224 0 7.04679e-05)
(0.00167615 0 6.28974e-05)
(0.00124182 0 5.31072e-05)
(0.000903853 0 4.29152e-05)
(0.000645859 0 3.34152e-05)
(0.000452776 0 2.51741e-05)
(0.000311183 0 1.83972e-05)
(0.00020949 0 1.30607e-05)
(0.000137972 0 9.01064e-06)
(8.8691e-05 0 6.03285e-06)
(5.53135e-05 0 3.89743e-06)
(3.28594e-05 0 2.38343e-06)
(1.73783e-05 0 1.28691e-06)
(5.54726e-06 0 4.15058e-07)
(0.0306014 0 -0.00323948)
(0.0298942 0 -0.00306978)
(0.0282085 0 -0.00273682)
(0.0258818 0 -0.00230684)
(0.0232892 0 -0.00185468)
(0.0206336 0 -0.00142526)
(0.0180304 0 -0.00104364)
(0.0155521 0 -0.000722005)
(0.0132456 0 -0.000463597)
(0.0111396 0 -0.000265597)
(0.00925 0 -0.000121429)
(0.00758192 0 -2.25868e-05)
(0.00613252 0 4.00031e-05)
(0.00489263 0 7.50357e-05)
(0.0038484 0 9.02427e-05)
(0.00298275 0 9.20923e-05)
(0.00227663 0 8.57046e-05)
(0.00171013 0 7.49146e-05)
(0.0012634 0 6.24266e-05)
(0.000917336 0 5.0012e-05)
(0.000654171 0 3.8717e-05)
(0.000457845 0 2.90569e-05)
(0.000314254 0 2.11829e-05)
(0.000211347 0 1.5017e-05)
(0.000139098 0 1.03538e-05)
(8.93772e-05 0 6.93207e-06)
(5.5732e-05 0 4.48047e-06)
(3.31093e-05 0 2.74222e-06)
(1.75133e-05 0 1.48216e-06)
(5.59136e-06 0 4.78573e-07)
(0.0336161 0 -0.00257083)
(0.0327483 0 -0.00246134)
(0.0307988 0 -0.002216)
(0.0281452 0 -0.00187909)
(0.0252078 0 -0.00151392)
(0.0222178 0 -0.0011598)
(0.0193078 0 -0.000839892)
(0.0165595 0 -0.000566802)
(0.0140232 0 -0.000345482)
(0.0117278 0 -0.000175304)
(0.00968601 0 -5.18591e-05)
(0.00789888 0 3.14932e-05)
(0.00635852 0 8.23611e-05)
(0.00505073 0 0.000108365)
(0.00395694 0 0.000116487)
(0.00305589 0 0.000112692)
(0.00232505 0 0.000101764)
(0.00174165 0 8.73127e-05)
(0.0012836 0 7.18814e-05)
(0.000930106 0 5.7121e-05)
(0.000662161 0 4.39791e-05)
(0.000462811 0 3.28865e-05)
(0.000317335 0 2.39201e-05)
(0.000213264 0 1.69361e-05)
(0.000140298 0 1.16716e-05)
(9.01334e-05 0 7.81563e-06)
(5.62078e-05 0 5.05483e-06)
(3.34006e-05 0 3.09678e-06)
(1.76733e-05 0 1.67569e-06)
(5.64392e-06 0 5.41654e-07)
(0.0356693 0 -0.00185616)
(0.034733 0 -0.00180831)
(0.0326459 0 -0.00165029)
(0.0297976 0 -0.00140682)
(0.0266383 0 -0.00113105)
(0.0234215 0 -0.00085654)
(0.0202947 0 -0.000603873)
(0.0173492 0 -0.000385319)
(0.0146409 0 -0.000206894)
(0.0122004 0 -6.9728e-05)
(0.01004 0 2.86476e-05)
(0.00815856 0 9.30672e-05)
(0.00654522 0 0.000129618)
(0.00518233 0 0.000144728)
(0.00404794 0 0.000144487)
(0.00311768 0 0.000134214)
(0.00236628 0 0.000118235)
(0.00176873 0 9.98305e-05)
(0.00130116 0 8.13081e-05)
(0.000941379 0 6.41409e-05)
(0.000669355 0 4.91397e-05)
(0.000467398 0 3.6626e-05)
(0.000320271 0 2.65872e-05)
(0.000215158 0 1.88057e-05)
(0.000141532 0 1.29573e-05)
(9.09414e-05 0 8.68014e-06)
(5.67343e-05 0 5.61893e-06)
(3.37318e-05 0 3.44646e-06)
(1.78585e-05 0 1.86725e-06)
(5.70528e-06 0 6.04245e-07)
(0.0367961 0 -0.00118059)
(0.0358743 0 -0.00118331)
(0.033761 0 -0.00109944)
(0.0308355 0 -0.000938383)
(0.027566 0 -0.000744336)
(0.0242229 0 -0.000545033)
(0.0209664 0 -0.000357833)
(0.0178969 0 -0.000193898)
(0.0150762 0 -5.95688e-05)
(0.0125382 0 4.28706e-05)
(0.0102961 0 0.000114379)
(0.00834853 0 0.000158245)
(0.00668313 0 0.000179161)
(0.00528043 0 0.00018239)
(0.00411639 0 0.000173104)
(0.00316459 0 0.00015592)
(0.00239793 0 0.000134643)
(0.00178982 0 0.000112169)
(0.00131507 0 9.05203e-05)
(0.000950529 0 7.09577e-05)
(0.000675378 0 5.41305e-05)
(0.000471389 0 4.02352e-05)
(0.000322944 0 2.91614e-05)
(0.00021697 0 2.06135e-05)
(0.000142771 0 1.42045e-05)
(9.17915e-05 0 9.52256e-06)
(5.73098e-05 0 6.1715e-06)
(3.41046e-05 0 3.79083e-06)
(1.80709e-05 0 2.05678e-06)
(5.77626e-06 0 6.66349e-07)
(0.0371259 0 -0.000604312)
(0.0362754 0 -0.000641595)
(0.0342165 0 -0.000611643)
(0.0313037 0 -0.000514318)
(0.0280142 0 -0.000386706)
(0.0246301 0 -0.000251192)
(0.0213214 0 -0.000121635)
(0.0181958 0 -7.40721e-06)
(0.0153202 0 8.56025e-05)
(0.0127317 0 0.000154669)
(0.0104458 0 0.000199816)
(0.00846141 0 0.000223196)
(0.00676635 0 0.000228371)
(0.00534049 0 0.000219588)
(0.00415892 0 0.000201167)
(0.00319423 0 0.000177045)
(0.00241835 0 0.000150497)
(0.00180379 0 0.000124017)
(0.00132464 0 9.93247e-05)
(0.000957116 0 7.74538e-05)
(0.000679971 0 5.88816e-05)
(0.000474641 0 4.36741e-05)
(0.000325281 0 3.16206e-05)
(0.000218667 0 2.23477e-05)
(0.000144008 0 1.54076e-05)
(9.26847e-05 0 1.03405e-05)
(5.79394e-05 0 6.71178e-06)
(3.45244e-05 0 4.12983e-06)
(1.83145e-05 0 2.24441e-06)
(5.85833e-06 0 7.28039e-07)
(0.0368311 0 -0.000161067)
(0.0360851 0 -0.000217771)
(0.0341246 0 -0.000219772)
(0.0312803 0 -0.000163908)
(0.0280331 0 -8.28546e-05)
(0.0246731 0 4.94897e-06)
(0.0213759 0 8.89404e-05)
(0.0182533 0 0.000162018)
(0.0153749 0 0.000219487)
(0.0127805 0 0.000258936)
(0.0104869 0 0.000280092)
(0.00849476 0 0.000284469)
(0.00679248 0 0.000274844)
(0.00536044 0 0.000254677)
(0.00417388 0 0.000227572)
(0.00320538 0 0.000196859)
(0.00242666 0 0.000165324)
(0.00181007 0 0.000135074)
(0.00132948 0 0.000107536)
(0.000960921 0 8.35173e-05)
(0.000683015 0 6.33277e-05)
(0.0004771 0 4.69059e-05)
(0.000327266 0 3.39451e-05)
(0.000220253 0 2.39986e-05)
(0.000145253 0 1.65624e-05)
(9.36348e-05 0 1.11325e-05)
(5.86358e-05 0 7.23968e-06)
(3.5001e-05 0 4.46386e-06)
(1.85954e-05 0 2.43053e-06)
(5.95369e-06 0 7.89477e-07)
(0.0361134 0 0.000126252)
(0.0354782 0 6.84071e-05)
(0.0336136 0 5.82768e-05)
(0.0308553 0 9.64801e-05)
(0.0276837 0 0.000152682)
(0.0243925 0 0.000210875)
(0.0211568 0 0.000263422)
(0.0180867 0 0.000305862)
(0.0152515 0 0.000335354)
(0.0126909 0 0.000350494)
(0.0104233 0 0.000351329)
(0.00845049 0 0.000339228)
(0.00676239 0 0.000316556)
(0.00534059 0 0.000286243)
(0.00416133 0 0.000251353)
(0.00319796 0 0.000214719)
(0.00242281 0 0.000178705)
(0.00180862 0 0.000145076)
(0.00132958 0 0.00011499)
(0.000961957 0 8.90502e-05)
(0.000684543 0 6.74125e-05)
(0.000478806 0 4.99e-05)
(0.000328942 0 3.61195e-05)
(0.000221769 0 2.55595e-05)
(0.000146541 0 1.76665e-05)
(9.46703e-05 0 1.18986e-05)
(5.94204e-05 0 7.756e-06)
(3.55493e-05 0 4.79385e-06)
(1.89226e-05 0 2.61585e-06)
(6.06548e-06 0 8.50934e-07)
(0.0351596 0 0.000277283)
(0.03464 0 0.000218369)
(0.0327956 0 0.000221899)
(0.0300985 0 0.000265727)
(0.0270169 0 0.000317313)
(0.0238281 0 0.000362708)
(0.0206949 0 0.000397334)
(0.0177196 0 0.000419682)
(0.0149669 0 0.000429197)
(0.0124753 0 0.000425965)
(0.0102634 0 0.000410823)
(0.00833435 0 0.000385399)
(0.0066799 0 0.000351971)
(0.00528343 0 0.000313188)
(0.00412288 0 0.000271746)
(0.00317305 0 0.00023011)
(0.00240748 0 0.000190302)
(0.0017999 0 0.000153807)
(0.00132527 0 0.000121555)
(0.000960471 0 9.39756e-05)
(0.000684738 0 7.10934e-05)
(0.0004799 0 5.26345e-05)
(0.000330414 0 3.8134e-05)
(0.000223294 0 2.7027e-05)
(0.000147932 0 1.87202e-05)
(9.58344e-05 0 1.26402e-05)
(6.03239e-05 0 8.26259e-06)
(3.61898e-05 0 5.1214e-06)
(1.9308e-05 0 2.80142e-06)
(6.19784e-06 0 9.12808e-07)
(5.3945e-06 0 8.69859e-07)
(1.66773e-05 0 2.66355e-06)
(3.11949e-05 0 4.90376e-06)
(5.19959e-05 0 8.00755e-06)
(8.26421e-05 0 1.24276e-05)
(0.000127634 0 1.86909e-05)
(0.000192739 0 2.74116e-05)
(0.00028529 0 3.92857e-05)
(0.000414452 0 5.50612e-05)
(0.000591451 0 7.54811e-05)
(0.000829761 0 0.000101192)
(0.00114521 0 0.000132617)
(0.00155604 0 0.000169792)
(0.00208282 0 0.00021217)
(0.00274825 0 0.000258415)
(0.00357685 0 0.000306206)
(0.00459423 0 0.000352085)
(0.00582633 0 0.000391414)
(0.00729809 0 0.000418468)
(0.00903159 0 0.000426727)
(0.0110432 0 0.00040937)
(0.01334 0 0.000360006)
(0.0159151 0 0.000273578)
(0.0187428 0 0.000147404)
(0.0217709 0 -1.76884e-05)
(0.024913 0 -0.000216108)
(0.028041 0 -0.000436045)
(0.0309536 0 -0.000656203)
(0.0333607 0 -0.000843856)
(0.0345409 0 -0.000930656)
(5.46234e-06 0 9.04715e-07)
(1.68575e-05 0 2.76475e-06)
(3.14476e-05 0 5.07307e-06)
(5.22514e-05 0 8.24981e-06)
(8.27737e-05 0 1.27463e-05)
(0.000127422 0 1.90831e-05)
(0.000191821 0 2.78615e-05)
(0.000283095 0 3.97564e-05)
(0.000410117 0 5.54856e-05)
(0.000583715 0 7.57509e-05)
(0.000816828 0 0.000101148)
(0.00112459 0 0.000132042)
(0.00152431 0 0.000168405)
(0.00203542 0 0.000209637)
(0.00267917 0 0.00025437)
(0.00347825 0 0.000300292)
(0.00445591 0 0.000344023)
(0.0056352 0 0.000381112)
(0.00703772 0 0.000406182)
(0.00868178 0 0.00041327)
(0.0105799 0 0.000396372)
(0.0127342 0 0.000350212)
(0.015134 0 0.00027118)
(0.0177512 0 0.000158332)
(0.020535 0 1.44245e-05)
(0.0234017 0 -0.000152856)
(0.0262524 0 -0.000330966)
(0.0289394 0 -0.00049956)
(0.0312469 0 -0.00062888)
(0.0327958 0 -0.000673041)
(5.52201e-06 0 9.35782e-07)
(1.70103e-05 0 2.8539e-06)
(3.16389e-05 0 5.21852e-06)
(5.23824e-05 0 8.44971e-06)
(8.26685e-05 0 1.29939e-05)
(0.000126782 0 1.9361e-05)
(0.000190163 0 2.81348e-05)
(0.000279669 0 3.99642e-05)
(0.000403798 0 5.55321e-05)
(0.000572866 0 7.54976e-05)
(0.000799134 0 0.000100408)
(0.00109684 0 0.000130577)
(0.00148216 0 0.000165939)
(0.00197304 0 0.000205877)
(0.00258896 0 0.000249051)
(0.00335048 0 0.000293259)
(0.00427799 0 0.000335314)
(0.00539106 0 0.0003711)
(0.00670734 0 0.000395765)
(0.0082408 0 0.000404082)
(0.0100006 0 0.000391015)
(0.0119825 0 0.000352479)
(0.0141704 0 0.000286297)
(0.0165333 0 0.000193035)
(0.0190229 0 7.67102e-05)
(0.021557 0 -5.38581e-05)
(0.0240225 0 -0.000184757)
(0.0262933 0 -0.000297691)
(0.0282113 0 -0.000367743)
(0.0294761 0 -0.000352663)
(5.56539e-06 0 9.61926e-07)
(1.71111e-05 0 2.92768e-06)
(3.17247e-05 0 5.33438e-06)
(5.23193e-05 0 8.59875e-06)
(8.22228e-05 0 1.31588e-05)
(0.000125567 0 1.95096e-05)
(0.000187563 0 2.82129e-05)
(0.000274743 0 3.98872e-05)
(0.000395148 0 5.51772e-05)
(0.000558485 0 7.46974e-05)
(0.000776195 0 9.89488e-05)
(0.00106146 0 0.000128207)
(0.0014291 0 0.000162384)
(0.00189535 0 0.000200879)
(0.00247756 0 0.000242432)
(0.00319425 0 0.000285038)
(0.00406243 0 0.000325786)
(0.00509774 0 0.000360988)
(0.00631353 0 0.000386426)
(0.00771816 0 0.000397697)
(0.00931836 0 0.000390758)
(0.011107 0 0.00036262)
(0.01306 0 0.000312269)
(0.0151445 0 0.000241286)
(0.0173078 0 0.000154549)
(0.0194751 0 6.06425e-05)
(0.0215419 0 -2.77971e-05)
(0.0233817 0 -9.44121e-05)
(0.0248386 0 -0.000118371)
(0.0256634 0 -7.03672e-05)
(5.58402e-06 0 9.81923e-07)
(1.71348e-05 0 2.98254e-06)
(3.16607e-05 0 5.41469e-06)
(5.19938e-05 0 8.68828e-06)
(8.13385e-05 0 1.32292e-05)
(0.000123641 0 1.95141e-05)
(0.000183843 0 2.80783e-05)
(0.000268091 0 3.95062e-05)
(0.000383904 0 5.4401e-05)
(0.000540279 0 7.33322e-05)
(0.000747737 0 9.67579e-05)
(0.00101827 0 0.000124923)
(0.00136519 0 0.000157735)
(0.00180279 0 0.000194633)
(0.00234573 0 0.00023445)
(0.00301064 0 0.000275458)
(0.00381191 0 0.000315118)
(0.00476029 0 0.000350174)
(0.00586559 0 0.000377089)
(0.00713261 0 0.000392269)
(0.00856005 0 0.000392596)
(0.0101381 0 0.00037608)
(0.0118426 0 0.000342445)
(0.0136375 0 0.000293773)
(0.0154704 0 0.000234904)
(0.0172704 0 0.000173587)
(0.0189438 0 0.000120475)
(0.0203744 0 8.87675e-05)
(0.0214222 0 9.3764e-05)
(0.0219082 0 0.000152069)
(5.57043e-06 0 9.94711e-07)
(1.70592e-05 0 3.01543e-06)
(3.14081e-05 0 5.45431e-06)
(5.13468e-05 0 8.71095e-06)
(7.99316e-05 0 1.31956e-05)
(0.000120891 0 1.93626e-05)
(0.000178856 0 2.77171e-05)
(0.000259539 0 3.88058e-05)
(0.000369867 0 5.31881e-05)
(0.000518058 0 7.13878e-05)
(0.000713622 0 9.38224e-05)
(0.000967276 0 0.000120714)
(0.00129075 0 0.00015198)
(0.00169645 0 0.000187126)
(0.00219708 0 0.000225147)
(0.00280532 0 0.000264486)
(0.0035326 0 0.000303005)
(0.00438739 0 0.000338022)
(0.00537532 0 0.00036662)
(0.00649734 0 0.000385948)
(0.00774803 0 0.000393668)
(0.00911383 0 0.000388459)
(0.0105699 0 0.000370529)
(0.0120798 0 0.000342035)
(0.0135937 0 0.000307303)
(0.0150466 0 0.000272806)
(0.0163573 0 0.000246906)
(0.0174286 0 0.000239289)
(0.01815 0 0.000259921)
(0.0184047 0 0.000317118)
(5.52067e-06 0 9.99687e-07)
(1.68716e-05 0 3.02445e-06)
(3.09456e-05 0 5.4502e-06)
(5.03498e-05 0 8.66291e-06)
(7.79685e-05 0 1.30539e-05)
(0.000117285 0 1.90516e-05)
(0.000172585 0 2.71281e-05)
(0.000249102 0 3.77891e-05)
(0.000353126 0 5.15481e-05)
(0.00049204 0 6.88826e-05)
(0.000674288 0 9.01714e-05)
(0.000909258 0 0.000115617)
(0.00120706 0 0.000145156)
(0.00157818 0 0.00017837)
(0.00203308 0 0.000214407)
(0.00258157 0 0.000251948)
(0.00323207 0 0.000289212)
(0.00399025 0 0.000324026)
(0.00485846 0 0.000354056)
(0.00583446 0 0.000377084)
(0.00690995 0 0.000391377)
(0.00806914 0 0.000396085)
(0.00928712 0 0.000391617)
(0.010529 0 0.000379907)
(0.0117494 0 0.000364503)
(0.0128916 0 0.000350427)
(0.0138885 0 0.000343797)
(0.0146642 0 0.000351167)
(0.0151395 0 0.000378467)
(0.0152423 0 0.000429451)
(5.42816e-06 0 9.95757e-07)
(1.65543e-05 0 3.00667e-06)
(3.02454e-05 0 5.39792e-06)
(4.89662e-05 0 8.53857e-06)
(7.54086e-05 0 1.2798e-05)
(0.000112787 0 1.85761e-05)
(0.000165013 0 2.63089e-05)
(0.000236818 0 3.64594e-05)
(0.000333821 0 4.9494e-05)
(0.000462543 0 6.58434e-05)
(0.000630345 0 8.58491e-05)
(0.000845281 0 0.000109697)
(0.00111586 0 0.000137343)
(0.0014507 0 0.000168444)
(0.00185809 0 0.000202295)
(0.00234537 0 0.000237812)
(0.00291826 0 0.000273542)
(0.00357985 0 0.000307754)
(0.0043299 0 0.000338612)
(0.00516379 0 0.000364411)
(0.00607143 0 0.000383868)
(0.00703628 0 0.000396415)
(0.00803439 0 0.000402466)
(0.00903399 0 0.000403565)
(0.00999541 0 0.000402393)
(0.0108716 0 0.000402572)
(0.0116095 0 0.000408275)
(0.0121534 0 0.000423624)
(0.0124496 0 0.000451881)
(0.0124557 0 0.000494494)
(5.29102e-06 0 9.82595e-07)
(1.61024e-05 0 2.96128e-06)
(2.93022e-05 0 5.29657e-06)
(4.71951e-05 0 8.33766e-06)
(7.22632e-05 0 1.24294e-05)
(0.000107435 0 1.7941e-05)
(0.000156232 0 2.52705e-05)
(0.000222863 0 3.48365e-05)
(0.000312268 0 4.70575e-05)
(0.000430105 0 6.23178e-05)
(0.000582664 0 8.09216e-05)
(0.000776702 0 0.000103038)
(0.0010192 0 0.000128641)
(0.00131702 0 0.000157455)
(0.00167646 0 0.00018891)
(0.00210272 0 0.000222129)
(0.00259926 0 0.000255952)
(0.00316707 0 0.000289014)
(0.00380395 0 0.000319883)
(0.00450373 0 0.000347251)
(0.00525559 0 0.000370144)
(0.00604332 0 0.000388141)
(0.00684497 0 0.000401544)
(0.0076328 0 0.000411453)
(0.00837366 0 0.000419723)
(0.00903004 0 0.000428771)
(0.00956199 0 0.000441239)
(0.00993009 0 0.000459534)
(0.0100998 0 0.000485289)
(0.0100472 0 0.000518862)
(5.10868e-06 0 9.60076e-07)
(1.55151e-05 0 2.88806e-06)
(2.81182e-05 0 5.14634e-06)
(4.50477e-05 0 8.06167e-06)
(6.85636e-05 0 1.19524e-05)
(0.000101297 0 1.71551e-05)
(0.000146371 0 2.40288e-05)
(0.000207472 0 3.29471e-05)
(0.000288866 0 4.42805e-05)
(0.000395369 0 5.83668e-05)
(0.000532243 0 7.5473e-05)
(0.000705024 0 9.57502e-05)
(0.000919281 0 0.000119186)
(0.00118029 0 0.000145562)
(0.00149261 0 0.000174422)
(0.00185964 0 0.000205067)
(0.00228305 0 0.000236579)
(0.00276222 0 0.000267887)
(0.00329365 0 0.000297877)
(0.00387044 0 0.000325529)
(0.00448179 0 0.000350077)
(0.00511271 0 0.000371157)
(0.00574393 0 0.000388909)
(0.00635214 0 0.000404011)
(0.00691072 0 0.000417621)
(0.00739091 0 0.00043121)
(0.00776371 0 0.000446311)
(0.00800235 0 0.000464204)
(0.00808543 0 0.000485594)
(0.00800027 0 0.000510376)
(4.88256e-06 0 9.28394e-07)
(1.47977e-05 0 2.78775e-06)
(2.67066e-05 0 4.94911e-06)
(4.25528e-05 0 7.71468e-06)
(6.43667e-05 0 1.13748e-05)
(9.44785e-05 0 1.62325e-05)
(0.000135615 0 2.26071e-05)
(0.000190949 0 3.08276e-05)
(0.0002641 0 4.12168e-05)
(0.000359082 0 5.40668e-05)
(0.000480201 0 6.96074e-05)
(0.000631875 0 8.79698e-05)
(0.000818412 0 0.000109149)
(0.0010437 0 0.000132972)
(0.00131086 0 0.000159076)
(0.00162182 0 0.000186905)
(0.00197693 0 0.000215734)
(0.00237443 0 0.000244721)
(0.00281015 0 0.00027299)
(0.00327703 0 0.000299731)
(0.00376498 0 0.000324313)
(0.00426073 0 0.000346377)
(0.004748 0 0.000365905)
(0.00520792 0 0.000383225)
(0.00561984 0 0.000398959)
(0.00596247 0 0.000413897)
(0.00621546 0 0.000428829)
(0.00636126 0 0.000444344)
(0.0063872 0 0.000460664)
(0.00628731 0 0.000477533)
(4.61603e-06 0 8.88074e-07)
(1.39613e-05 0 2.66205e-06)
(2.50906e-05 0 4.70841e-06)
(3.9755e-05 0 7.30329e-06)
(5.97525e-05 0 1.0708e-05)
(8.71159e-05 0 1.51919e-05)
(0.000124187 0 2.1035e-05)
(0.000173649 0 2.85223e-05)
(0.000238512 0 3.79305e-05)
(0.000322053 0 4.95072e-05)
(0.000427707 0 6.34456e-05)
(0.000558905 0 7.98552e-05)
(0.00071886 0 9.8733e-05)
(0.000910303 0 0.000119939)
(0.00113518 0 0.000143182)
(0.00139434 0 0.000168019)
(0.00168716 0 0.000193874)
(0.00201125 0 0.000220079)
(0.00236219 0 0.000245935)
(0.00273328 0 0.000270782)
(0.00311551 0 0.000294075)
(0.00349759 0 0.000315451)
(0.00386627 0 0.000334762)
(0.00420676 0 0.00035208)
(0.00450355 0 0.000367651)
(0.00474138 0 0.000381817)
(0.00490641 0 0.000394909)
(0.00498759 0 0.000407133)
(0.00497786 0 0.000418487)
(0.00487514 0 0.000428723)
(4.31427e-06 0 8.3995e-07)
(1.30222e-05 0 2.51357e-06)
(2.33029e-05 0 4.42934e-06)
(3.67122e-05 0 6.83636e-06)
(5.48193e-05 0 9.96678e-06)
(7.93694e-05 0 1.40564e-05)
(0.00011234 0 1.93472e-05)
(0.000155957 0 2.60819e-05)
(0.000212672 0 3.44932e-05)
(0.0002851 0 4.47865e-05)
(0.000375912 0 5.71195e-05)
(0.000487686 0 7.1579e-05)
(0.000622723 0 8.81592e-05)
(0.000782821 0 0.000106743)
(0.000969033 0 0.000127094)
(0.00118141 0 0.000148853)
(0.00141874 0 0.000171558)
(0.00167836 0 0.000194672)
(0.00195595 0 0.000217628)
(0.00224549 0 0.000239875)
(0.00253926 0 0.000260935)
(0.002828 0 0.000280441)
(0.00310125 0 0.000298162)
(0.00334779 0 0.000314003)
(0.00355631 0 0.000327978)
(0.00371621 0 0.000340162)
(0.00381841 0 0.000350631)
(0.00385623 0 0.000359406)
(0.00382614 0 0.000366412)
(0.00372818 0 0.000371474)
(3.98398e-06 0 7.85139e-07)
(1.20013e-05 0 2.34573e-06)
(2.13832e-05 0 4.11833e-06)
(3.34926e-05 0 6.32467e-06)
(4.96782e-05 0 9.16807e-06)
(7.14133e-05 0 1.2852e-05)
(0.000100338 0 1.7582e-05)
(0.000138263 0 2.35612e-05)
(0.000187142 0 3.09811e-05)
(0.00024901 0 4.00079e-05)
(0.000325884 0 5.07659e-05)
(0.000419634 0 6.33194e-05)
(0.000531823 0 7.76567e-05)
(0.000663529 0 9.36763e-05)
(0.000815152 0 0.00011118)
(0.000986224 0 0.000129874)
(0.00117523 0 0.000149384)
(0.0013795 0 0.00016927)
(0.00159507 0 0.000189066)
(0.00181676 0 0.000208307)
(0.00203818 0 0.000226572)
(0.002252 0 0.000243505)
(0.0024502 0 0.000258835)
(0.00262451 0 0.00027238)
(0.00276695 0 0.000284031)
(0.00287037 0 0.000293725)
(0.00292903 0 0.000301421)
(0.00293916 0 0.00030707)
(0.00289933 0 0.000310602)
(0.00281063 0 0.000311929)
(3.63299e-06 0 7.24989e-07)
(1.09225e-05 0 2.16262e-06)
(1.93764e-05 0 3.78289e-06)
(3.01709e-05 0 5.78045e-06)
(4.44465e-05 0 8.33072e-06)
(6.34261e-05 0 1.16065e-05)
(8.8444e-05 0 1.57794e-05)
(0.000120943 0 2.10161e-05)
(0.000162445 0 2.74707e-05)
(0.000214491 0 3.52737e-05)
(0.000278555 0 4.45188e-05)
(0.000355934 0 5.52497e-05)
(0.000447623 0 6.7447e-05)
(0.000554168 0 8.10193e-05)
(0.000675525 0 9.57978e-05)
(0.000810928 0 0.000111539)
(0.000958778 0 0.000127932)
(0.00111656 0 0.000144619)
(0.00128086 0 0.00016121)
(0.00144733 0 0.000177316)
(0.0016109 0 0.000192567)
(0.00176591 0 0.000206635)
(0.00190641 0 0.000219248)
(0.00202649 0 0.000230195)
(0.00212067 0 0.000239316)
(0.00218429 0 0.000246501)
(0.0022139 0 0.000251669)
(0.00220758 0 0.000254766)
(0.00216509 0 0.000255756)
(0.00208796 0 0.000254625)
(3.26988e-06 0 6.61015e-07)
(9.81175e-06 0 1.96879e-06)
(1.73298e-05 0 3.43122e-06)
(2.68235e-05 0 5.21673e-06)
(3.92415e-05 0 7.47433e-06)
(5.55807e-05 0 1.03484e-05)
(7.69054e-05 0 1.39795e-05)
(0.000104341 0 1.85015e-05)
(0.000139041 0 2.40354e-05)
(0.000182141 0 3.06801e-05)
(0.000234676 0 3.85028e-05)
(0.000297502 0 4.75286e-05)
(0.000371187 0 5.7731e-05)
(0.000455907 0 6.90255e-05)
(0.000551349 0 8.12666e-05)
(0.000656614 0 9.42494e-05)
(0.000770161 0 0.000107717)
(0.000889775 0 0.000121373)
(0.00101258 0 0.000134897)
(0.00113511 0 0.000147962)
(0.00125344 0 0.000160253)
(0.00136333 0 0.000171483)
(0.00146049 0 0.000181403)
(0.00154083 0 0.000189809)
(0.00160069 0 0.000196544)
(0.00163717 0 0.000201493)
(0.00164833 0 0.000204583)
(0.00163336 0 0.000205777)
(0.00159265 0 0.000205078)
(0.00152779 0 0.00020253)
(2.90342e-06 0 5.94821e-07)
(8.69554e-06 0 1.76903e-06)
(1.52908e-05 0 3.07183e-06)
(2.35253e-05 0 4.64676e-06)
(3.41742e-05 0 6.61837e-06)
(4.80353e-05 0 9.10511e-06)
(6.59402e-05 0 1.222e-05)
(8.87456e-05 0 1.60682e-05)
(0.000117305 0 2.07417e-05)
(0.000152424 0 2.63129e-05)
(0.000194801 0 3.28264e-05)
(0.000244957 0 4.0292e-05)
(0.000303161 0 4.86775e-05)
(0.000369353 0 5.79045e-05)
(0.000443076 0 6.78465e-05)
(0.00052342 0 7.83313e-05)
(0.000608997 0 8.91462e-05)
(0.000697935 0 0.000100048)
(0.000787915 0 0.000110773)
(0.000876247 0 0.000121054)
(0.000959977 0 0.000130631)
(0.00103604 0 0.000139263)
(0.00110142 0 0.000146741)
(0.00115337 0 0.000152889)
(0.00118956 0 0.000157573)
(0.00120825 0 0.000160701)
(0.00120847 0 0.000162221)
(0.00119005 0 0.000162125)
(0.00115363 0 0.000160444)
(0.0011007 0 0.000157256)
(2.54215e-06 0 5.28022e-07)
(7.59932e-06 0 1.56813e-06)
(1.33043e-05 0 2.71309e-06)
(2.03449e-05 0 4.08334e-06)
(2.93436e-05 0 5.78121e-06)
(4.09261e-05 0 7.90215e-06)
(5.57287e-05 0 1.05351e-05)
(7.43874e-05 0 1.37606e-05)
(9.75143e-05 0 1.76466e-05)
(0.00012566 0 2.22432e-05)
(0.000159269 0 2.75772e-05)
(0.000198625 0 3.36466e-05)
(0.000243797 0 4.04155e-05)
(0.00029459 0 4.78118e-05)
(0.000350496 0 5.57262e-05)
(0.000410674 0 6.40143e-05)
(0.000473933 0 7.25016e-05)
(0.000538755 0 8.09905e-05)
(0.000603332 0 8.92695e-05)
(0.000665635 0 9.71237e-05)
(0.000723515 0 0.000104345)
(0.000774811 0 0.000110742)
(0.000817482 0 0.000116147)
(0.000849732 0 0.000120424)
(0.000870139 0 0.000123471)
(0.000877749 0 0.000125224)
(0.000872151 0 0.000125656)
(0.000853507 0 0.000124782)
(0.000822543 0 0.000122653)
(0.000780498 0 0.000119358)
(2.19395e-06 0 4.6216e-07)
(6.54633e-06 0 1.37064e-06)
(1.14103e-05 0 2.36285e-06)
(1.73422e-05 0 3.53821e-06)
(2.48323e-05 0 4.9793e-06)
(3.43621e-05 0 6.76159e-06)
(4.64069e-05 0 8.95358e-06)
(6.14267e-05 0 1.16152e-05)
(7.98457e-05 0 1.47947e-05)
(0.000102024 0 1.85248e-05)
(0.000128221 0 2.28188e-05)
(0.00015856 0 2.76661e-05)
(0.000192991 0 3.30298e-05)
(0.000231253 0 3.88447e-05)
(0.000272856 0 4.50173e-05)
(0.000317064 0 5.14285e-05)
(0.000362902 0 5.79366e-05)
(0.00040918 0 6.43843e-05)
(0.000454533 0 7.0605e-05)
(0.000497479 0 7.64311e-05)
(0.000536497 0 8.1702e-05)
(0.000570113 0 8.62714e-05)
(0.000596986 0 9.00141e-05)
(0.000615995 0 9.28308e-05)
(0.000626316 0 9.4652e-05)
(0.000627479 0 9.544e-05)
(0.000619398 0 9.51902e-05)
(0.000602378 0 9.39305e-05)
(0.000577095 0 9.17207e-05)
(0.000544547 0 8.86498e-05)
(1.86563e-06 0 3.9863e-07)
(5.55654e-06 0 1.18065e-06)
(9.6424e-06 0 2.02806e-06)
(1.45653e-05 0 3.02153e-06)
(2.07041e-05 0 4.22649e-06)
(2.84214e-05 0 5.70139e-06)
(3.80641e-05 0 7.49775e-06)
(4.99549e-05 0 9.65885e-06)
(6.43767e-05 0 1.22175e-05)
(8.15507e-05 0 1.51933e-05)
(0.000101612 0 1.85896e-05)
(0.000124581 0 2.23908e-05)
(0.000150343 0 2.6561e-05)
(0.000178625 0 3.10427e-05)
(0.000208988 0 3.57577e-05)
(0.000240822 0 4.06088e-05)
(0.000273359 0 4.54839e-05)
(0.000305695 0 5.02599e-05)
(0.000336831 0 5.4809e-05)
(0.000365718 0 5.90044e-05)
(0.000391312 0 6.27266e-05)
(0.000412639 0 6.58689e-05)
(0.00042885 0 6.83426e-05)
(0.000439279 0 7.00805e-05)
(0.000443486 0 7.104e-05)
(0.000441284 0 7.12044e-05)
(0.000432752 0 7.05833e-05)
(0.000418229 0 6.9212e-05)
(0.000398288 0 6.71497e-05)
(0.000373702 0 6.44769e-05)
(1.56269e-06 0 3.38616e-07)
(4.64586e-06 0 1.00162e-06)
(8.02645e-06 0 1.71446e-06)
(1.20495e-05 0 2.54145e-06)
(1.70021e-05 0 3.53345e-06)
(2.31512e-05 0 4.73477e-06)
(3.07434e-05 0 6.18316e-06)
(3.99981e-05 0 7.90887e-06)
(5.10953e-05 0 9.93301e-06)
(6.41601e-05 0 1.22656e-05)
(7.92453e-05 0 1.49035e-05)
(9.63147e-05 0 1.7829e-05)
(0.000115228 0 2.10087e-05)
(0.000135731 0 2.43935e-05)
(0.000157453 0 2.79192e-05)
(0.000179909 0 3.15085e-05)
(0.000202513 0 3.50744e-05)
(0.000224605 0 3.85232e-05)
(0.000245473 0 4.17595e-05)
(0.000264396 0 4.46903e-05)
(0.000280683 0 4.723e-05)
(0.000293711 0 4.93043e-05)
(0.000302967 0 5.08538e-05)
(0.000308079 0 5.18365e-05)
(0.000308838 0 5.22301e-05)
(0.000305214 0 5.20322e-05)
(0.000297353 0 5.12601e-05)
(0.000285569 0 4.99504e-05)
(0.000270321 0 4.81565e-05)
(0.000252182 0 4.59465e-05)
(1.28917e-06 0 2.8304e-07)
(3.82577e-06 0 8.36205e-07)
(6.58028e-06 0 1.42637e-06)
(9.81714e-06 0 2.10389e-06)
(1.37492e-05 0 2.90745e-06)
(1.85687e-05 0 3.86992e-06)
(2.44462e-05 0 5.01821e-06)
(3.15253e-05 0 6.37267e-06)
(3.99139e-05 0 7.94586e-06)
(4.96736e-05 0 9.7413e-06)
(6.08085e-05 0 1.17522e-05)
(7.32546e-05 0 1.39607e-05)
(8.68722e-05 0 1.63373e-05)
(0.000101442 0 1.8841e-05)
(0.000116664 0 2.14206e-05)
(0.000132169 0 2.40162e-05)
(0.000147526 0 2.65618e-05)
(0.000162264 0 2.89881e-05)
(0.000175895 0 3.12259e-05)
(0.000187938 0 3.32094e-05)
(0.00019795 0 3.48796e-05)
(0.00020555 0 3.61871e-05)
(0.000210443 0 3.70947e-05)
(0.000212439 0 3.75788e-05)
(0.000211463 0 3.76304e-05)
(0.000207559 0 3.72557e-05)
(0.000200887 0 3.64751e-05)
(0.000191708 0 3.53221e-05)
(0.000180373 0 3.38418e-05)
(0.000167294 0 3.20887e-05)
(1.04765e-06 0 2.3253e-07)
(3.10332e-06 0 6.86202e-07)
(5.31373e-06 0 1.16657e-06)
(7.87781e-06 0 1.71231e-06)
(1.095e-05 0 2.35222e-06)
(1.46654e-05 0 3.11008e-06)
(1.91384e-05 0 4.00454e-06)
(2.44589e-05 0 5.04864e-06)
(3.06867e-05 0 6.24904e-06)
(3.78438e-05 0 7.60523e-06)
(4.59084e-05 0 9.10884e-06)
(5.48087e-05 0 1.07432e-05)
(6.44193e-05 0 1.24832e-05)
(7.45609e-05 0 1.42959e-05)
(8.50035e-05 0 1.61415e-05)
(9.54733e-05 0 1.79748e-05)
(0.000105664 0 1.97472e-05)
(0.000115251 0 2.14087e-05)
(0.000123909 0 2.29108e-05)
(0.000131329 0 2.42085e-05)
(0.000137237 0 2.52628e-05)
(0.000141412 0 2.60428e-05)
(0.000143694 0 2.65267e-05)
(0.000144002 0 2.67032e-05)
(0.00014233 0 2.65717e-05)
(0.000138749 0 2.61423e-05)
(0.000133404 0 2.54348e-05)
(0.000126501 0 2.4478e-05)
(0.000118295 0 2.33078e-05)
(0.000109074 0 2.19659e-05)
(8.3931e-07 0 1.87407e-07)
(2.48146e-06 0 5.52484e-07)
(4.22947e-06 0 9.3626e-07)
(6.23023e-06 0 1.3678e-06)
(8.59334e-06 0 1.86805e-06)
(1.14113e-05 0 2.4538e-06)
(1.47583e-05 0 3.13753e-06)
(1.86878e-05 0 3.92714e-06)
(2.32284e-05 0 4.82545e-06)
(2.83801e-05 0 5.82975e-06)
(3.411e-05 0 6.93145e-06)
(4.03498e-05 0 8.11596e-06)
(4.69952e-05 0 9.36287e-06)
(5.39066e-05 0 1.06465e-05)
(6.09134e-05 0 1.19367e-05)
(6.78202e-05 0 1.32004e-05)
(7.44159e-05 0 1.44027e-05)
(8.04842e-05 0 1.55088e-05)
(8.58153e-05 0 1.64857e-05)
(9.0218e-05 0 1.73039e-05)
(9.3531e-05 0 1.79388e-05)
(9.5632e-05 0 1.8372e-05)
(9.64456e-05 0 1.85924e-05)
(9.59463e-05 0 1.85959e-05)
(9.41602e-05 0 1.83865e-05)
(9.11619e-05 0 1.79751e-05)
(8.70693e-05 0 1.73792e-05)
(8.20359e-05 0 1.66218e-05)
(7.62414e-05 0 1.57306e-05)
(6.98815e-05 0 1.4736e-05)
(6.64195e-07 0 1.4768e-07)
(1.95972e-06 0 4.35014e-07)
(3.32427e-06 0 7.35048e-07)
(4.8645e-06 0 1.06912e-06)
(6.65638e-06 0 1.45207e-06)
(8.76153e-06 0 1.8954e-06)
(1.12264e-05 0 2.40719e-06)
(1.40803e-05 0 2.99187e-06)
(1.73335e-05 0 3.64994e-06)
(2.09746e-05 0 4.3778e-06)
(2.49691e-05 0 5.16755e-06)
(2.92582e-05 0 6.00713e-06)
(3.37594e-05 0 6.88053e-06)
(3.83686e-05 0 7.76835e-06)
(4.29636e-05 0 8.64858e-06)
(4.74097e-05 0 9.49755e-06)
(5.15661e-05 0 1.02911e-05)
(5.52934e-05 0 1.10057e-05)
(5.84613e-05 0 1.16197e-05)
(6.09564e-05 0 1.21146e-05)
(6.26887e-05 0 1.24756e-05)
(6.35967e-05 0 1.26928e-05)
(6.36506e-05 0 1.27613e-05)
(6.28541e-05 0 1.26813e-05)
(6.12428e-05 0 1.24583e-05)
(5.8882e-05 0 1.21025e-05)
(5.5862e-05 0 1.16282e-05)
(5.22923e-05 0 1.1053e-05)
(4.82955e-05 0 1.03971e-05)
(4.40006e-05 0 9.6821e-06)
(5.21468e-07 0 1.13059e-07)
(1.53509e-06 0 3.32875e-07)
(2.5908e-06 0 5.6108e-07)
(3.76493e-06 0 8.12876e-07)
(5.10902e-06 0 1.09846e-06)
(6.66298e-06 0 1.42549e-06)
(8.4545e-06 0 1.79894e-06)
(1.0498e-05 0 2.22106e-06)
(1.27934e-05 0 2.69115e-06)
(1.53252e-05 0 3.20554e-06)
(1.80618e-05 0 3.75756e-06)
(2.09558e-05 0 4.33773e-06)
(2.39448e-05 0 4.93397e-06)
(2.69539e-05 0 5.53217e-06)
(2.98986e-05 0 6.11673e-06)
(3.26888e-05 0 6.67132e-06)
(3.52338e-05 0 7.17972e-06)
(3.74468e-05 0 7.6266e-06)
(3.92505e-05 0 7.99835e-06)
(4.0581e-05 0 8.28376e-06)
(4.13915e-05 0 8.47461e-06)
(4.16555e-05 0 8.56602e-06)
(4.1367e-05 0 8.55666e-06)
(4.05415e-05 0 8.44872e-06)
(3.92137e-05 0 8.24775e-06)
(3.74356e-05 0 7.96222e-06)
(3.52729e-05 0 7.6031e-06)
(3.2801e-05 0 7.18326e-06)
(3.01011e-05 0 6.71686e-06)
(2.72561e-05 0 6.21872e-06)
(4.09789e-07 0 8.2977e-08)
(1.20318e-06 0 2.44326e-07)
(2.01955e-06 0 4.11113e-07)
(2.9133e-06 0 5.93715e-07)
(3.91872e-06 0 7.9886e-07)
(5.06097e-06 0 1.03143e-06)
(6.35563e-06 0 1.29437e-06)
(7.80817e-06 0 1.58862e-06)
(9.41351e-06 0 1.91304e-06)
(1.11557e-05 0 2.26443e-06)
(1.30082e-05 0 2.63756e-06)
(1.49342e-05 0 3.02538e-06)
(1.68881e-05 0 3.41921e-06)
(1.88176e-05 0 3.80921e-06)
(2.06658e-05 0 4.18477e-06)
(2.23743e-05 0 4.53506e-06)
(2.38865e-05 0 4.8496e-06)
(2.51506e-05 0 5.11879e-06)
(2.61228e-05 0 5.33443e-06)
(2.67695e-05 0 5.49011e-06)
(2.70692e-05 0 5.58156e-06)
(2.70141e-05 0 5.60682e-06)
(2.66094e-05 0 5.56627e-06)
(2.58733e-05 0 5.46258e-06)
(2.48354e-05 0 5.30047e-06)
(2.35348e-05 0 5.08645e-06)
(2.20175e-05 0 4.82845e-06)
(2.03342e-05 0 4.53538e-06)
(1.85373e-05 0 4.21678e-06)
(1.6679e-05 0 3.88235e-06)
(3.27686e-07 0 5.66102e-08)
(9.59309e-07 0 1.66872e-07)
(1.60106e-06 0 2.80632e-07)
(2.29224e-06 0 4.04455e-07)
(3.05555e-06 0 5.42498e-07)
(3.90649e-06 0 6.97698e-07)
(4.85314e-06 0 8.71685e-07)
(5.896e-06 0 1.06474e-06)
(7.0279e-06 0 1.27577e-06)
(8.23415e-06 0 1.50232e-06)
(9.49305e-06 0 1.74067e-06)
(1.07767e-05 0 1.98596e-06)
(1.20523e-05 0 2.2324e-06)
(1.32836e-05 0 2.47355e-06)
(1.44329e-05 0 2.70261e-06)
(1.5463e-05 0 2.91282e-06)
(1.63396e-05 0 3.09778e-06)
(1.70327e-05 0 3.25179e-06)
(1.7519e-05 0 3.37017e-06)
(1.77826e-05 0 3.44952e-06)
(1.78161e-05 0 3.48779e-06)
(1.76207e-05 0 3.48446e-06)
(1.7206e-05 0 3.44048e-06)
(1.65894e-05 0 3.35814e-06)
(1.57943e-05 0 3.241e-06)
(1.48496e-05 0 3.09358e-06)
(1.3787e-05 0 2.92118e-06)
(1.26401e-05 0 2.72957e-06)
(1.14424e-05 0 2.52476e-06)
(1.02265e-05 0 2.31275e-06)
(2.73883e-07 0 3.29203e-08)
(7.99638e-07 0 9.73393e-08)
(1.328e-06 0 1.63931e-07)
(1.88874e-06 0 2.36186e-07)
(2.49723e-06 0 3.16336e-07)
(3.16311e-06 0 4.05937e-07)
(3.89016e-06 0 5.05798e-07)
(4.67627e-06 0 6.15947e-07)
(5.5136e-06 0 7.35623e-07)
(6.38898e-06 0 8.63298e-07)
(7.28451e-06 0 9.96731e-07)
(8.17847e-06 0 1.13307e-06)
(9.04643e-06 0 1.26896e-06)
(9.86261e-06 0 1.40074e-06)
(1.06013e-05 0 1.5246e-06)
(1.12383e-05 0 1.63682e-06)
(1.17524e-05 0 1.73394e-06)
(1.21265e-05 0 1.81295e-06)
(1.23487e-05 0 1.87146e-06)
(1.24126e-05 0 1.90783e-06)
(1.2318e-05 0 1.9212e-06)
(1.20704e-05 0 1.91159e-06)
(1.16804e-05 0 1.87978e-06)
(1.11636e-05 0 1.82732e-06)
(1.05389e-05 0 1.75638e-06)
(9.82757e-06 0 1.66967e-06)
(9.0525e-06 0 1.5702e-06)
(8.23661e-06 0 1.46124e-06)
(7.40215e-06 0 1.34609e-06)
(6.56974e-06 0 1.22799e-06)
(2.47437e-07 0 1.0736e-08)
(7.2175e-07 0 3.20236e-08)
(1.19706e-06 0 5.4211e-08)
(1.69749e-06 0 7.82883e-08)
(2.23425e-06 0 1.04964e-07)
(2.81413e-06 0 1.34739e-07)
(3.43892e-06 0 1.67867e-07)
(4.10541e-06 0 2.04345e-07)
(4.80562e-06 0 2.43906e-07)
(5.52723e-06 0 2.86031e-07)
(6.25434e-06 0 3.29962e-07)
(6.9683e-06 0 3.7474e-07)
(7.6488e-06 0 4.19246e-07)
(8.27507e-06 0 4.62261e-07)
(8.82705e-06 0 5.02525e-07)
(9.28665e-06 0 5.38811e-07)
(9.63872e-06 0 5.69988e-07)
(9.87199e-06 0 5.95084e-07)
(9.97961e-06 0 6.13337e-07)
(9.95946e-06 0 6.24236e-07)
(9.81418e-06 0 6.27541e-07)
(9.55086e-06 0 6.23289e-07)
(9.18046e-06 0 6.11785e-07)
(8.71715e-06 0 5.93574e-07)
(8.17737e-06 0 5.69404e-07)
(7.57901e-06 0 5.40183e-07)
(6.94042e-06 0 5.06923e-07)
(6.2797e-06 0 4.70687e-07)
(5.61398e-06 0 4.32529e-07)
(4.95893e-06 0 3.93431e-07)
(0.0346708 0 -0.000885217)
(0.0346897 0 -0.00041245)
(0.0346657 0 8.61252e-05)
(0.0330191 0 -0.00052159)
(0.0330083 0 -0.000296683)
(0.0330226 0 -6.78068e-05)
(0.0295364 0 -0.000209719)
(0.0294919 0 -8.25993e-05)
(0.0295997 0 3.47335e-05)
(0.025584 0 4.49427e-05)
(0.0255253 0 0.000128897)
(0.0256816 0 0.000198021)
(0.0217471 0 0.000242673)
(0.0216764 0 0.00030247)
(0.0218387 0 0.000346889)
(0.0182045 0 0.000387827)
(0.0181286 0 0.000431617)
(0.0182808 0 0.000461301)
(0.0150293 0 0.000483935)
(0.0149536 0 0.000516145)
(0.0150901 0 0.000536369)
(0.0122459 0 0.000535402)
(0.0121738 0 0.00055881)
(0.012293 0 0.000572841)
(0.0098503 0 0.00054831)
(0.00978383 0 0.00056487)
(0.0098859 0 0.000574878)
(0.0078215 0 0.000530282)
(0.00776181 0 0.000541515)
(0.00784786 0 0.000548952)
(0.00612927 0 0.000489761)
(0.00607687 0 0.00049693)
(0.00614841 0 0.000502737)
(0.00473858 0 0.000435072)
(0.00469352 0 0.000439247)
(0.00475225 0 0.000443996)
(0.00361264 0 0.000373599)
(0.00357465 0 0.000375668)
(0.00362225 0 0.000379684)
(0.00271482 0 0.000311256)
(0.00268342 0 0.000311933)
(0.00272151 0 0.000315384)
(0.00201007 0 0.000252302)
(0.00198462 0 0.00025213)
(0.00201468 0 0.000255098)
(0.00146572 0 0.000199415)
(0.00144551 0 0.000198786)
(0.0014689 0 0.000201314)
(0.0010522 0 0.000153941)
(0.00103648 0 0.000153122)
(0.0010544 0 0.000155241)
(0.00074337 0 0.000116216)
(0.00073138 0 0.000115374)
(0.000744898 0 0.000117115)
(0.000516689 0 8.5882e-05)
(0.000507736 0 8.51105e-05)
(0.000517764 0 8.65111e-05)
(0.00035322 0 6.21661e-05)
(0.00034667 0 6.15093e-05)
(0.000353984 0 6.26122e-05)
(0.000237426 0 4.40976e-05)
(0.000232734 0 4.35675e-05)
(0.000237976 0 4.44174e-05)
(0.000156879 0 3.06616e-05)
(0.000153587 0 3.02515e-05)
(0.000157277 0 3.08925e-05)
(0.000101871 0 2.08989e-05)
(9.96089e-05 0 2.0593e-05)
(0.000102161 0 2.10661e-05)
(6.49997e-05 0 1.39613e-05)
(6.3478e-05 0 1.37403e-05)
(6.52116e-05 0 1.40821e-05)
(4.07572e-05 0 9.13535e-06)
(3.97545e-05 0 8.98058e-06)
(4.09121e-05 0 9.22184e-06)
(2.51406e-05 0 5.84404e-06)
(2.44929e-05 0 5.73885e-06)
(2.52544e-05 0 5.9048e-06)
(1.53176e-05 0 3.63447e-06)
(1.4906e-05 0 3.56535e-06)
(1.54025e-05 0 3.67563e-06)
(9.34867e-06 0 2.15757e-06)
(9.08798e-06 0 2.11431e-06)
(9.41455e-06 0 2.18338e-06)
(5.9762e-06 0 1.14255e-06)
(5.80398e-06 0 1.11828e-06)
(6.02955e-06 0 1.15591e-06)
(4.49557e-06 0 3.65779e-07)
(4.35631e-06 0 3.57557e-07)
(4.5291e-06 0 3.6948e-07)
(0.0346263 0 0.000161645)
(0.033651 0 0.000217219)
(0.0316079 0 0.000290638)
(0.0289632 0 0.000364177)
(0.0260142 0 0.000425036)
(0.0229798 0 0.000468606)
(0.0199984 0 0.000494848)
(0.0171621 0 0.000505252)
(0.0145307 0 0.000501479)
(0.0121412 0 0.000485181)
(0.0100128 0 0.000458164)
(0.00815032 0 0.000422538)
(0.00654772 0 0.000380707)
(0.00519079 0 0.000335223)
(0.00405974 0 0.00028856)
(0.00313146 0 0.000242918)
(0.00238126 0 0.000200063)
(0.00178435 0 0.000161256)
(0.00131689 0 0.000127244)
(0.000956712 0 9.83196e-05)
(0.000683804 0 7.4402e-05)
(0.000480549 0 5.51414e-05)
(0.00033182 0 4.00177e-05)
(0.00022494 0 2.84262e-05)
(0.000149513 0 1.97434e-05)
(9.71939e-05 0 1.33729e-05)
(6.1395e-05 0 8.77084e-06)
(3.69554e-05 0 5.45427e-06)
(1.97704e-05 0 2.99177e-06)
(6.35659e-06 0 9.76554e-07)
(0.0329605 0 0.000109965)
(0.031729 0 0.000233528)
(0.0297606 0 0.000342058)
(0.027305 0 0.000431917)
(0.0245908 0 0.000498751)
(0.0217973 0 0.000541789)
(0.0190343 0 0.00056337)
(0.0163909 0 0.000566443)
(0.0139249 0 0.000553976)
(0.0116737 0 0.000528734)
(0.00965881 0 0.000493321)
(0.00788747 0 0.000450315)
(0.00635644 0 0.000402324)
(0.00505466 0 0.000351894)
(0.00396526 0 0.000301373)
(0.00306775 0 0.000252776)
(0.00233977 0 0.000207678)
(0.00175852 0 0.000167169)
(0.00130178 0 0.000131855)
(0.000948687 0 0.000101924)
(0.000680272 0 7.72173e-05)
(0.000479692 0 5.733e-05)
(0.000332412 0 4.17043e-05)
(0.000226188 0 2.97094e-05)
(0.000150936 0 2.07032e-05)
(9.85197e-05 0 1.40742e-05)
(6.24884e-05 0 9.26612e-06)
(3.77593e-05 0 5.78349e-06)
(2.02646e-05 0 3.18211e-06)
(6.52786e-06 0 1.0407e-06)
(0.0298079 0 0.000163124)
(0.0289202 0 0.000292077)
(0.0272721 0 0.000401588)
(0.0251627 0 0.000489563)
(0.0227924 0 0.000553335)
(0.0203045 0 0.000592647)
(0.0178172 0 0.000609531)
(0.0154167 0 0.000607074)
(0.0131565 0 0.000588596)
(0.0110763 0 0.000557355)
(0.00920273 0 0.000516348)
(0.00754529 0 0.000468434)
(0.00610432 0 0.000416371)
(0.0048727 0 0.000362716)
(0.00383685 0 0.000309723)
(0.00297936 0 0.00025927)
(0.00228067 0 0.000212792)
(0.00172035 0 0.000171249)
(0.00127819 0 0.000135145)
(0.000934974 0 0.000104594)
(0.000673022 0 7.93868e-05)
(0.000476476 0 5.9083e-05)
(0.000331555 0 4.31051e-05)
(0.000226579 0 3.08111e-05)
(0.000151874 0 2.15518e-05)
(9.95885e-05 0 1.47106e-05)
(6.34559e-05 0 9.72551e-06)
(3.85084e-05 0 6.0943e-06)
(2.0739e-05 0 3.36413e-06)
(6.69476e-06 0 1.10248e-06)
(0.026067 0 0.000275597)
(0.0255965 0 0.000375739)
(0.0243715 0 0.000467187)
(0.0226763 0 0.000541547)
(0.0206945 0 0.000595211)
(0.0185642 0 0.000627065)
(0.0163963 0 0.000638072)
(0.0142701 0 0.000630603)
(0.0122428 0 0.00060762)
(0.0103612 0 0.000572356)
(0.00865328 0 0.000527919)
(0.0071291 0 0.000477145)
(0.00579407 0 0.000422856)
(0.00464611 0 0.000367575)
(0.00367471 0 0.00031344)
(0.00286589 0 0.000262217)
(0.00220323 0 0.000215228)
(0.00166901 0 0.000173336)
(0.00124531 0 0.000136976)
(0.000914835 0 0.000106215)
(0.000661445 0 8.08181e-05)
(0.000470416 0 6.03282e-05)
(0.000328875 0 4.41647e-05)
(0.000225836 0 3.16895e-05)
(0.00015213 0 2.22589e-05)
(0.000100262 0 1.52605e-05)
(6.42049e-05 0 1.01342e-05)
(3.91441e-05 0 6.37716e-06)
(2.11609e-05 0 3.53239e-06)
(6.8463e-06 0 1.16004e-06)
(0.0222859 0 0.000392824)
(0.0221252 0 0.00046146)
(0.0212944 0 0.000529004)
(0.0200092 0 0.000585147)
(0.0184234 0 0.000625299)
(0.0166619 0 0.000647463)
(0.0148253 0 0.000651664)
(0.0129913 0 0.00063939)
(0.0112191 0 0.000612981)
(0.00955421 0 0.00057521)
(0.00802467 0 0.000528948)
(0.00664659 0 0.000476961)
(0.00543099 0 0.000422035)
(0.00437848 0 0.000366582)
(0.00348081 0 0.000312531)
(0.00272818 0 0.00026156)
(0.0021076 0 0.000214899)
(0.00160427 0 0.000173335)
(0.0012027 0 0.00013725)
(0.00088777 0 0.000106697)
(0.000645091 0 8.14368e-05)
(0.000461124 0 6.10035e-05)
(0.000324054 0 4.48329e-05)
(0.000223709 0 3.23056e-05)
(0.000151515 0 2.27948e-05)
(0.000100404 0 1.57021e-05)
(6.46428e-05 0 1.0477e-05)
(3.96068e-05 0 6.62198e-06)
(2.14967e-05 0 3.6811e-06)
(6.97124e-06 0 1.21143e-06)
(0.018729 0 0.000488443)
(0.0187641 0 0.000532218)
(0.018245 0 0.000577726)
(0.0173176 0 0.000615952)
(0.0160975 0 0.000642324)
(0.0146879 0 0.000654477)
(0.0131766 0 0.000651824)
(0.0116353 0 0.000635136)
(0.010121 0 0.000606115)
(0.00867753 0 0.000567018)
(0.00733525 0 0.000520359)
(0.00611409 0 0.000468691)
(0.00502647 0 0.000414513)
(0.00407541 0 0.000360038)
(0.00325804 0 0.000307142)
(0.00256764 0 0.000257355)
(0.00199434 0 0.000211806)
(0.00152619 0 0.000171214)
(0.00115009 0 0.000135911)
(0.000853535 0 0.000105985)
(0.000623762 0 8.11965e-05)
(0.000448377 0 6.10655e-05)
(0.000316878 0 4.50714e-05)
(0.000220012 0 3.26272e-05)
(0.000149881 0 2.3134e-05)
(9.99038e-05 0 1.60159e-05)
(6.46884e-05 0 1.07397e-05)
(3.98424e-05 0 6.81916e-06)
(2.17151e-05 0 3.80464e-06)
(7.05911e-06 0 1.25474e-06)
(0.015511 0 0.000552452)
(0.0156589 0 0.000578925)
(0.0153661 0 0.000607168)
(0.0147267 0 0.000630403)
(0.0138204 0 0.00064479)
(0.0127262 0 0.000648078)
(0.0115162 0 0.000639428)
(0.010253 0 0.00061916)
(0.00898832 0 0.000588465)
(0.00776331 0 0.000549122)
(0.00660873 0 0.000503239)
(0.0055461 0 0.000453049)
(0.00458919 0 0.00040075)
(0.00374417 0 0.000348348)
(0.0030116 0 0.000297564)
(0.00238774 0 0.000249793)
(0.00186566 0 0.000206066)
(0.00143618 0 0.000167045)
(0.00108883 0 0.000133052)
(0.000812915 0 0.000104135)
(0.00059749 0 8.00837e-05)
(0.000432044 0 6.04875e-05)
(0.000307185 0 4.48527e-05)
(0.000214595 0 3.26298e-05)
(0.000147102 0 2.32558e-05)
(9.86622e-05 0 1.61856e-05)
(6.42704e-05 0 1.09101e-05)
(3.98025e-05 0 6.96035e-06)
(2.17879e-05 0 3.89803e-06)
(7.10005e-06 0 1.28822e-06)
(0.0126737 0 0.000582876)
(0.0128793 0 0.000598453)
(0.0127423 0 0.000614643)
(0.0123227 0 0.000626787)
(0.0116717 0 0.000632005)
(0.0108462 0 0.000628453)
(0.00990234 0 0.000615311)
(0.00889159 0 0.000592677)
(0.00785875 0 0.000561393)
(0.00684096 0 0.000522845)
(0.00586745 0 0.000478762)
(0.00495982 0 0.000431039)
(0.00413277 0 0.000381572)
(0.00339464 0 0.00033213)
(0.00274852 0 0.000284252)
(0.00219333 0 0.000239194)
(0.00172475 0 0.00019789)
(0.00133617 0 0.00016095)
(0.00101952 0 0.00012868)
(0.000766008 0 0.000101126)
(0.000566544 0 7.81065e-05)
(0.000412276 0 5.92707e-05)
(0.000295024 0 4.41706e-05)
(0.00020745 0 3.23033e-05)
(0.000143144 0 2.31494e-05)
(9.66378e-05 0 1.62012e-05)
(6.33506e-05 0 1.09798e-05)
(3.94575e-05 0 7.03921e-06)
(2.16963e-05 0 3.95732e-06)
(7.08765e-06 0 1.31052e-06)
(0.0102214 0 0.000582181)
(0.0104494 0 0.000591762)
(0.0104149 0 0.000600495)
(0.0101562 0 0.000605405)
(0.00970467 0 0.000604515)
(0.00909914 0 0.000596477)
(0.00838109 0 0.000580646)
(0.00759096 0 0.000557056)
(0.00676576 0 0.000526336)
(0.00593759 0 0.000489579)
(0.00513284 0 0.000448192)
(0.00437204 0 0.000403755)
(0.00367001 0 0.00035788)
(0.00303628 0 0.000312095)
(0.0024757 0 0.000267751)
(0.0019893 0 0.000225961)
(0.001575 0 0.000187566)
(0.00122844 0 0.000153125)
(0.000943669 0 0.000122931)
(0.000713791 0 9.70386e-05)
(0.000531464 0 7.53041e-05)
(0.000389359 0 5.74318e-05)
(0.000280525 0 4.30277e-05)
(0.000198614 0 3.16424e-05)
(0.000137994 0 2.28057e-05)
(9.37998e-05 0 1.60529e-05)
(6.18946e-05 0 1.094e-05)
(3.87784e-05 0 7.04892e-06)
(2.14213e-05 0 3.97822e-06)
(7.01544e-06 0 1.32017e-06)
(0.00813771 0 0.000555564)
(0.00836589 0 0.000562561)
(0.00839521 0 0.000567403)
(0.00825043 0 0.000568343)
(0.00794962 0 0.000564122)
(0.00751813 0 0.000553851)
(0.00698534 0 0.000537108)
(0.00638168 0 0.000513953)
(0.00573649 0 0.000484897)
(0.00507633 0 0.00045082)
(0.00442407 0 0.000412874)
(0.00379827 0 0.000372367)
(0.00321308 0 0.000330653)
(0.00267838 0 0.000289035)
(0.00220009 0 0.000248681)
(0.00178075 0 0.000210567)
(0.00142006 0 0.000175443)
(0.00111552 0 0.000143822)
(0.000863035 0 0.000115981)
(0.000657434 0 9.19926e-05)
(0.000492973 0 7.17515e-05)
(0.00036373 0 5.50155e-05)
(0.000263937 0 4.14486e-05)
(0.000188216 0 3.06586e-05)
(0.000131713 0 2.22284e-05)
(9.01676e-05 0 1.57398e-05)
(5.99022e-05 0 1.07883e-05)
(3.7758e-05 0 6.98672e-06)
(2.0956e-05 0 3.95864e-06)
(6.8803e-06 0 1.31634e-06)
(0.00639454 0 0.000509698)
(0.00660956 0 0.00051619)
(0.00667542 0 0.00051959)
(0.0066084 0 0.000518989)
(0.00641811 0 0.000513632)
(0.00612037 0 0.000502993)
(0.00573515 0 0.00048685)
(0.00528452 0 0.00046532)
(0.00479084 0 0.000438849)
(0.00427531 0 0.000408166)
(0.00375694 0 0.000374221)
(0.00325184 0 0.000338094)
(0.00277288 0 0.000300918)
(0.00232962 0 0.000263791)
(0.00192842 0 0.000227714)
(0.00157278 0 0.000193536)
(0.00126368 0 0.000161921)
(0.00100012 0 0.000133334)
(0.000779526 0 0.000108043)
(0.000598237 0 8.61365e-05)
(0.00045192 0 6.75468e-05)
(0.000335924 0 5.20844e-05)
(0.000245584 0 3.94711e-05)
(0.000176443 0 2.9373e-05)
(0.0001244 0 2.14278e-05)
(8.57876e-05 0 1.52663e-05)
(5.73911e-05 0 1.05251e-05)
(3.63999e-05 0 6.85178e-06)
(2.0299e-05 0 3.89758e-06)
(6.68127e-06 0 1.29862e-06)
(0.00495799 0 0.000451616)
(0.00515235 0 0.00045861)
(0.00523596 0 0.000462008)
(0.0052197 0 0.000461431)
(0.00510802 0 0.000456447)
(0.00491025 0 0.000446773)
(0.00463945 0 0.000432338)
(0.00431105 0 0.000413304)
(0.00394153 0 0.000390074)
(0.00354721 0 0.000363267)
(0.00314333 0 0.000333666)
(0.00274335 0 0.000302166)
(0.00235849 0 0.00026971)
(0.00199753 0 0.00023722)
(0.00166676 0 0.000205545)
(0.00137013 0 0.000175419)
(0.0011095 0 0.000147426)
(0.000884947 0 0.000121986)
(0.000695112 0 9.9357e-05)
(0.000537589 0 7.9642e-05)
(0.000409251 0 6.28095e-05)
(0.000306568 0 4.87187e-05)
(0.000225867 0 3.7147e-05)
(0.000163541 0 2.78175e-05)
(0.000116197 0 2.04225e-05)
(8.07384e-05 0 1.46419e-05)
(5.44009e-05 0 1.01552e-05)
(3.47221e-05 0 6.64586e-06)
(1.94572e-05 0 3.79551e-06)
(6.42006e-06 0 1.26705e-06)
(0.00379164 0 0.000387817)
(0.00396179 0 0.000395561)
(0.00405059 0 0.0003996)
(0.00406543 0 0.000399867)
(0.00400774 0 0.000396109)
(0.00388264 0 0.000388188)
(0.00369827 0 0.000376118)
(0.00346507 0 0.000360087)
(0.00319474 0 0.000340454)
(0.00289947 0 0.000317742)
(0.00259108 0 0.000292602)
(0.00228041 0 0.000265773)
(0.00197688 0 0.000238035)
(0.0016882 0 0.000210157)
(0.00142023 0 0.000182858)
(0.001177 0 0.000156765)
(0.000960839 0 0.00013239)
(0.000772554 0 0.000110111)
(0.00061171 0 9.01752e-05)
(0.000476887 0 7.26961e-05)
(0.000365957 0 5.76738e-05)
(0.000276342 0 4.50118e-05)
(0.000205238 0 3.45393e-05)
(0.000149801 0 2.60332e-05)
(0.000107284 0 1.9238e-05)
(7.51265e-05 0 1.38819e-05)
(5.09913e-05 0 9.68688e-06)
(3.27558e-05 0 6.37321e-06)
(1.84451e-05 0 3.65434e-06)
(6.10099e-06 0 1.22222e-06)
(0.00285886 0 0.000323667)
(0.00300387 0 0.000331953)
(0.00308981 0 0.000336735)
(0.00312182 0 0.000338105)
(0.00309966 0 0.000335895)
(0.00302577 0 0.000330038)
(0.002905 0 0.000320584)
(0.00274408 0 0.000307713)
(0.0025511 0 0.000291737)
(0.00233484 0 0.000273093)
(0.00210418 0 0.000252316)
(0.00186761 0 0.000230011)
(0.00163274 0 0.000206819)
(0.00140608 0 0.00018338)
(0.00119283 0 0.000160295)
(0.00099681 0 0.000138098)
(0.000820517 0 0.000117233)
(0.000665209 0 9.80419e-05)
(0.000531082 0 8.07534e-05)
(0.000417462 0 6.54914e-05)
(0.000323012 0 5.22814e-05)
(0.000245939 0 4.10656e-05)
(0.000184176 0 3.17191e-05)
(0.000135543 0 2.40681e-05)
(9.78695e-05 0 1.79057e-05)
(6.90809e-05 0 1.30059e-05)
(4.7239e-05 0 9.13195e-06)
(3.05439e-05 0 6.04049e-06)
(1.72843e-05 0 3.47742e-06)
(5.7308e-06 0 1.16517e-06)
(0.00212433 0 0.000263124)
(0.00224496 0 0.000271547)
(0.00232329 0 0.000276863)
(0.0023629 0 0.000279233)
(0.00236277 0 0.000278523)
(0.00232372 0 0.000274685)
(0.00224839 0 0.000267771)
(0.00214099 0 0.000257933)
(0.00200686 0 0.000245429)
(0.00185215 0 0.000230613)
(0.00168333 0 0.000213916)
(0.00150681 0 0.000195829)
(0.00132858 0 0.000176874)
(0.00115393 0 0.000157574)
(0.000987288 0 0.00013843)
(0.00083209 0 0.000119893)
(0.000690768 0 0.000102345)
(0.000564789 0 8.60882e-05)
(0.00045475 0 7.13364e-05)
(0.000360507 0 5.8217e-05)
(0.000281323 0 4.67754e-05)
(0.000216027 0 3.69854e-05)
(0.000163158 0 2.87621e-05)
(0.000121097 0 2.1975e-05)
(8.81747e-05 0 1.64615e-05)
(6.27454e-05 0 1.20374e-05)
(4.32336e-05 0 8.50512e-06)
(2.81392e-05 0 5.65643e-06)
(1.60024e-05 0 3.26933e-06)
(5.31829e-06 0 1.09737e-06)
(0.00155502 0 0.000208739)
(0.00165315 0 0.000216868)
(0.00172142 0 0.000222387)
(0.00176238 0 0.000225469)
(0.00177468 0 0.000225991)
(0.00175828 0 0.000223902)
(0.00171443 0 0.000219234)
(0.00164557 0 0.000212103)
(0.00155512 0 0.000202707)
(0.00144722 0 0.000191322)
(0.00132646 0 0.000178288)
(0.00119752 0 0.000163995)
(0.00106496 0 0.00014886)
(0.00093297 0 0.000133308)
(0.000805158 0 0.000117749)
(0.000684483 0 0.000102559)
(0.000573171 0 8.8064e-05)
(0.000472718 0 7.45285e-05)
(0.000383935 0 6.21484e-05)
(0.000307025 0 5.10499e-05)
(0.000241684 0 4.12923e-05)
(0.000187215 0 3.28746e-05)
(0.000142636 0 2.57445e-05)
(0.000106789 0 1.98088e-05)
(7.84246e-05 0 1.49435e-05)
(5.62711e-05 0 1.10022e-05)
(3.90725e-05 0 7.82327e-06)
(2.56009e-05 0 5.23139e-06)
(1.46312e-05 0 3.03572e-06)
(4.87386e-06 0 1.0207e-06)
(0.00112091 0 0.000161829)
(0.00119902 0 0.000169312)
(0.00125641 0 0.0001747)
(0.00129489 0 0.000178153)
(0.00131311 0 0.000179549)
(0.00131057 0 0.00017883)
(0.00128768 0 0.000176)
(0.00124576 0 0.000171136)
(0.00118688 0 0.000164379)
(0.00111373 0 0.000155936)
(0.00102943 0 0.000146065)
(0.000937341 0 0.000135068)
(0.000840806 0 0.000123272)
(0.000743022 0 0.000111016)
(0.000646858 0 9.86293e-05)
(0.000554755 0 8.64226e-05)
(0.000468647 0 7.46693e-05)
(0.000389941 0 6.35975e-05)
(0.000319522 0 5.3383e-05)
(0.000257795 0 4.4147e-05)
(0.000204747 0 3.59569e-05)
(0.000160023 0 2.88299e-05)
(0.000123011 0 2.27397e-05)
(9.29166e-05 0 1.76237e-05)
(6.88354e-05 0 1.33907e-05)
(4.98081e-05 0 9.92759e-06)
(3.48559e-05 0 7.10457e-06)
(2.2992e-05 0 4.77688e-06)
(1.32055e-05 0 2.78298e-06)
(4.40891e-06 0 9.3726e-07)
(0.000795376 0 0.000122748)
(0.00085626 0 0.000129353)
(0.000903011 0 0.000134342)
(0.000936953 0 0.000137852)
(0.000956846 0 0.000139766)
(0.000962025 0 0.000140016)
(0.000952453 0 0.000138584)
(0.000928722 0 0.00013551)
(0.000892008 0 0.000130887)
(0.000843987 0 0.000124861)
(0.000786716 0 0.000117621)
(0.000722497 0 0.000109394)
(0.000653731 0 0.000100428)
(0.000582784 0 9.09883e-05)
(0.000511856 0 8.13366e-05)
(0.000442892 0 7.17227e-05)
(0.000377505 0 6.23725e-05)
(0.000316938 0 5.34793e-05)
(0.000262055 0 4.51976e-05)
(0.000213353 0 3.76401e-05)
(0.000170996 0 3.08767e-05)
(0.000134867 0 2.49372e-05)
(0.000104621 0 1.98145e-05)
(7.97432e-05 0 1.54704e-05)
(5.96032e-05 0 1.18407e-05)
(4.34979e-05 0 8.84036e-06)
(3.06811e-05 0 6.36757e-06)
(2.03754e-05 0 4.30491e-06)
(1.17608e-05 0 2.51792e-06)
(3.93528e-06 0 8.49342e-07)
(0.000555398 0 9.1171e-05)
(0.00060187 0 9.67871e-05)
(0.0006389 0 0.000101201)
(0.000667447 0 0.000104526)
(0.000686466 0 0.000106652)
(0.000695278 0 0.000107508)
(0.000693624 0 0.000107061)
(0.000681678 0 0.000105321)
(0.000660039 0 0.000102344)
(0.000629693 0 9.8224e-05)
(0.000591939 0 9.30939e-05)
(0.000548307 0 8.7117e-05)
(0.000500461 0 8.04794e-05)
(0.000450098 0 7.33808e-05)
(0.000398856 0 6.60246e-05)
(0.000348231 0 5.86083e-05)
(0.000299518 0 5.13147e-05)
(0.000253765 0 4.4304e-05)
(0.000211753 0 3.77091e-05)
(0.000173994 0 3.16312e-05)
(0.000140747 0 2.61388e-05)
(0.000112044 0 2.12686e-05)
(8.7725e-05 0 1.70271e-05)
(6.74827e-05 0 1.33945e-05)
(5.08964e-05 0 1.0328e-05)
(3.74666e-05 0 7.76602e-06)
(2.66383e-05 0 5.63028e-06)
(1.7811e-05 0 3.8274e-06)
(1.03316e-05 0 2.24742e-06)
(3.46456e-06 0 7.59264e-07)
(0.000381534 0 6.63523e-05)
(0.00041628 0 7.09703e-05)
(0.000444855 0 7.47238e-05)
(0.000467954 0 7.77032e-05)
(0.000484742 0 7.98121e-05)
(0.00049461 0 8.09797e-05)
(0.000497216 0 8.11655e-05)
(0.000492512 0 8.0361e-05)
(0.000480749 0 7.85911e-05)
(0.000462459 0 7.59131e-05)
(0.000438424 0 7.24145e-05)
(0.000409622 0 6.82085e-05)
(0.000377165 0 6.34288e-05)
(0.000342234 0 5.82227e-05)
(0.000306007 0 5.27437e-05)
(0.000269603 0 4.71444e-05)
(0.000234023 0 4.15692e-05)
(0.000200114 0 3.61484e-05)
(0.000168544 0 3.0993e-05)
(0.000139792 0 2.61913e-05)
(0.000114149 0 2.18072e-05)
(9.17308e-05 0 1.78798e-05)
(7.25008e-05 0 1.44244e-05)
(5.62952e-05 0 1.14341e-05)
(4.2849e-05 0 8.8829e-06)
(3.182e-05 0 6.72742e-06)
(2.2806e-05 0 4.90927e-06)
(1.53529e-05 0 3.35561e-06)
(8.9498e-06 0 1.97806e-06)
(3.00754e-06 0 6.69258e-07)
(0.000257773 0 4.7337e-05)
(0.000283224 0 5.10202e-05)
(0.000304737 0 5.41018e-05)
(0.000322816 0 5.66525e-05)
(0.000336821 0 5.85909e-05)
(0.000346247 0 5.98532e-05)
(0.000350753 0 6.03963e-05)
(0.000350188 0 6.02007e-05)
(0.000344606 0 5.92715e-05)
(0.000334259 0 5.76387e-05)
(0.000319587 0 5.53559e-05)
(0.000301185 0 5.24978e-05)
(0.000279772 0 4.91569e-05)
(0.000256139 0 4.54382e-05)
(0.00023111 0 4.14544e-05)
(0.000205491 0 3.73204e-05)
(0.000180031 0 3.31476e-05)
(0.000155392 0 2.9039e-05)
(0.000132118 0 2.50851e-05)
(0.000110626 0 2.13607e-05)
(9.11999e-05 0 1.79227e-05)
(7.39945e-05 0 1.48096e-05)
(5.90452e-05 0 1.20411e-05)
(4.62844e-05 0 9.61914e-06)
(3.55578e-05 0 7.5297e-06)
(2.66404e-05 0 5.74381e-06)
(1.92487e-05 0 4.21898e-06)
(1.3047e-05 0 2.89955e-06)
(7.64309e-06 0 1.71581e-06)
(2.57376e-06 0 5.81363e-07)
(0.000171239 0 3.31133e-05)
(0.000189505 0 3.59691e-05)
(0.000205324 0 3.84195e-05)
(0.000219058 0 4.0519e-05)
(0.000230238 0 4.22021e-05)
(0.000238466 0 4.34141e-05)
(0.000243442 0 4.41145e-05)
(0.000244986 0 4.42787e-05)
(0.00024305 0 4.39001e-05)
(0.000237726 0 4.29902e-05)
(0.000229237 0 4.15788e-05)
(0.000217924 0 3.97124e-05)
(0.000204231 0 3.74518e-05)
(0.00018867 0 3.48695e-05)
(0.000171796 0 3.20456e-05)
(0.000154173 0 2.9064e-05)
(0.000136343 0 2.60084e-05)
(0.000118803 0 2.29582e-05)
(0.00010198 0 1.99852e-05)
(8.62181e-05 0 1.71507e-05)
(7.17716e-05 0 1.45037e-05)
(5.88015e-05 0 1.20794e-05)
(4.73806e-05 0 9.89904e-06)
(3.75005e-05 0 7.97003e-06)
(2.90821e-05 0 6.28647e-06)
(2.19847e-05 0 4.83014e-06)
(1.60149e-05 0 3.57104e-06)
(1.09297e-05 0 2.46755e-06)
(6.43428e-06 0 1.46571e-06)
(2.17111e-06 0 4.97318e-07)
(0.000111824 0 2.27139e-05)
(0.00012467 0 2.48698e-05)
(0.000136039 0 2.67615e-05)
(0.000146193 0 2.84303e-05)
(0.000154795 0 2.98256e-05)
(0.000161548 0 3.09029e-05)
(0.000166207 0 3.16267e-05)
(0.000168603 0 3.19722e-05)
(0.000168647 0 3.19268e-05)
(0.000166342 0 3.14909e-05)
(0.000161784 0 3.06782e-05)
(0.000155153 0 2.95154e-05)
(0.000146707 0 2.80406e-05)
(0.000136766 0 2.63015e-05)
(0.000125689 0 2.43532e-05)
(0.000113857 0 2.22552e-05)
(0.00010165 0 2.00683e-05)
(8.94283e-05 0 1.78522e-05)
(7.75142e-05 0 1.56623e-05)
(6.61797e-05 0 1.35472e-05)
(5.56378e-05 0 1.15476e-05)
(4.60379e-05 0 9.69432e-06)
(3.74656e-05 0 8.00781e-06)
(2.99455e-05 0 6.49803e-06)
(2.34462e-05 0 5.1645e-06)
(1.7886e-05 0 3.99661e-06)
(1.3137e-05 0 2.97387e-06)
(9.02763e-06 0 2.06588e-06)
(5.34067e-06 0 1.2317e-06)
(1.80568e-06 0 4.18483e-07)
(7.17749e-05 0 1.52754e-05)
(8.06319e-05 0 1.68615e-05)
(8.86258e-05 0 1.82812e-05)
(9.59441e-05 0 1.95656e-05)
(0.000102355 0 2.06769e-05)
(0.000107643 0 2.15805e-05)
(0.000111623 0 2.22474e-05)
(0.00011415 0 2.26549e-05)
(0.000115127 0 2.27886e-05)
(0.00011452 0 2.2643e-05)
(0.00011235 0 2.22221e-05)
(0.000108703 0 2.15392e-05)
(0.000103718 0 2.06166e-05)
(9.75828e-05 0 1.94844e-05)
(9.05224e-05 0 1.81789e-05)
(8.27844e-05 0 1.67407e-05)
(7.46258e-05 0 1.52131e-05)
(6.62989e-05 0 1.36392e-05)
(5.80384e-05 0 1.20606e-05)
(5.00506e-05 0 1.05149e-05)
(4.25051e-05 0 9.03439e-06)
(3.553e-05 0 7.64498e-06)
(2.9209e-05 0 6.36507e-06)
(2.35816e-05 0 5.20528e-06)
(1.86448e-05 0 4.1682e-06)
(1.43554e-05 0 3.24841e-06)
(1.06324e-05 0 2.43241e-06)
(7.35753e-06 0 1.69854e-06)
(4.37412e-06 0 1.01636e-06)
(1.48177e-06 0 3.45778e-07)
(4.52897e-05 0 1.0065e-05)
(5.12801e-05 0 1.1202e-05)
(5.67852e-05 0 1.2238e-05)
(6.19383e-05 0 1.31962e-05)
(6.65844e-05 0 1.40492e-05)
(7.05738e-05 0 1.47715e-05)
(7.37706e-05 0 1.53401e-05)
(7.60607e-05 0 1.57362e-05)
(7.73588e-05 0 1.59461e-05)
(7.76149e-05 0 1.59618e-05)
(7.68174e-05 0 1.5782e-05)
(7.49953e-05 0 1.54118e-05)
(7.22166e-05 0 1.4863e-05)
(6.85849e-05 0 1.41536e-05)
(6.42333e-05 0 1.33062e-05)
(5.93166e-05 0 1.2348e-05)
(5.40021e-05 0 1.13082e-05)
(4.84607e-05 0 1.02174e-05)
(4.28569e-05 0 9.10559e-06)
(3.73415e-05 0 8.00101e-06)
(3.20439e-05 0 6.92859e-06)
(2.70673e-05 0 5.90903e-06)
(2.24859e-05 0 4.95795e-06)
(1.83426e-05 0 4.08537e-06)
(1.46492e-05 0 3.29533e-06)
(1.13867e-05 0 2.58569e-06)
(8.50598e-06 0 1.94796e-06)
(5.92791e-06 0 1.36706e-06)
(3.54173e-06 0 8.20874e-07)
(1.20207e-06 0 2.79638e-07)
(2.81269e-05 0 6.48469e-06)
(3.21095e-05 0 7.27703e-06)
(3.58316e-05 0 8.01076e-06)
(3.93875e-05 0 8.70253e-06)
(4.26764e-05 0 9.33347e-06)
(4.55976e-05 0 9.88521e-06)
(4.80557e-05 0 1.03407e-05)
(4.99656e-05 0 1.06853e-05)
(5.1258e-05 0 1.0907e-05)
(5.18836e-05 0 1.09978e-05)
(5.1817e-05 0 1.09539e-05)
(5.10583e-05 0 1.07761e-05)
(4.96343e-05 0 1.04695e-05)
(4.75965e-05 0 1.00442e-05)
(4.5019e-05 0 9.51358e-06)
(4.19938e-05 0 8.89484e-06)
(3.86256e-05 0 8.2073e-06)
(3.50257e-05 0 7.47174e-06)
(3.13057e-05 0 6.70921e-06)
(2.75716e-05 0 5.94002e-06)
(2.39185e-05 0 5.18272e-06)
(2.0426e-05 0 4.45322e-06)
(1.71551e-05 0 3.76409e-06)
(1.41459e-05 0 3.12398e-06)
(1.14163e-05 0 2.53725e-06)
(8.96166e-06 0 2.00365e-06)
(6.75382e-06 0 1.5181e-06)
(4.7411e-06 0 1.0704e-06)
(2.84693e-06 0 6.44886e-07)
(9.68023e-07 0 2.19982e-07)
(1.72676e-05 0 4.0609e-06)
(1.98852e-05 0 4.59383e-06)
(2.2371e-05 0 5.09447e-06)
(2.47916e-05 0 5.57444e-06)
(2.70836e-05 0 6.02117e-06)
(2.9181e-05 0 6.4221e-06)
(3.10186e-05 0 6.76518e-06)
(3.25356e-05 0 7.03949e-06)
(3.36788e-05 0 7.23581e-06)
(3.4406e-05 0 7.34711e-06)
(3.46885e-05 0 7.36906e-06)
(3.45139e-05 0 7.30026e-06)
(3.38863e-05 0 7.14243e-06)
(3.28271e-05 0 6.90041e-06)
(3.13738e-05 0 6.58191e-06)
(2.95779e-05 0 6.19718e-06)
(2.75016e-05 0 5.75842e-06)
(2.52149e-05 0 5.2792e-06)
(2.2791e-05 0 4.77368e-06)
(2.0302e-05 0 4.25591e-06)
(1.78155e-05 0 3.73907e-06)
(1.53909e-05 0 3.23478e-06)
(1.30761e-05 0 2.75258e-06)
(1.09055e-05 0 2.29938e-06)
(8.89835e-06 0 1.87915e-06)
(7.05724e-06 0 1.49254e-06)
(5.36751e-06 0 1.13668e-06)
(3.79619e-06 0 8.04899e-07)
(2.29118e-06 0 4.86452e-07)
(7.80394e-07 0 1.66186e-07)
(1.06323e-05 0 2.42513e-06)
(1.23605e-05 0 2.76351e-06)
(1.4027e-05 0 3.08545e-06)
(1.56802e-05 0 3.3984e-06)
(1.72804e-05 0 3.69451e-06)
(1.87852e-05 0 3.96568e-06)
(2.01508e-05 0 4.20398e-06)
(2.13343e-05 0 4.40195e-06)
(2.22961e-05 0 4.55303e-06)
(2.3002e-05 0 4.6519e-06)
(2.34254e-05 0 4.6948e-06)
(2.3549e-05 0 4.67979e-06)
(2.33662e-05 0 4.60691e-06)
(2.28818e-05 0 4.47821e-06)
(2.21116e-05 0 4.29772e-06)
(2.1082e-05 0 4.07122e-06)
(1.98284e-05 0 3.80596e-06)
(1.83933e-05 0 3.51029e-06)
(1.68232e-05 0 3.19317e-06)
(1.51666e-05 0 2.86373e-06)
(1.34708e-05 0 2.53069e-06)
(1.17791e-05 0 2.202e-06)
(1.01285e-05 0 1.8843e-06)
(8.54723e-06 0 1.58264e-06)
(7.05342e-06 0 1.3001e-06)
(5.65327e-06 0 1.03761e-06)
(4.33999e-06 0 7.93649e-07)
(3.09281e-06 0 5.6409e-07)
(1.87627e-06 0 3.4193e-07)
(6.4013e-07 0 1.17039e-07)
(6.86364e-06 0 1.28861e-06)
(8.05852e-06 0 1.47693e-06)
(9.22731e-06 0 1.65809e-06)
(1.04075e-05 0 1.83604e-06)
(1.15736e-05 0 2.00642e-06)
(1.26972e-05 0 2.16469e-06)
(1.37482e-05 0 2.30631e-06)
(1.46955e-05 0 2.42689e-06)
(1.55089e-05 0 2.52249e-06)
(1.61608e-05 0 2.58976e-06)
(1.66276e-05 0 2.62618e-06)
(1.6891e-05 0 2.63022e-06)
(1.69397e-05 0 2.60142e-06)
(1.67699e-05 0 2.54049e-06)
(1.63858e-05 0 2.44929e-06)
(1.57994e-05 0 2.33074e-06)
(1.50303e-05 0 2.18864e-06)
(1.4104e-05 0 2.02754e-06)
(1.30509e-05 0 1.85241e-06)
(1.1904e-05 0 1.66841e-06)
(1.06973e-05 0 1.48059e-06)
(9.46325e-06 0 1.29359e-06)
(8.23081e-06 0 1.11139e-06)
(7.02359e-06 0 9.37072e-07)
(5.85797e-06 0 7.72629e-07)
(4.74159e-06 0 6.18781e-07)
(3.67203e-06 0 4.74831e-07)
(2.63571e-06 0 3.38511e-07)
(1.60728e-06 0 2.058e-07)
(5.49752e-07 0 7.06588e-08)
(5.17785e-06 0 4.12104e-07)
(6.12513e-06 0 4.73854e-07)
(7.06161e-06 0 5.33993e-07)
(8.01977e-06 0 5.93367e-07)
(8.98064e-06 0 6.50565e-07)
(9.92243e-06 0 7.04088e-07)
(1.08212e-05 0 7.52405e-07)
(1.16518e-05 0 7.94033e-07)
(1.23888e-05 0 8.27606e-07)
(1.30081e-05 0 8.51952e-07)
(1.34877e-05 0 8.66161e-07)
(1.38095e-05 0 8.69641e-07)
(1.39602e-05 0 8.62169e-07)
(1.39323e-05 0 8.43906e-07)
(1.37248e-05 0 8.15402e-07)
(1.33431e-05 0 7.77571e-07)
(1.27992e-05 0 7.31645e-07)
(1.21108e-05 0 6.79106e-07)
(1.13003e-05 0 6.21605e-07)
(1.03932e-05 0 5.60863e-07)
(9.41699e-06 0 4.98579e-07)
(8.39868e-06 0 4.36325e-07)
(7.36334e-06 0 3.75464e-07)
(6.33206e-06 0 3.17059e-07)
(5.32032e-06 0 2.61811e-07)
(4.33634e-06 0 2.09995e-07)
(3.3797e-06 0 1.61408e-07)
(2.44017e-06 0 1.15306e-07)
(1.49673e-06 0 7.03224e-08)
(5.16737e-07 0 2.42463e-08)
)
;

boundaryField
{
    inlet
    {
        type            cellMotion;
        value           uniform (0 0 0);
    }
    outlet
    {
        type            cellMotion;
        value           uniform (0 0 0);
    }
    flap
    {
        type            cellMotion;
        value           nonuniform List<vector> 
33
(
(0.000899429 0 0.000792749)
(0.00349027 0 0.00210716)
(0.00744147 0 0.0028989)
(0.0122339 0 0.00323544)
(0.0173499 0 0.00321474)
(0.0223646 0 0.00292503)
(0.0269227 0 0.00243877)
(0.0307639 0 0.00183027)
(0.0337238 0 0.00117343)
(0.0357369 0 0.000533058)
(0.0368391 0 -3.48687e-05)
(0.0371573 0 -0.000494982)
(0.0368589 0 -0.00082695)
(0.0361377 0 -0.00102)
(0.0351752 0 -0.00109038)
(0.0346708 0 -0.000885217)
(0.0346897 0 -0.00041245)
(0.0346657 0 8.61252e-05)
(0.000874453 0 -0.000850292)
(0.00338922 0 -0.00230838)
(0.00724556 0 -0.00330864)
(0.0119703 0 -0.00390877)
(0.0170613 0 -0.00416137)
(0.0220927 0 -0.00410414)
(0.026699 0 -0.00377654)
(0.0306014 0 -0.00323948)
(0.0336161 0 -0.00257083)
(0.0356693 0 -0.00185616)
(0.0367961 0 -0.00118059)
(0.0371259 0 -0.000604312)
(0.0368311 0 -0.000161067)
(0.0361134 0 0.000126252)
(0.0351596 0 0.000277283)
)
;
    }
    upperWall
    {
        type            slip;
    }
    lowerWall
    {
        type            slip;
    }
    frontAndBack
    {
        type            empty;
    }
}


// ************************************************************************* //
