/*--------------------------------*- C++ -*----------------------------------*\
| =========                 |                                                 |
| \\      /  F ield         | OpenFOAM: The Open Source CFD Toolbox           |
|  \\    /   O peration     | Version:  2012                                  |
|   \\  /    A nd           | Website:  www.openfoam.com                      |
|    \\/     M anipulation  |                                                 |
\*---------------------------------------------------------------------------*/
FoamFile
{
    version     2.0;
    format      ascii;
    class       surfaceScalarField;
    location    "0.3";
    object      meshPhi;
}
// * * * * * * * * * * * * * * * * * * * * * * * * * * * * * * * * * * * * * //

dimensions      [0 3 -1 0 0 0 0];
oriented        oriented;


internalField   nonuniform List<scalar> 
5457
(
5.47563e-06
6.55745e-08
1.15255e-05
1.97789e-07
1.92406e-05
3.46094e-07
2.96935e-05
5.30239e-07
4.39714e-05
7.66389e-07
6.32294e-05
1.06741e-06
8.86797e-05
1.44269e-06
0.000121545
1.89708e-06
0.000162979
2.42963e-06
0.000213966
3.03252e-06
0.000275192
3.69068e-06
0.0003469
4.3824e-06
0.00042873
5.08112e-06
0.000519533
5.75821e-06
0.000617187
6.38661e-06
0.000718405
6.94513e-06
0.00081859
7.42437e-06
0.000911794
7.83613e-06
0.000990849
8.23029e-06
0.00104777
8.72352e-06
0.00107445
9.54276e-06
0.00106377
1.10798e-05
0.0010108
1.39398e-05
0.000914259
1.89471e-05
0.000777745
2.70381e-05
0.000610722
3.89412e-05
0.00042932
5.45266e-05
0.000257363
7.18613e-05
0.000129517
8.66991e-05
9.43398e-05
5.31998e-06
1.29255e-07
1.12282e-05
3.9018e-07
1.87893e-05
6.83481e-07
2.90575e-05
1.04818e-06
4.31154e-05
1.51637e-06
6.21186e-05
2.11372e-06
8.72866e-05
2.85898e-06
0.000119857
3.76181e-06
0.000161009
4.82014e-06
0.000211763
6.01783e-06
0.000272857
7.3238e-06
0.000344609
8.69313e-06
0.000426753
1.00705e-05
0.000518271
1.13957e-05
0.000617203
1.2611e-05
0.000720458
1.36694e-05
0.000823665
1.45458e-05
0.000921115
1.52544e-05
0.00100587
1.58799e-05
0.00107016
1.66309e-05
0.00110602
1.79239e-05
0.00110639
2.04914e-05
0.0010663
2.5488e-05
0.000984298
3.45301e-05
0.000863617
4.95483e-05
0.000713066
7.22541e-05
0.000547713
0.000102932
0.000390146
0.000138399
0.000275036
0.000170384
0.000186951
5.20318e-06
1.90892e-07
1.10068e-05
5.7664e-07
1.84552e-05
1.01094e-06
2.85918e-05
1.55139e-06
4.24984e-05
2.24549e-06
6.13373e-05
3.13127e-06
8.63428e-05
4.23638e-06
0.000118778
5.57462e-06
0.000159864
7.14173e-06
0.000210681
8.91165e-06
0.00027205
1.08348e-05
0.000344405
1.28394e-05
0.000427641
1.48366e-05
0.000520949
1.67285e-05
0.000622637
1.84193e-05
0.000729947
1.98284e-05
0.000838898
2.09061e-05
0.000944217
2.16579e-05
0.00103943
2.21875e-05
0.00111719
2.27697e-05
0.00116995
2.3968e-05
0.00119089
2.6792e-05
0.00117519
3.2865e-05
0.00112128
4.45245e-05
0.00103198
6.47107e-05
0.000915248
9.63856e-05
0.000784426
0.00014101
0.000659159
0.000195425
0.00057074
0.000247738
0.000279594
5.14662e-06
2.50501e-07
1.09003e-05
7.57021e-07
1.82971e-05
1.32772e-06
2.83791e-05
2.03793e-06
4.22331e-05
2.94977e-06
6.10339e-05
4.11286e-06
8.60382e-05
5.56276e-06
0.000118545
7.31615e-06
0.000159828
9.36475e-06
0.000211046
1.16699e-05
0.00027313
1.41598e-05
0.000346668
1.67304e-05
0.000431761
1.92519e-05
0.000527874
2.15801e-05
0.000633669
2.35711e-05
0.00074683
2.50998e-05
0.000863906
2.60817e-05
0.00098023
2.65034e-05
0.00108999
2.64739e-05
0.00118651
2.63122e-05
0.00126287
2.66863e-05
0.00131279
2.88063e-05
0.00133175
3.46404e-05
0.00131829
4.70689e-05
0.00127506
6.98176e-05
0.00120946
0.000106875
0.00113364
0.000160801
0.00106428
0.000228859
0.00102574
0.000296736
0.000349757
5.099e-06
3.07666e-07
1.08094e-05
9.29963e-07
1.81634e-05
1.63121e-06
2.82038e-05
2.50344e-06
4.20255e-05
3.6224e-06
6.08193e-05
5.04823e-06
8.58702e-05
6.82319e-06
0.000118521
8.96521e-06
0.000160113
1.14598e-05
0.000211898
1.42526e-05
0.000274944
1.72447e-05
0.000350024
2.02936e-05
0.00043749
2.32201e-05
0.000537144
2.58226e-05
0.000648078
2.78974e-05
0.000768516
2.92624e-05
0.000895657
2.97867e-05
0.00102559
2.94282e-05
0.00115333
2.82905e-05
0.00127306
2.67162e-05
0.00137867
2.54344e-05
0.00146458
2.57649e-05
0.00152676
2.98529e-05
0.00156394
4.08407e-05
0.00157868
6.27936e-05
0.00157803
0.000100031
0.0015735
0.000155163
0.0015797
0.000224557
0.00161215
0.000291349
0.000337353
5.05911e-06
3.62014e-07
1.07328e-05
1.09427e-06
1.80517e-05
1.91912e-06
2.80615e-05
2.94408e-06
4.18667e-05
4.25737e-06
6.06772e-05
5.92841e-06
8.581e-05
8.0047e-06
0.000118659
1.05036e-05
0.000160638
1.34022e-05
0.000213108
1.66267e-05
0.000277289
2.00467e-05
0.000354162
2.34741e-05
0.000444364
2.66715e-05
0.00054807
2.93687e-05
0.000664858
3.12888e-05
0.000793561
3.21805e-05
0.000932114
3.18555e-05
0.00107746
3.0235e-05
0.00122556
2.74109e-05
0.00137159
2.37375e-05
0.00151037
1.99692e-05
0.00163712
1.74478e-05
0.0017483
1.83158e-05
0.00184272
2.56616e-05
0.00192241
4.34039e-05
0.00199319
7.55304e-05
0.00206428
0.000123954
0.00214554
0.000183799
0.00224047
0.000237155
0.000261434
5.02612e-06
4.13246e-07
1.06693e-05
1.24897e-06
1.79598e-05
2.18958e-06
2.79474e-05
3.35671e-06
4.1747e-05
4.84975e-06
6.05892e-05
6.74601e-06
8.58251e-05
9.09672e-06
0.000118901
1.19169e-05
0.000161311
1.51725e-05
0.00021453
1.87678e-05
0.000279937
2.25358e-05
0.000358732
2.6237e-05
0.000451853
2.95668e-05
0.000559869
3.21763e-05
0.000682871
3.37035e-05
0.000820331
3.38157e-05
0.000970965
3.22588e-05
0.00113262
2.89133e-05
0.00130226
2.38609e-05
0.00147609
1.74685e-05
0.00164993
1.04998e-05
0.00181975
4.2571e-06
0.00198241
7.27856e-07
0.00213639
2.66035e-06
0.00228239
1.34041e-05
0.00242332
3.62092e-05
0.00256301
7.24311e-05
0.00270193
0.000117798
0.00282912
0.000157717
0.000178197
4.99953e-06
4.61148e-07
1.06178e-05
1.39338e-06
1.78854e-05
2.44122e-06
2.78563e-05
3.73901e-06
4.16563e-05
5.39584e-06
6.05363e-05
7.49552e-06
8.58814e-05
1.00914e-05
0.000119191
1.31945e-05
0.000162038
1.67578e-05
0.000216009
2.06604e-05
0.000282644
2.46959e-05
0.000363364
2.85679e-05
0.000459401
3.18984e-05
0.000571719
3.42507e-05
0.000700916
3.51685e-05
0.000847102
3.42291e-05
0.00100977
3.1107e-05
0.00118766
2.56437e-05
0.00137873
1.79207e-05
0.00158021
8.33433e-06
0.00178884
-2.32868e-06
0.00200126
-1.28207e-05
0.00221444
-2.13937e-05
0.00242608
-2.58483e-05
0.00263464
-2.37722e-05
0.00283881
-1.31008e-05
0.00303543
6.81602e-06
0.00321517
3.32931e-05
0.00335662
5.77035e-05
7.58648e-05
4.97906e-06
5.05607e-07
1.05776e-05
1.52709e-06
1.78267e-05
2.67326e-06
2.7784e-05
4.08955e-06
4.15853e-05
5.89335e-06
6.05004e-05
8.17347e-06
8.59459e-05
1.0984e-05
0.000119471
1.43304e-05
0.000162721
1.8151e-05
0.000217393
2.22985e-05
0.000285173
2.65245e-05
0.000367691
3.04729e-05
0.000466459
3.36882e-05
0.000582807
3.56412e-05
0.000717812
3.57755e-05
0.000872183
3.35737e-05
0.00104613
2.86382e-05
0.00123925
2.07779e-05
0.00145042
1.00923e-05
0.0016778
-2.96161e-06
0.00191895
-1.75315e-05
0.00217098
-3.2381e-05
0.00243071
-4.59822e-05
0.00269452
-5.67349e-05
0.00295795
-6.33576e-05
0.00321461
-6.54216e-05
0.00345446
-6.38337e-05
0.00366148
-6.10289e-05
0.00381198
-6.07044e-05
-6.25405e-05
4.96471e-06
5.46624e-07
1.05486e-05
1.65009e-06
1.77824e-05
2.88552e-06
2.77271e-05
4.40791e-06
4.15263e-05
6.34146e-06
6.04658e-05
8.7786e-06
8.59892e-05
1.17728e-05
0.000119689
1.53229e-05
0.000163276
1.93518e-05
0.000218541
2.3685e-05
0.000287304
2.80316e-05
0.000371378
3.19759e-05
0.000472521
3.49843e-05
0.000592391
3.64341e-05
0.000732486
3.56684e-05
0.000894041
3.20756e-05
0.00107791
2.51897e-05
0.00128443
1.47974e-05
0.00151328
1.03728e-06
0.00176344
-1.5535e-05
0.00203315
-3.39411e-05
0.00231985
-5.28674e-05
0.00261997
-7.08815e-05
0.00292833
-8.68177e-05
0.00323703
-0.000100339
0.00353397
-0.000112547
0.00380179
-0.000126184
0.00401858
-0.00014457
0.00416231
-0.000168265
-0.000197452
4.95681e-06
5.84317e-07
1.05311e-05
1.76268e-06
1.77527e-05
3.07848e-06
2.7684e-05
4.69469e-06
4.14743e-05
6.74089e-06
6.04208e-05
9.31182e-06
8.59883e-05
1.24593e-05
0.000119804
1.61746e-05
0.000163631
2.03652e-05
0.000219336
2.483e-05
0.000288852
2.92375e-05
0.000374141
3.31144e-05
0.000477165
3.58526e-05
0.000599851
3.67403e-05
0.000744043
3.50249e-05
0.000911412
3.00065e-05
0.00110334
2.11582e-05
0.00132077
8.25627e-06
0.00156405
-8.50248e-06
0.00183284
-2.84314e-05
0.00212595
-5.03708e-05
0.00244108
-7.28333e-05
0.00277437
-9.43125e-05
0.00311921
-0.000113774
0.00346453
-0.0001313
0.00379271
-0.000148695
0.00407846
-0.000169471
0.00429187
-0.000196949
0.00441068
-0.000229225
-0.00026141
4.95611e-06
6.18915e-07
1.05264e-05
1.86554e-06
1.77388e-05
3.25323e-06
2.76554e-05
4.95144e-06
4.14276e-05
7.09374e-06
6.03593e-05
9.77599e-06
8.59287e-05
1.30474e-05
0.000119786
1.68915e-05
0.000163733
2.12009e-05
0.000219693
2.57496e-05
0.00028968
3.01689e-05
0.000375768
3.39336e-05
0.000480072
3.63684e-05
0.000604723
3.66815e-05
0.000751823
3.40348e-05
0.000923371
2.76514e-05
0.00112114
1.69544e-05
0.00134655
1.72052e-06
0.00160047
-1.77836e-05
0.00188307
-4.07241e-05
0.00219366
-6.57313e-05
0.00253031
-9.10848e-05
0.00288916
-0.000115079
0.003263
-0.000136547
0.00363905
-0.000155468
0.00399618
-0.000173404
0.00430301
-0.00019324
0.00452151
-0.000217083
0.00462543
-0.000241805
-0.000257672
4.96377e-06
6.50758e-07
1.05367e-05
1.95966e-06
1.77438e-05
3.41144e-06
2.76445e-05
5.18058e-06
4.1389e-05
7.40337e-06
6.02818e-05
1.01757e-05
8.58059e-05
1.35435e-05
0.000119623
1.74825e-05
0.000163556
2.18716e-05
0.000219561
2.64629e-05
0.000289702
3.08557e-05
0.000376126
3.44809e-05
0.000481046
3.66067e-05
0.000606723
3.63751e-05
0.000755427
3.28782e-05
0.000929369
2.52774e-05
0.00113059
1.29598e-05
0.00136081
-4.28896e-06
0.00162126
-2.61304e-05
0.00191253
-5.15886e-05
0.00223434
-7.9092e-05
0.00258522
-0.000106689
0.0029618
-0.000132446
0.00335745
-0.000154974
0.00375994
-0.000173918
0.00414827
-0.000190164
0.0044897
-0.000205364
0.00474086
-0.000220319
0.00486551
-0.000232809
-0.000236251
4.98148e-06
6.8028e-07
1.05653e-05
2.04633e-06
1.77724e-05
3.55527e-06
2.76576e-05
5.38529e-06
4.13657e-05
7.6742e-06
6.01958e-05
1.05169e-05
8.56267e-05
1.39555e-05
0.000119318
1.79583e-05
0.000163096
2.23919e-05
0.000218927
2.69905e-05
0.000288893
3.13276e-05
0.00037517
3.48002e-05
0.000480015
3.66341e-05
0.000605746
3.59222e-05
0.000754714
3.17066e-05
0.00092923
2.31068e-05
0.00113146
9.48943e-06
0.0013633
-9.34389e-06
0.00162617
-3.299e-05
0.00192091
-6.03555e-05
0.00224758
-8.97088e-05
0.00260521
-0.000118921
0.00299127
-0.000145895
0.0034006
-0.000169086
0.00382345
-0.000187904
0.00424265
-0.000202705
0.0046296
-0.00021409
0.00494068
-0.000221607
0.00512423
-0.000223673
-0.000220981
5.01163e-06
7.08258e-07
1.06168e-05
2.12782e-06
1.78315e-05
3.68849e-06
2.7704e-05
5.57097e-06
4.13695e-05
7.91348e-06
6.01156e-05
1.0809e-05
8.54071e-05
1.42953e-05
0.000118889
1.83336e-05
0.000162372
2.27803e-05
0.000217809
2.7355e-05
0.000287269
3.16133e-05
0.000372916
3.4929e-05
0.000476997
3.6501e-05
0.000601824
3.53933e-05
0.00074974
3.06206e-05
0.000923054
2.12833e-05
0.00112394
6.74488e-06
0.0013543
-1.31713e-05
0.00161562
-3.80104e-05
0.00190884
-6.65987e-05
0.00223418
-9.71069e-05
0.00259103
-0.000127313
0.00297767
-0.000155057
0.00339056
-0.000178781
0.00382296
-0.000197914
0.00426287
-0.000212831
0.00468897
-0.000224216
0.00506424
-0.000232121
0.00532459
-0.000236353
-0.000214745
0.000143938
-0.000136293
0.000328986
-0.000147673
0.000570883
-0.000155625
0.000812292
-0.000154895
0.00101697
-0.000145516
0.00116799
-0.00012961
0.00126083
-0.000110328
0.00129813
-9.03279e-05
0.00128647
-7.14125e-05
0.00123447
-5.46158e-05
0.00115166
-4.03925e-05
0.00104754
-2.88088e-05
0.000930953
-1.96959e-05
0.000809583
-1.27618e-05
0.000689656
-7.66558e-06
0.000575875
-4.06278e-06
0.000471495
-1.63259e-06
0.00037851
-9.18223e-08
0.000297868
7.99036e-07
0.000229685
1.23505e-06
0.00017345
1.36946e-06
0.000128196
1.31821e-06
9.26616e-05
1.16541e-06
6.5431e-05
9.69052e-07
4.5048e-05
7.66394e-07
3.01036e-05
5.78788e-07
1.92877e-05
4.15788e-07
1.14014e-05
2.78343e-07
5.32686e-06
1.61007e-07
5.34907e-08
0.000295709
-0.000276949
0.000483347
-0.000294119
0.000714512
-0.000303839
0.00093692
-0.000299304
0.00112013
-0.000279965
0.00125053
-0.000249209
0.00132506
-0.000212377
0.00134683
-0.000174189
0.00132238
-0.000137973
0.00126012
-0.000105698
0.00116925
-7.82701e-05
0.00105898
-5.58605e-05
0.000937834
-3.81837e-05
0.0008132
-2.47058e-05
0.000691037
-1.47867e-05
0.000575806
-7.77057e-06
0.000470562
-3.03992e-06
0.00037713
-4.60081e-08
0.000296327
1.67762e-06
0.00022817
2.51215e-06
0.000172071
2.75766e-06
0.00012701
2.64147e-06
9.16886e-05
2.32856e-06
6.46648e-05
1.93259e-06
4.44688e-05
1.52643e-06
2.96856e-05
1.15172e-06
1.90052e-05
8.26875e-07
1.1233e-05
5.53406e-07
5.25491e-06
3.20199e-07
1.06433e-07
0.000602541
-0.000427842
0.000787719
-0.000438256
0.000992851
-0.000439382
0.00117684
-0.000425626
0.001319
-0.000395416
0.00141082
-0.00035159
0.00145141
-0.00030013
0.00144448
-0.000246861
0.00139642
-0.000196142
0.00131514
-0.000150689
0.00120925
-0.00011184
0.00108736
-7.99311e-05
0.000957402
-5.46469e-05
0.000826249
-3.5299e-05
0.000699386
-2.10231e-05
0.000580864
-1.09109e-05
0.000473391
-4.09281e-06
0.00037851
2.13602e-07
0.000296813
2.67898e-06
0.000228145
3.85473e-06
0.000171789
4.17666e-06
0.000126631
3.97573e-06
9.13055e-05
3.49238e-06
6.43265e-05
2.89222e-06
4.41956e-05
2.28128e-06
2.94813e-05
1.71986e-06
1.88658e-05
1.23429e-06
1.11512e-05
8.26079e-07
5.22136e-06
4.78181e-07
1.59038e-07
0.00107437
-0.00056909
0.00123266
-0.000558709
0.00138742
-0.000547358
0.00151231
-0.000523698
0.00159604
-0.000484435
0.00163463
-0.000430981
0.00162896
-0.000369027
0.00158303
-0.000304779
0.00150282
-0.000243199
0.00139555
-0.000187571
0.00126901
-0.000139647
0.00113098
-9.99973e-05
0.000988652
-6.83832e-05
0.000848194
-4.40705e-05
0.000714474
-2.60662e-05
0.000591009
-1.32867e-05
0.000480052
-4.66853e-06
0.000382773
7.61008e-07
0.000299468
3.8461e-06
0.000229749
5.28667e-06
0.000172727
5.63907e-06
0.00012716
5.32728e-06
9.15926e-05
4.65989e-06
6.44765e-05
3.84948e-06
4.42716e-05
3.03188e-06
2.95201e-05
2.28396e-06
1.88872e-05
1.63866e-06
1.11648e-05
1.09686e-06
5.22916e-06
6.35238e-07
2.11385e-07
0.00168042
-0.000637598
0.00178157
-0.000626626
0.00186315
-0.000612332
0.00191295
-0.000585349
0.00192619
-0.00054216
0.00190185
-0.000484013
0.00184178
-0.000416452
0.00174994
-0.000345812
0.00163172
-0.000277409
0.00149353
-0.000214962
0.00134226
-0.00016062
0.0011848
-0.000115256
0.00102749
-7.88088e-05
0.000875685
-5.06081e-05
0.000733555
-2.96335e-05
0.000603984
-1.47099e-05
0.000488691
-4.6464e-06
0.000388401
1.67062e-06
0.000303052
5.22253e-06
0.00023198
6.83164e-06
0.000174083
7.15633e-06
0.000127966
6.7005e-06
9.20617e-05
5.83175e-06
6.47452e-05
4.8033e-06
4.44245e-05
3.77662e-06
2.96076e-05
2.84242e-06
1.89383e-05
2.03872e-06
1.11947e-05
1.36483e-06
5.24383e-06
7.90793e-07
2.6327e-07
0.00232802
-0.000638945
0.00236523
-0.000645306
0.00236922
-0.000636215
0.00234057
-0.000611632
0.00228041
-0.000569179
0.00219031
-0.000510907
0.002073
-0.000442303
0.00193241
-0.00036962
0.00177347
-0.000298299
0.00160188
-0.000232351
0.0014237
-0.000174285
0.00124496
-0.000125304
0.00107113
-8.56046e-05
0.000906758
-5.46735e-05
0.00075526
-3.15557e-05
0.000618851
-1.50662e-05
0.000498674
-3.95307e-06
0.000394971
2.98672e-06
0.00030729
6.83292e-06
0.00023466
8.50179e-06
0.000175747
8.73309e-06
0.000128981
8.09593e-06
9.26725e-05
7.00652e-06
6.51095e-05
5.75159e-06
4.46414e-05
4.51342e-06
2.97374e-05
3.39355e-06
1.90161e-05
2.43317e-06
1.124e-05
1.62911e-06
5.26544e-06
9.44326e-07
3.14516e-07
0.00293395
-0.000638167
0.00291987
-0.000643638
0.0028576
-0.000635324
0.00275874
-0.00061195
0.00263088
-0.000571338
0.00247865
-0.000515407
0.00230616
-0.000448929
0.0021178
-0.000377588
0.00191842
-0.00030661
0.0017133
-0.000240079
0.00150788
-0.00018075
0.00130743
-0.000130135
0.00111665
-8.8717e-05
0.000939323
-5.62044e-05
0.000778119
-3.17795e-05
0.000634595
-1.4317e-05
0.000509311
-2.5642e-06
0.000402024
4.72226e-06
0.000311881
8.68228e-06
0.000237597
1.02972e-05
0.000177596
1.03668e-05
0.00013013
9.51004e-06
9.33798e-05
8.18062e-06
6.55434e-05
6.6912e-06
4.4908e-05
5.2398e-06
2.99019e-05
3.93549e-06
1.91173e-05
2.82075e-06
1.12994e-05
1.88889e-06
5.29373e-06
1.09538e-06
3.6497e-07
0.00347268
-0.000634513
0.00341458
-0.00063142
0.00329823
-0.000620117
0.0031414
-0.000595691
0.00295605
-0.000556198
0.00274943
-0.00050316
0.00252729
-0.000440306
0.00229502
-0.000372386
0.00205787
-0.000304053
0.00182105
-0.000239193
0.00158964
-0.000180629
0.00136836
-0.000130093
0.00116123
-8.83338e-05
0.000971335
-5.53018e-05
0.000800682
-3.03607e-05
0.000650203
-1.24957e-05
0.00051991
-5.02466e-07
0.000409093
6.85992e-06
0.000316516
1.07565e-05
0.00024059
1.22062e-05
0.000179504
1.20481e-05
0.000131335
1.09353e-05
9.41377e-05
9.34833e-06
6.60205e-05
7.61798e-06
4.52099e-05
5.95284e-06
3.00938e-05
4.46631e-06
1.92384e-05
3.20022e-06
1.13718e-05
2.14341e-06
5.32841e-06
1.24356e-06
4.14507e-07
0.0039298
-0.000601916
0.00383338
-0.000604885
0.00367503
-0.000595252
0.00347346
-0.000570399
0.00324221
-0.000531145
0.00299048
-0.000480291
0.00272592
-0.0004211
0.00245528
-0.000357367
0.00218463
-0.000292939
0.0019194
-0.000231228
0.00166454
-0.000174912
0.00142434
-0.000125801
0.00120231
-8.48417e-05
0.00100093
-5.2206e-05
0.000821606
-2.74506e-05
0.00066473
-9.70038e-06
0.000529818
2.16649e-06
0.000415737
9.35437e-06
0.000320904
1.30236e-05
0.00024345
1.4206e-05
0.000181351
1.37606e-05
0.000132523
1.23604e-05
9.49027e-05
1.05019e-05
6.65161e-05
8.52675e-06
4.55338e-05
6.64922e-06
3.03066e-05
4.98394e-06
1.93765e-05
3.57038e-06
1.14562e-05
2.39203e-06
5.36925e-06
1.38853e-06
4.63026e-07
0.00427375
-0.000564031
0.00416131
-0.000581717
0.00398007
-0.000573156
0.00374832
-0.000545403
0.00348242
-0.000503592
0.0031946
-0.000452728
0.00289504
-0.000395941
0.00259224
-0.000336028
0.00229321
-0.000275808
0.0020038
-0.000217969
0.00172891
-0.000164816
0.00147253
-0.000118073
0.00123773
-7.87761e-05
0.00102649
-4.72672e-05
0.000839728
-2.32795e-05
0.000677351
-6.08381e-06
0.00053846
5.33978e-06
0.000421564
1.21355e-05
0.000324782
1.54355e-05
0.000246008
1.62638e-05
0.000183032
1.54822e-05
0.00013363
1.37706e-05
9.56369e-05
1.16317e-05
6.70092e-05
9.41145e-06
4.5869e-05
7.32526e-06
3.05353e-05
5.48626e-06
1.95298e-05
3.93006e-06
1.1552e-05
2.63415e-06
5.41627e-06
1.53004e-06
5.10453e-07
0.00450809
-0.000580755
0.00440588
-0.000586857
0.00421908
-0.000567421
0.00396792
-0.000528822
0.0036754
-0.00047939
0.00335856
-0.000425189
0.00303059
-0.000368719
0.0027017
-0.000311499
0.00237977
-0.000255089
0.00207093
-0.000201226
0.00178001
-0.000151644
0.00151074
-0.00010782
0.0012658
-7.07629e-05
0.00104676
-4.09106e-05
0.000854109
-1.8135e-05
0.000687389
-1.84093e-06
0.000545362
8.885e-06
0.00042625
1.51133e-05
0.000327937
1.79312e-05
0.000248125
1.83384e-05
0.000184459
1.71857e-05
0.000134602
1.51481e-05
9.63104e-05
1.27267e-05
6.7484e-05
1.02653e-05
4.62078e-05
7.977e-06
3.0777e-05
5.97111e-06
1.96977e-05
4.27817e-06
1.16596e-05
2.86929e-06
5.46983e-06
1.66789e-06
5.56742e-07
0.00469979
-0.000629187
0.00460682
-0.000613938
0.00441217
-0.00057566
0.00414087
-0.000520766
0.0038236
-0.0004601
0.00348173
-0.000399959
0.00313056
-0.000341924
0.00278122
-0.000286134
0.00244188
-0.000232807
0.0021186
-0.000182628
0.00181599
-0.000136642
0.00153746
-9.59586e-05
0.00128532
-6.14587e-05
0.0010608
-3.35979e-05
0.000864064
-1.23381e-05
0.000694348
2.80681e-06
0.000550172
1.26501e-05
0.000429554
1.81841e-05
0.000330205
2.04405e-05
0.000249697
2.03832e-05
0.000185567
1.88404e-05
0.000135403
1.64736e-05
9.69035e-05
1.37747e-05
6.79314e-05
1.10812e-05
4.65473e-05
8.60052e-06
3.10316e-05
6.43647e-06
1.98814e-05
4.61379e-06
1.17803e-05
3.09709e-06
5.53075e-06
1.80201e-06
6.01884e-07
0.00491197
-0.000662693
0.00480039
-0.000637004
0.00457645
-0.000583701
0.00427415
-0.000514434
0.00392915
-0.000443143
0.0035641
-0.000376791
0.00319408
-0.000316485
0.00282964
-0.000261332
0.00247833
-0.000210421
0.00214569
-0.000163487
0.00183586
-0.000120891
0.00155185
-8.33321e-05
0.00129563
-5.1495e-05
0.0010681
-2.57893e-05
0.000869185
-6.2174e-06
0.000697925
7.62804e-06
0.000552675
1.64744e-05
0.000431325
2.12377e-05
0.000331491
2.28892e-05
0.000250663
2.2349e-05
0.000186323
2.04147e-05
0.000136015
1.77271e-05
9.74088e-05
1.47639e-05
6.835e-05
1.18523e-05
4.68892e-05
9.19214e-06
3.13022e-05
6.88058e-06
2.00839e-05
4.93626e-06
1.19165e-05
3.31741e-06
5.60038e-06
1.93242e-06
6.45914e-07
0.00514797
-0.000672065
0.00498354
-0.000642673
0.00470715
-0.000580224
0.00436411
-0.000502212
0.00398985
-0.000424334
0.0036045
-0.000353962
0.00322057
-0.000292184
0.00284665
-0.000237662
0.00248893
-0.000188826
0.00215203
-0.000144748
0.00183946
-0.00010525
0.00155375
-7.0656e-05
0.00129654
-4.14358e-05
0.00106849
-1.79123e-05
0.000869346
-8.75097e-08
0.000698019
1.23968e-05
0.000552795
2.0199e-05
0.000431515
2.41644e-05
0.000331762
2.52033e-05
0.000251008
2.4187e-05
0.00018672
2.18772e-05
0.000136439
1.88893e-05
9.78321e-05
1.56827e-05
6.87473e-05
1.25724e-05
4.72412e-05
9.74877e-06
3.15955e-05
7.30217e-06
2.03107e-05
5.24524e-06
1.2072e-05
3.53035e-06
5.68069e-06
2.05931e-06
6.88918e-07
0.00533065
-0.000656395
0.00510177
-0.000617814
0.0047719
-0.000555008
0.00439393
-0.000476995
0.00399788
-0.00039922
0.00359978
-0.000329009
0.00320912
-0.000267908
0.00283232
-0.000214846
0.00247409
-0.000168201
0.00213809
-0.000126802
0.00182717
-9.01678e-05
0.00154345
-5.83541e-05
0.00128827
-3.16427e-05
0.00106211
-1.02551e-05
0.000864619
5.83295e-06
0.000694676
1.69541e-05
0.000550564
2.37123e-05
0.000430146
2.68892e-05
0.000331039
2.73343e-05
0.00025075
2.58677e-05
0.000186779
2.32115e-05
0.000136695
1.99522e-05
9.81913e-05
1.65289e-05
6.91394e-05
1.3242e-05
4.76167e-05
1.02726e-05
3.19225e-05
7.70393e-06
2.05699e-05
5.54334e-06
1.22523e-05
3.73802e-06
5.77447e-06
2.18407e-06
7.31376e-07
5.24682e-06
7.34721e-07
1.10984e-05
2.20424e-06
1.86034e-05
3.81139e-06
2.88404e-05
5.73823e-06
4.2974e-05
8.12236e-06
6.23215e-05
1.10541e-05
8.83794e-05
1.45666e-05
0.000122826
1.86147e-05
0.000167507
2.30466e-05
0.00022441
2.75727e-05
0.000295638
3.17379e-05
0.000383386
3.49054e-05
0.000489924
3.62639e-05
0.000617582
3.48697e-05
0.000768709
2.97338e-05
0.000945602
1.99601e-05
0.0011504
4.92586e-06
0.00138496
-1.55208e-05
0.00165074
-4.08914e-05
0.00194864
-6.99773e-05
0.00227885
-0.000100921
0.00264078
-0.000131491
0.003033
-0.000159555
0.00345288
-0.000183639
0.00389523
-0.000203337
0.00435114
-0.000219378
0.00480434
-0.000233296
0.00522472
-0.00024698
0.00554616
-0.00026302
-0.000289359
0.00577498
5.42148e-06
7.58478e-07
1.14479e-05
2.2722e-06
1.91437e-05
3.91857e-06
2.95999e-05
5.87978e-06
4.39884e-05
8.29189e-06
6.36303e-05
1.12421e-05
9.00217e-05
1.47592e-05
0.000124836
1.87931e-05
0.000169908
2.3187e-05
0.000227207
2.76477e-05
0.000298809
3.17188e-05
0.000386868
3.47663e-05
0.000493598
3.59865e-05
0.000621249
3.4449e-05
0.000772074
2.91845e-05
0.000948234
1.9321e-05
0.00115169
4.26254e-06
0.0013841
-1.61189e-05
0.0016467
-4.13237e-05
0.00194021
-7.01572e-05
0.00226455
-0.000100804
0.0026187
-0.000131092
0.00300091
-0.000158963
0.0034086
-0.000183037
0.00383664
-0.000203008
0.00427615
-0.000219738
0.00471226
-0.000235041
0.00511877
-0.000251383
0.00544217
-0.000272347
-0.000304019
0.00561348
5.59401e-06
7.78557e-07
1.17896e-05
2.3289e-06
1.96626e-05
4.00558e-06
3.03106e-05
5.98965e-06
4.49058e-05
8.41487e-06
6.4763e-05
1.13651e-05
9.13647e-05
1.48653e-05
0.000126362
1.88622e-05
0.000171558
2.31981e-05
0.000228877
2.75823e-05
0.000300334
3.15671e-05
0.000388002
3.45345e-05
0.000493986
3.5706e-05
0.000620397
3.41856e-05
0.00076934
2.90444e-05
0.000942763
1.94524e-05
0.00114233
4.85081e-06
0.00136936
-1.48674e-05
0.00162473
-3.92104e-05
0.00190888
-6.70426e-05
0.00222131
-9.66612e-05
0.00256024
-0.000126011
0.00292305
-0.000153128
0.00330646
-0.000176675
0.00370461
-0.000196301
0.00410682
-0.000212674
0.00449706
-0.000227284
0.00485107
-0.000242159
0.00512763
-0.000259856
-0.000280508
0.00525641
5.75571e-06
7.94255e-07
1.21055e-05
2.37235e-06
2.01308e-05
4.06926e-06
3.09291e-05
6.06374e-06
4.56642e-05
8.48648e-06
6.56338e-05
1.14179e-05
9.2293e-05
1.488e-05
0.000127253
1.88185e-05
0.000172264
2.30784e-05
0.000229179
2.73783e-05
0.00029992
3.1288e-05
0.000386442
3.42186e-05
0.000490692
3.54331e-05
0.000614576
3.40889e-05
0.000760007
2.93168e-05
0.000928704
2.03424e-05
0.00112192
6.65115e-06
0.00134056
-1.18465e-05
0.00158501
-3.46904e-05
0.00185524
-6.08321e-05
0.00215033
-8.87114e-05
0.0024677
-0.000116444
0.0028038
-0.000142198
0.00315419
-0.000164656
0.00351193
-0.000183302
0.00386536
-0.000198467
0.00419752
-0.000211117
0.00448533
-0.000222488
0.00469399
-0.000233632
-0.000242872
0.0047745
5.89831e-06
8.04901e-07
1.23786e-05
2.40062e-06
2.05209e-05
4.10667e-06
3.14147e-05
6.09821e-06
4.62063e-05
8.50227e-06
6.61648e-05
1.13958e-05
9.27033e-05
1.47988e-05
0.000127377
1.8658e-05
0.00017186
2.28251e-05
0.000227911
2.70336e-05
0.000297333
3.08797e-05
0.000381928
3.38144e-05
0.000483454
3.51558e-05
0.000603564
3.4129e-05
0.000743909
2.99403e-05
0.000905939
2.18871e-05
0.00109051
9.50582e-06
0.00129804
-7.28407e-06
0.00152848
-2.80738e-05
0.00178116
-5.19232e-05
0.00205451
-7.7428e-05
0.00234547
-0.000102904
0.00264977
-0.00012669
0.00296192
-0.000147497
0.00327409
-0.00016465
0.0035747
-0.000178136
0.00384753
-0.000188425
0.00407138
-0.000196121
0.00421838
-0.000201513
-0.000203298
0.00426128
6.01388e-06
8.1e-07
1.25927e-05
2.41233e-06
2.08069e-05
4.11563e-06
3.17296e-05
6.09036e-06
4.64798e-05
8.45923e-06
6.62859e-05
1.12958e-05
9.25053e-05
1.4619e-05
0.000126619
1.83784e-05
0.000170208
2.24357e-05
0.000224915
2.65445e-05
0.000292399
3.03343e-05
0.000374287
3.33053e-05
0.000472127
3.48406e-05
0.00058733
3.42443e-05
0.000721198
3.08089e-05
0.0008748
2.3915e-05
0.00104867
1.31543e-05
0.00124282
-1.54836e-06
0.00145674
-1.98398e-05
0.00168916
-4.09043e-05
0.00193787
-6.35192e-05
0.00219944
-8.62104e-05
0.00246916
-0.000107494
0.00274095
-0.000126144
0.0030067
-0.000141385
0.00325545
-0.000152943
0.0034729
-0.000160926
0.00364144
-0.000165568
0.00374081
-0.000166932
-0.000164503
0.00375848
6.09504e-06
8.09061e-07
1.27327e-05
2.4061e-06
2.09655e-05
4.09415e-06
3.1841e-05
6.03785e-06
4.64411e-05
8.35506e-06
6.59422e-05
1.1116e-05
9.16326e-05
1.43392e-05
0.000124905
1.79789e-05
0.000167228
2.19094e-05
0.000220112
2.59082e-05
0.000285054
2.96431e-05
0.00036349
3.26694e-05
0.000456746
3.44427e-05
0.000565982
3.43531e-05
0.000692153
3.17856e-05
0.00083592
2.62055e-05
0.000997489
1.7261e-05
0.00117652
4.88587e-06
0.00137207
-1.06219e-05
0.00158243
-2.85731e-05
0.00180495
-4.79316e-05
0.00203591
-6.74381e-05
0.0022704
-8.57975e-05
0.00250224
-0.000101883
0.00272362
-0.00011489
0.00292478
-0.00012439
0.0030939
-0.000130267
0.00321754
-0.00013257
0.00328198
-0.000131335
-0.000126645
0.00328348
6.13466e-06
8.01687e-07
1.27846e-05
2.38088e-06
2.09756e-05
4.04076e-06
3.17208e-05
5.93913e-06
4.60552e-05
8.18848e-06
6.50929e-05
1.08557e-05
9.00413e-05
1.39595e-05
0.000122191
1.74601e-05
0.00016289
2.12462e-05
0.000213497
2.51215e-05
0.000275338
2.87949e-05
0.000349649
3.18801e-05
0.000437525
3.39074e-05
0.000539862
3.43551e-05
0.000657304
3.27015e-05
0.000790165
2.84962e-05
0.000938311
2.14448e-05
0.00110108
1.14916e-05
0.00127718
-1.11737e-06
0.0014646
-1.58133e-05
0.00166046
-3.17392e-05
0.00186093
-4.78455e-05
0.00206118
-6.30313e-05
0.00225531
-7.62992e-05
0.00243628
-8.68784e-05
0.00259582
-9.42806e-05
0.00272468
-9.82795e-05
0.00281318
-9.88331e-05
0.00285252
-9.5993e-05
-9.01909e-05
0.00284385
6.1269e-06
7.87747e-07
1.27374e-05
2.33635e-06
2.08211e-05
3.9552e-06
3.13484e-05
5.79426e-06
4.52986e-05
7.96015e-06
6.37143e-05
1.05165e-05
8.77123e-05
1.34824e-05
0.000118473
1.68248e-05
0.000157209
2.04475e-05
0.000205126
2.41816e-05
0.000263371
2.77778e-05
0.000332976
3.09076e-05
0.000414809
3.31755e-05
0.000509513
3.41457e-05
0.000617451
3.3386e-05
0.000738636
3.05268e-05
0.000872647
2.53281e-05
0.00101855
1.77457e-05
0.00117482
7.97859e-06
0.00133927
-3.51395e-06
0.00150896
-1.60399e-05
0.00168016
-2.87458e-05
0.00184831
-4.0723e-05
0.00200812
-5.11231e-05
0.00215353
-5.92561e-05
0.00227786
-6.46448e-05
0.00237415
-6.70299e-05
0.00243574
-6.63368e-05
0.00245721
-6.26276e-05
-5.65055e-05
0.00244228
6.06772e-06
7.67263e-07
1.25833e-05
2.27266e-06
2.04918e-05
3.83793e-06
3.07125e-05
5.60433e-06
4.41615e-05
7.67214e-06
6.18021e-05
1.01015e-05
8.46535e-05
1.29122e-05
0.000113778
1.60777e-05
0.00015025
1.95175e-05
0.000195117
2.30891e-05
0.000249347
2.65836e-05
0.000313775
2.97282e-05
0.000389054
3.21966e-05
0.000475595
3.36333e-05
0.000573517
3.36886e-05
0.000682589
3.20662e-05
0.000802162
2.85758e-05
0.000931113
2.31831e-05
0.00106778
1.60463e-05
0.00120993
7.52738e-06
0.00135471
-1.82862e-06
0.00149861
-1.13467e-05
0.00163758
-2.03002e-05
0.00176701
-2.79973e-05
0.00188191
-3.38573e-05
0.00197711
-3.74604e-05
0.00204754
-3.85647e-05
0.00208879
-3.70961e-05
0.00209764
-3.31244e-05
-2.7303e-05
0.00207906
5.95464e-06
7.40447e-07
1.23182e-05
2.1905e-06
1.99832e-05
3.69031e-06
2.98106e-05
5.37168e-06
4.26471e-05
7.3281e-06
5.93711e-05
9.61602e-06
8.0899e-05
1.22557e-05
0.000108172
1.52272e-05
0.000142125
1.84642e-05
0.000183647
2.18495e-05
0.000233535
2.52116e-05
0.00029244
2.83281e-05
0.000360817
3.09361e-05
0.000438878
3.27509e-05
0.00052654
3.34959e-05
0.000623384
3.29385e-05
0.000728601
3.09307e-05
0.000840958
2.74466e-05
0.000958758
2.2608e-05
0.00107982
1.66926e-05
0.00120147
1.01176e-05
0.00132057
3.40071e-06
0.00143361
-2.8975e-06
0.00153674
-8.23735e-06
0.00162601
-1.21585e-05
0.00169751
-1.43216e-05
0.00174769
-1.45294e-05
0.00177369
-1.27264e-05
0.00177375
-8.98704e-06
-3.93287e-06
0.00175327
5.78711e-06
7.07702e-07
1.19418e-05
2.0911e-06
1.92973e-05
3.51461e-06
2.86502e-05
5.09991e-06
4.0773e-05
6.93334e-06
5.64557e-05
9.06741e-06
7.65099e-05
1.15225e-05
0.000101755
1.42844e-05
0.000132988
1.73001e-05
0.000170949
2.04745e-05
0.000216272
2.36697e-05
0.000269441
2.67079e-05
0.000330739
2.93805e-05
0.000400212
3.14642e-05
0.000477624
3.27437e-05
0.000562421
3.30395e-05
0.000653703
3.2238e-05
0.000750198
3.03185e-05
0.000850249
2.73712e-05
0.000951813
2.36017e-05
0.00105248
1.93188e-05
0.00114953
1.49057e-05
0.00124
1.0778e-05
0.00132081
7.33737e-06
0.00138888
4.9281e-06
0.00144136
3.80403e-06
0.00147584
4.10992e-06
0.00149054
5.87732e-06
0.00148461
9.03228e-06
1.30383e-05
0.00146346
5.56666e-06
6.69615e-07
1.14583e-05
1.97625e-06
1.84429e-05
3.31393e-06
2.72487e-05
4.7938e-06
3.85709e-05
6.49472e-06
5.31095e-05
8.46497e-06
7.15718e-05
1.07246e-05
9.46581e-05
1.32642e-05
0.000123035
1.60421e-05
0.000157301
1.89827e-05
0.000197943
2.19765e-05
0.000245298
2.48835e-05
0.000299508
2.75408e-05
0.000360487
2.97755e-05
0.000427888
3.14223e-05
0.00050108
3.2344e-05
0.000579128
3.24535e-05
0.000660784
3.17321e-05
0.000744492
3.02427e-05
0.000828403
2.8131e-05
0.000910414
2.56167e-05
0.000988222
2.29716e-05
0.00105941
2.04909e-05
0.00112155
1.84591e-05
0.00117235
1.71193e-05
0.00120978
1.66486e-05
0.00123224
1.71434e-05
0.0012387
1.86158e-05
0.00122885
2.09985e-05
2.38681e-05
0.00120787
5.29684e-06
6.26939e-07
1.08757e-05
1.8482e-06
1.74355e-05
3.09218e-06
2.5633e-05
4.45922e-06
3.60849e-05
6.02049e-06
4.94023e-05
7.81978e-06
6.6191e-05
9.87636e-06
8.70384e-05
1.21844e-05
0.000112489
1.47117e-05
0.000143011
1.73989e-05
0.000178965
2.01601e-05
0.000220562
2.28862e-05
0.00026783
2.54512e-05
0.00032059
2.77227e-05
0.000378424
2.95743e-05
0.000440669
3.09014e-05
0.000506404
3.1636e-05
0.000574453
3.176e-05
0.000643404
3.13126e-05
0.000711635
3.03916e-05
0.000777355
2.91456e-05
0.00083867
2.77589e-05
0.000893658
2.64311e-05
0.000940464
2.53541e-05
0.000977403
2.469e-05
0.00100308
2.45548e-05
0.00101647
2.50078e-05
0.00101706
2.60495e-05
0.00100486
2.76253e-05
2.94304e-05
0.00098467
4.98315e-06
5.80569e-07
1.02062e-05
1.7096e-06
1.62963e-05
2.85389e-06
2.38378e-05
4.10288e-06
3.33699e-05
5.51997e-06
4.54173e-05
7.1443e-06
6.04897e-05
8.99377e-06
7.90692e-05
1.10652e-05
0.000101589
1.3334e-05
0.000128405
1.57536e-05
0.000159767
1.82573e-05
0.000195783
2.07604e-05
0.000236399
2.31663e-05
0.00028137
2.53733e-05
0.000330247
2.72853e-05
0.000382371
2.88216e-05
0.000436873
2.9928e-05
0.000492683
3.05855e-05
0.000548559
3.08147e-05
0.000603114
3.06759e-05
0.000654864
3.02641e-05
0.000702287
2.96977e-05
0.000743891
2.91051e-05
0.000778291
2.8609e-05
0.000804288
2.83124e-05
0.00082095
2.82875e-05
0.000827679
2.8569e-05
0.000824262
2.91534e-05
0.000810899
3.00023e-05
3.09185e-05
0.000791954
4.63276e-06
5.31503e-07
9.46495e-06
1.56341e-06
1.50516e-05
2.60406e-06
2.19049e-05
3.73211e-06
3.04891e-05
5.00326e-06
4.1247e-05
6.45189e-06
5.45993e-05
8.09418e-06
7.09331e-05
9.92865e-06
9.05829e-05
1.19363e-05
0.000113808
1.4081e-05
0.000140766
1.63106e-05
0.000171488
1.85598e-05
0.000205859
2.07541e-05
0.0002436
2.28157e-05
0.000284258
2.46706e-05
0.000327209
2.62558e-05
0.00037166
2.75272e-05
0.000416669
2.84643e-05
0.000461173
2.90739e-05
0.000504015
2.93891e-05
0.000543997
2.94662e-05
0.000579925
2.93768e-05
0.000610667
2.91992e-05
0.000635216
2.90083e-05
0.000652746
2.88669e-05
0.000662663
2.88186e-05
0.000664653
2.88844e-05
0.000658702
2.90622e-05
0.000645104
2.93298e-05
2.95776e-05
0.000627739
4.25421e-06
4.80803e-07
8.67001e-06
1.41276e-06
1.37312e-05
2.34793e-06
1.98802e-05
3.35454e-06
2.75101e-05
4.48077e-06
3.69882e-05
5.75629e-06
4.86546e-05
7.19522e-06
6.2812e-05
8.79704e-06
7.97106e-05
1.0547e-05
9.95287e-05
1.24166e-05
0.000122352
1.43654e-05
0.000148154
1.63424e-05
0.000176783
1.82902e-05
0.000207947
2.01486e-05
0.000241214
2.18602e-05
0.000276012
2.33752e-05
0.000311644
2.46565e-05
0.000347303
2.56833e-05
0.0003821
2.64527e-05
0.000415099
2.69795e-05
0.000445352
2.72938e-05
0.000471946
2.74361e-05
0.000494044
2.74515e-05
0.000510936
2.73843e-05
0.000522073
2.72718e-05
0.000527105
2.7141e-05
0.000525904
2.70063e-05
0.000518574
2.68698e-05
0.000505447
2.6723e-05
2.65206e-05
0.000489902
3.85698e-06
4.29546e-07
7.84101e-06
1.26082e-06
1.23673e-05
2.09079e-06
1.78121e-05
2.97776e-06
2.45025e-05
3.96277e-06
3.27376e-05
5.07089e-06
4.27861e-05
6.31409e-06
5.48786e-05
7.69217e-06
6.91946e-05
9.19343e-06
8.58474e-05
1.07954e-05
0.000104868
1.2466e-05
0.000126192
1.41657e-05
0.000149648
1.58495e-05
0.000174951
1.74707e-05
0.000201703
1.89841e-05
0.000229401
2.035e-05
0.000257446
2.1537e-05
0.000285167
2.25246e-05
0.000311842
2.33045e-05
0.000336729
2.38802e-05
0.000359099
2.42652e-05
0.00037827
2.44808e-05
0.000393643
2.4552e-05
0.000404732
2.45044e-05
0.000411192
2.43607e-05
0.000412843
2.41391e-05
0.000409673
2.38516e-05
0.00040185
2.35046e-05
0.000389707
2.31e-05
2.26346e-05
0.000376126
3.45099e-06
3.78777e-07
6.99833e-06
1.11064e-06
1.09926e-05
1.8377e-06
1.57486e-05
2.609e-06
2.15338e-05
3.4589e-06
2.85868e-05
4.40817e-06
3.71151e-05
5.46661e-06
4.72885e-05
6.63399e-06
5.92297e-05
7.90077e-06
7.30018e-05
9.24896e-06
8.85972e-05
1.06531e-05
0.000105928
1.2082e-05
0.000124819
1.35005e-05
0.000145004
1.48718e-05
0.000166132
1.61604e-05
0.000187772
1.73341e-05
0.000209424
1.83665e-05
0.000230545
1.92388e-05
0.000250563
1.99401e-05
0.000268905
2.04678e-05
0.000285025
2.08264e-05
0.000298429
2.1026e-05
0.000308702
2.10803e-05
0.000315526
2.10045e-05
0.000318702
2.08136e-05
0.000318159
2.05213e-05
0.000313959
2.01392e-05
0.000306293
1.9677e-05
0.00029547
1.91429e-05
1.85585e-05
0.000283897
3.04615e-06
3.29455e-07
6.16208e-06
9.65027e-07
9.63888e-06
1.59327e-06
1.37354e-05
2.25475e-06
1.86665e-05
2.97775e-06
2.46183e-05
3.7791e-06
3.17471e-05
4.66652e-06
4.01734e-05
5.63956e-06
4.99753e-05
6.6903e-06
6.11793e-05
7.80414e-06
7.37523e-05
8.96076e-06
8.75959e-05
1.01354e-05
0.000102542
1.13003e-05
0.000118353
1.24267e-05
0.000134727
1.34863e-05
0.000151305
1.44534e-05
0.000167685
1.53061e-05
0.000183434
1.60279e-05
0.000198114
1.66078e-05
0.000211295
1.70406e-05
0.000222579
1.73264e-05
0.000231619
1.74697e-05
0.000238138
1.74784e-05
0.000241943
1.73625e-05
0.000242933
1.71329e-05
0.000241108
1.68012e-05
0.000236564
1.6379e-05
0.000229492
1.58776e-05
0.000220167
1.53085e-05
1.47048e-05
0.000210552
2.65188e-06
2.82415e-07
5.35119e-06
8.26407e-07
8.33542e-06
1.36145e-06
1.18138e-05
1.92052e-06
1.59553e-05
2.52645e-06
2.09023e-05
3.19258e-06
2.67688e-05
3.92479e-06
3.36369e-05
4.72232e-06
4.15511e-05
5.57847e-06
5.05126e-05
6.48133e-06
6.0474e-05
7.41462e-06
7.13356e-05
8.35867e-06
8.29442e-05
9.29167e-06
9.50952e-05
1.01909e-05
0.000107537
1.10342e-05
0.000119979
1.18012e-05
0.000132105
1.24742e-05
0.000143583
1.30395e-05
0.000154083
1.34872e-05
0.000163292
1.38119e-05
0.00017093
1.40122e-05
0.000176764
1.40902e-05
0.000180618
1.40511e-05
0.000182383
1.39023e-05
0.000182025
1.36529e-05
0.000179582
1.33131e-05
0.000175164
1.2894e-05
0.000168947
1.24073e-05
0.000161162
1.18653e-05
1.1304e-05
0.000153375
2.27672e-06
2.38324e-07
4.58264e-06
6.96706e-07
7.10802e-06
1.14533e-06
1.00189e-05
1.61053e-06
1.34456e-05
2.11036e-06
1.74944e-05
2.65515e-06
2.22458e-05
3.24918e-06
2.77525e-05
3.89143e-06
3.40352e-05
4.57623e-06
4.10792e-05
5.29383e-06
4.8831e-05
6.03119e-06
5.71967e-05
6.77279e-06
6.60425e-05
7.50151e-06
7.51973e-05
8.19969e-06
8.44579e-05
8.85009e-06
9.35964e-05
9.43682e-06
0.000102369
9.94616e-06
0.00011053
1.03671e-05
0.000117837
1.06918e-05
0.000124071
1.09157e-05
0.000129042
1.10373e-05
0.000132597
1.10582e-05
0.000134635
1.09822e-05
0.000135105
1.08157e-05
0.00013401
1.05664e-05
0.000131408
1.02436e-05
0.000127407
9.85743e-06
0.000122158
9.41888e-06
0.00011585
8.93941e-06
8.45277e-06
0.000109701
1.92806e-06
1.9765e-07
3.87093e-06
5.77271e-07
5.97818e-06
9.47046e-07
8.37919e-06
1.32757e-06
1.11724e-05
1.73285e-06
1.44348e-05
2.17064e-06
1.82215e-05
2.64395e-06
2.25636e-05
3.15159e-06
2.7466e-05
3.68874e-06
3.2905e-05
4.24751e-06
3.88273e-05
4.81754e-06
4.5149e-05
5.38665e-06
5.17576e-05
5.94161e-06
5.85144e-05
6.46885e-06
6.52602e-05
6.9552e-06
7.18205e-05
7.38864e-06
7.80146e-05
7.75878e-06
8.36628e-05
8.05739e-06
8.85962e-05
8.27862e-06
9.26645e-05
8.41915e-06
9.5744e-05
8.47815e-06
9.77434e-05
8.45712e-06
9.86084e-05
8.35965e-06
9.83242e-05
8.19115e-06
9.69153e-05
7.9585e-06
9.44443e-05
7.66974e-06
9.10077e-05
7.33379e-06
8.67307e-05
6.96015e-06
8.17616e-05
6.55868e-06
6.15841e-06
7.7025e-05
1.61202e-06
1.60643e-07
3.22784e-06
4.68798e-07
4.96286e-06
7.67624e-07
6.91601e-06
1.07288e-06
9.15992e-06
1.39515e-06
1.17491e-05
1.74013e-06
1.47193e-05
2.1098e-06
1.80868e-05
2.50292e-06
2.18466e-05
2.91547e-06
2.59717e-05
3.34112e-06
3.04125e-05
3.77177e-06
3.50976e-05
4.19803e-06
3.99354e-05
4.60981e-06
4.48172e-05
4.99689e-06
4.96213e-05
5.34947e-06
5.42185e-05
5.65869e-06
5.8478e-05
5.917e-06
6.22739e-05
6.11854e-06
6.5491e-05
6.25929e-06
6.80314e-05
6.33719e-06
6.98189e-05
6.35212e-06
7.08026e-05
6.30577e-06
7.09597e-05
6.20145e-06
7.02958e-05
6.04391e-06
6.88442e-05
5.83904e-06
6.6664e-05
5.59362e-06
6.38366e-05
5.31508e-06
6.0461e-05
5.01121e-06
5.66499e-05
4.68995e-06
4.37473e-06
5.30888e-05
1.33344e-06
1.27319e-07
2.66254e-06
3.71295e-07
4.0747e-06
6.06955e-07
5.64425e-06
8.46036e-07
7.42355e-06
1.09632e-06
9.44995e-06
1.36185e-06
1.17455e-05
1.64386e-06
1.43165e-05
1.94114e-06
1.71526e-05
2.25043e-06
2.0227e-05
2.56677e-06
2.34963e-05
2.88394e-06
2.69018e-05
3.19485e-06
3.03714e-05
3.492e-06
3.38222e-05
3.76788e-06
3.71641e-05
4.0154e-06
4.03041e-05
4.22822e-06
4.31507e-05
4.40111e-06
4.56183e-05
4.5301e-06
4.76318e-05
4.61267e-06
4.91304e-05
4.64776e-06
5.00705e-05
4.63581e-06
5.04276e-05
4.57858e-06
5.01974e-05
4.47908e-06
4.93958e-05
4.34136e-06
4.80573e-05
4.17027e-06
4.62332e-05
3.97131e-06
4.39886e-05
3.75035e-06
4.13993e-05
3.51347e-06
3.85482e-05
3.26674e-06
3.02812e-06
3.59317e-05
1.09609e-06
9.74479e-08
2.18201e-06
2.8406e-07
3.32289e-06
4.63758e-07
4.57375e-06
6.44975e-07
5.97147e-06
8.33227e-07
7.54082e-06
1.03127e-06
9.29429e-06
1.23981e-06
1.1232e-05
1.45778e-06
1.33414e-05
1.6826e-06
1.55979e-05
1.91054e-06
1.79651e-05
2.13695e-06
2.03965e-05
2.35665e-06
2.28367e-05
2.56423e-06
2.52243e-05
2.75433e-06
2.74945e-05
2.92201e-06
2.95823e-05
3.06292e-06
3.14259e-05
3.17356e-06
3.29692e-05
3.25143e-06
3.41658e-05
3.29507e-06
3.49801e-05
3.30414e-06
3.539e-05
3.27935e-06
3.53871e-05
3.22241e-06
3.49772e-05
3.13588e-06
3.41797e-05
3.02305e-06
3.30262e-05
2.88774e-06
3.15588e-05
2.73417e-06
2.98277e-05
2.5668e-06
2.78888e-05
2.3901e-06
2.58014e-05
2.20851e-06
2.03512e-06
2.39177e-05
9.03061e-07
7.05627e-08
1.79187e-06
2.05681e-07
2.71455e-06
3.3557e-07
3.71151e-06
4.65961e-07
4.80821e-06
6.00541e-07
6.02046e-06
7.41095e-07
7.3544e-06
8.8798e-07
8.80658e-06
1.04033e-06
1.03642e-05
1.19624e-06
1.20058e-05
1.35301e-06
1.37017e-05
1.50738e-06
1.54156e-05
1.65571e-06
1.71063e-05
1.79428e-06
1.87293e-05
1.91946e-06
2.0239e-05
2.02794e-06
2.15913e-05
2.11689e-06
2.27458e-05
2.1841e-06
2.36677e-05
2.22808e-06
2.43294e-05
2.24808e-06
2.47126e-05
2.24416e-06
2.48082e-05
2.21708e-06
2.46171e-05
2.16829e-06
2.41497e-05
2.09982e-06
2.34255e-05
2.01415e-06
2.24714e-05
1.91411e-06
2.13205e-05
1.80276e-06
2.00103e-05
1.68324e-06
1.85814e-05
1.55869e-06
1.70751e-05
1.43214e-06
1.31262e-06
1.57373e-05
7.57209e-07
4.59612e-08
1.49746e-06
1.34049e-07
2.25665e-06
2.18759e-07
3.06468e-06
3.03581e-07
3.93897e-06
3.90731e-07
4.88921e-06
4.81257e-07
5.91751e-06
5.75316e-07
7.01858e-06
6.72291e-07
8.1802e-06
7.70924e-07
9.38389e-06
8.69457e-07
1.06058e-05
9.65785e-07
1.18179e-05
1.0576e-06
1.29895e-05
1.14256e-06
1.40885e-05
1.21841e-06
1.50834e-05
1.28312e-06
1.59448e-05
1.33499e-06
1.66469e-05
1.37273e-06
1.7169e-05
1.39553e-06
1.74963e-05
1.40306e-06
1.76207e-05
1.3955e-06
1.75411e-05
1.37348e-06
1.72633e-05
1.33805e-06
1.67992e-05
1.29062e-06
1.61666e-05
1.23286e-06
1.53879e-05
1.16666e-06
1.44887e-05
1.09399e-06
1.34969e-05
1.01688e-06
1.24414e-05
9.37303e-07
1.1351e-05
8.57145e-07
7.821e-07
1.03975e-05
6.61662e-07
2.27373e-08
1.30507e-06
6.64162e-08
1.95833e-06
1.08553e-07
2.64429e-06
1.50744e-07
3.37505e-06
1.94005e-07
4.15646e-06
2.38818e-07
4.98823e-06
2.85237e-07
5.86419e-06
3.32943e-07
6.77283e-06
3.813e-07
7.69802e-06
4.29433e-07
8.61997e-06
4.76297e-07
9.5163e-06
5.20759e-07
1.03633e-05
5.61668e-07
1.11371e-05
5.97925e-07
1.18153e-05
6.28551e-07
1.23778e-05
6.52736e-07
1.28079e-05
6.69879e-07
1.30937e-05
6.79615e-07
1.32277e-05
6.81825e-07
1.3208e-05
6.76637e-07
1.30377e-05
6.64405e-07
1.27248e-05
6.45688e-07
1.22819e-05
6.21214e-07
1.17247e-05
5.91839e-07
1.10721e-05
5.58509e-07
1.03446e-05
5.22216e-07
9.56345e-06
4.83956e-07
8.75021e-06
4.44698e-07
7.92554e-06
4.05351e-07
3.68734e-07
7.21443e-06
6.19752e-07
1.22098e-06
1.82825e-06
2.46069e-06
3.12764e-06
3.83309e-06
4.57559e-06
5.34856e-06
6.14082e-06
6.9374e-06
7.72043e-06
8.47024e-06
9.16647e-06
9.78928e-06
1.03204e-05
1.07442e-05
1.10486e-05
1.12253e-05
1.12707e-05
1.11856e-05
1.09749e-05
1.06478e-05
1.02168e-05
9.69671e-06
9.10463e-06
8.45852e-06
7.77666e-06
7.07699e-06
6.3765e-06
5.77801e-06
0.00578004
-0.000186474
0.00576592
-0.000245163
-0.000281351
0.00572639
0.00564499
-0.000178828
0.00562942
-0.000203821
-0.000227332
0.00559845
0.00526867
-0.000153458
0.0052675
-0.000163809
-0.000177518
0.00527114
0.00477172
-0.00012643
0.00477839
-0.000130374
-0.000137803
0.00481062
0.00424946
-0.000102362
0.00425887
-0.000103282
-0.00010687
0.00430526
0.00374178
-8.08433e-05
0.00375131
-8.02965e-05
-8.17001e-05
0.00380196
0.00326451
-6.08847e-05
0.00327316
-5.96263e-05
-5.99317e-05
0.00332292
0.00282414
-4.22229e-05
0.00283154
-4.06575e-05
-4.05275e-05
0.00287799
0.0024227
-2.5336e-05
0.0024288
-2.37141e-05
-2.34991e-05
0.00247097
0.00206012
-1.09767e-05
0.00206501
-9.46491e-06
-9.3071e-06
0.00210264
0.0017353
2.73804e-07
0.00173913
1.57235e-06
1.64901e-06
0.00177234
0.00144664
8.23011e-06
0.00144956
9.26762e-06
9.28991e-06
0.00147865
0.00119233
1.31103e-05
0.00119451
1.38838e-05
1.38882e-05
0.00121983
0.000970478
1.54171e-05
0.000972064
1.59539e-05
1.59675e-05
0.00099397
0.000779163
1.57831e-05
0.000780289
1.61268e-05
1.61627e-05
0.000799124
0.000616388
1.4841e-05
0.00061717
1.50391e-05
1.50986e-05
0.00063323
0.000480007
1.31385e-05
0.00048054
1.32349e-05
1.33123e-05
0.00049409
0.000367672
1.11008e-05
0.000368031
1.11316e-05
1.12187e-05
0.000379312
0.000276829
9.02613e-06
0.000277071
9.01843e-06
9.10726e-06
0.000286318
0.000204779
7.10098e-06
0.000204944
7.07382e-06
7.15805e-06
0.000212389
0.000148769
5.42451e-06
0.000148883
5.3902e-06
5.46567e-06
0.000154765
0.000106112
4.03332e-06
0.000106194
3.99911e-06
4.06367e-06
0.000110748
7.42957e-05
2.92324e-06
7.43563e-05
2.8929e-06
2.94597e-06
7.78101e-05
5.10608e-05
2.06645e-06
5.11071e-05
2.0415e-06
2.08358e-06
5.36733e-05
3.44583e-05
1.4238e-06
3.44948e-05
1.40442e-06
1.4366e-06
3.63641e-05
2.28687e-05
9.52774e-07
2.28981e-05
9.38472e-07
9.62113e-07
2.42368e-05
1.50009e-05
6.12115e-07
1.50254e-05
6.02146e-07
6.18578e-07
1.59743e-05
9.87881e-06
3.6352e-07
9.8999e-06
3.57184e-07
3.67509e-07
1.05771e-05
6.83116e-06
1.71013e-07
6.84831e-06
1.67881e-07
1.72864e-07
7.35298e-06
5.45629e-06
5.469e-06
5.89046e-06
0.00554999
-0.00057413
0.00527545
-0.000555932
0.00491058
-0.00050314
0.00450769
-0.000434684
0.00409272
-0.000364338
0.0036801
-0.000299277
0.00327811
-0.000241833
0.00289226
-0.000191751
0.00252658
-0.000147921
0.00218424
-0.000109353
0.00186776
-7.55424e-05
0.00157905
-4.6425e-05
0.0013193
-2.21554e-05
0.00108893
-2.8671e-06
0.00088756
1.14991e-05
0.000714061
2.1264e-05
0.000566731
2.69877e-05
0.000443447
2.9393e-05
0.000341829
2.92687e-05
0.000259379
2.73814e-05
0.000193582
2.44109e-05
0.000141979
2.09114e-05
0.000102231
1.72992e-05
7.2172e-05
1.38594e-05
4.98452e-05
1.07625e-05
3.35147e-05
8.0854e-06
2.16585e-05
5.83043e-06
1.29338e-05
3.94047e-06
6.10685e-06
2.30677e-06
7.73334e-07
0.00546985
-0.000475564
0.00520245
-0.000470306
0.00485179
-0.000432506
0.00446141
-0.000378756
0.00405633
-0.000320449
0.00365163
-0.000264219
0.00325631
-0.000213031
0.00287629
-0.000167552
0.0025157
-0.000127407
0.00217775
-9.20604e-05
0.00186498
-6.12073e-05
0.00157925
-3.48096e-05
0.00132176
-1.29707e-05
0.00109297
4.23062e-06
0.00089256
1.68819e-05
0.00071951
2.52963e-05
0.000572227
2.99959e-05
0.000448697
3.16474e-05
0.00034664
3.09788e-05
0.000263643
2.87015e-05
0.000197258
2.54498e-05
0.000145069
2.17434e-05
0.000104764
1.79731e-05
7.41948e-05
1.44067e-05
5.14141e-05
1.12038e-05
3.4689e-05
8.43486e-06
2.24929e-05
6.09761e-06
1.34719e-05
4.13143e-06
6.37423e-06
2.42366e-06
8.13507e-07
0.00519153
-0.000375409
0.00497337
-0.000379191
0.00466896
-0.000355924
0.00431695
-0.000317082
0.00394235
-0.000271782
0.00356162
-0.00022575
0.00318553
-0.000182158
0.0028212
-0.000142325
0.0024735
-0.000106555
0.00214631
-7.48342e-05
0.00184244
-4.71449e-05
0.00156389
-2.35471e-05
0.00131211
-4.15707e-06
0.00108771
1.09608e-05
0.000890534
2.19075e-05
0.000719736
2.89865e-05
0.000573911
3.26824e-05
0.00045122
3.36065e-05
0.000349541
3.24257e-05
0.000266604
2.97942e-05
0.000200076
2.62993e-05
0.000147617
2.24233e-05
0.000106971
1.85292e-05
7.60343e-05
1.48659e-05
5.28898e-05
1.15818e-05
3.58233e-05
8.74048e-06
2.33156e-05
6.33587e-06
1.40104e-05
4.30449e-06
6.6444e-06
2.53081e-06
8.50553e-07
0.004786
-0.000290828
0.0046334
-0.000296963
0.00438923
-0.00028346
0.00408985
-0.000256557
0.00375928
-0.000222686
0.00341467
-0.000186364
0.00306816
-0.000150484
0.00272804
-0.000116636
0.00240039
-8.56002e-05
0.00208988
-5.77808e-05
0.00179978
-3.34147e-05
0.00153246
-1.26912e-05
0.00128977
4.2198e-06
0.00107257
1.72502e-05
0.000880901
2.65065e-05
0.00071419
3.22751e-05
0.000571287
3.49984e-05
0.000450579
3.52308e-05
0.000350158
3.35766e-05
0.000267956
3.06326e-05
0.000201793
2.69369e-05
0.000149434
2.29321e-05
0.000108709
1.89512e-05
7.7584e-05
1.52233e-05
5.41953e-05
1.1885e-05
3.68637e-05
8.9931e-06
2.40907e-05
6.53814e-06
1.45274e-05
4.45458e-06
6.90661e-06
2.62512e-06
8.83398e-07
0.0043201
-0.000223341
0.00422705
-0.000228136
0.004044
-0.000219816
0.00380145
-0.000201202
0.00352119
-0.000176248
0.00321983
-0.00014816
0.00290987
-0.000119303
0.00260048
-9.12464e-05
0.00229868
-6.49836e-05
0.0020098
-4.11506e-05
0.00173767
-2.01732e-05
0.00148523
-2.36449e-06
0.00125476
1.20565e-05
0.00104736
2.30168e-05
0.000863358
3.06155e-05
0.000702522
3.51119e-05
0.000563995
3.69041e-05
0.000446429
3.64878e-05
0.000348183
3.44047e-05
0.000267449
3.11945e-05
0.000202212
2.73448e-05
0.000150361
2.32546e-05
0.000109852
1.92255e-05
7.87488e-05
1.54668e-05
5.52603e-05
1.21029e-05
3.77602e-05
9.18408e-06
2.47841e-05
6.69761e-06
1.50015e-05
4.57674e-06
7.15058e-06
2.70351e-06
9.10978e-07
0.00383982
-0.000168812
0.00379208
-0.000171495
0.00366255
-0.000165655
0.00347402
-0.000152418
0.00324445
-0.000134
0.00298872
-0.000112493
0.00271881
-8.96717e-05
0.00244412
-6.6904e-05
0.0021721
-4.51932e-05
0.00190852
-2.52685e-05
0.00165775
-7.6603e-06
0.00142328
7.25004e-06
0.00120762
1.92201e-05
0.00101225
2.81655e-05
0.000837869
3.41644e-05
0.000684572
3.7445e-05
0.000551818
3.83607e-05
0.000438548
3.73497e-05
0.000343425
3.48917e-05
0.000264912
3.14675e-05
0.000201173
2.75114e-05
0.00015026
2.3379e-05
0.000110287
1.93411e-05
7.94385e-05
1.55865e-05
5.60163e-05
1.22269e-05
3.84628e-05
9.30603e-06
2.53613e-05
6.80835e-06
1.54111e-05
4.66657e-06
7.36564e-06
2.76321e-06
9.32321e-07
0.00337218
-0.000122857
0.00335573
-0.000124115
0.00326894
-0.000119705
0.00312747
-0.00011007
0.00294489
-9.64255e-05
0.00273357
-8.00855e-05
0.0025042
-6.23194e-05
0.00226572
-4.42307e-05
0.0020255
-2.67237e-05
0.00178951
-1.05153e-05
0.0015625
3.8443e-06
0.00134819
1.59555e-05
0.00114937
2.55681e-05
0.000967876
3.2587e-05
0.000804785
3.70706e-05
0.000660496
3.9215e-05
0.000534783
3.93275e-05
0.000426911
3.77897e-05
0.000335835
3.50209e-05
0.000260253
3.14401e-05
0.000198559
2.74274e-05
0.00014902
2.32972e-05
0.000109918
1.92906e-05
7.95749e-05
1.55754e-05
5.64025e-05
1.22507e-05
3.89261e-05
9.35339e-06
2.57902e-05
6.8657e-06
1.57357e-05
4.72051e-06
7.54158e-06
2.80193e-06
9.46629e-07
0.00293142
-8.29801e-05
0.00293531
-8.37465e-05
0.00288074
-8.05531e-05
0.00277793
-7.3588e-05
0.00263643
-6.35697e-05
0.00246585
-5.13337e-05
0.00227517
-3.7777e-05
0.00207237
-2.37566e-05
0.00186434
-1.00352e-05
0.00165691
2.74347e-06
0.00145487
1.40644e-05
0.00126209
2.35466e-05
0.00108154
3.09491e-05
0.00091533
3.61736e-05
0.000764841
3.92609e-05
0.000630757
4.03746e-05
0.000513163
3.97757e-05
0.000411641
3.7791e-05
0.00032542
3.47802e-05
0.000253426
3.11026e-05
0.000194309
2.70859e-05
0.000146574
2.30043e-05
0.00010868
1.90695e-05
7.91005e-05
1.5429e-05
5.63705e-05
1.21696e-05
3.9112e-05
9.32174e-06
2.60427e-05
6.86573e-06
1.59566e-05
4.73541e-06
7.66905e-06
2.81763e-06
9.53177e-07
0.00252436
-4.858e-05
0.00254078
-4.94445e-05
0.00250962
-4.74302e-05
0.00243734
-4.26065e-05
0.00233028
-3.54519e-05
0.0021955
-2.65245e-05
0.00204015
-1.64657e-05
0.00187099
-5.93034e-06
0.00169413
4.46403e-06
0.00151499
1.41718e-05
0.00133817
2.27423e-05
0.00116748
2.98356e-05
0.00100599
3.52327e-05
0.00085596
3.88395e-05
0.000718987
4.06824e-05
0.000596007
4.0894e-05
0.000487379
3.96916e-05
0.000392975
3.73492e-05
0.000312282
3.41698e-05
0.000244466
3.04568e-05
0.000188429
2.64887e-05
0.000142903
2.25013e-05
0.000106541
1.86778e-05
7.79789e-05
1.51464e-05
5.58852e-05
1.19817e-05
3.899e-05
9.20858e-06
2.60951e-05
6.80585e-06
1.60575e-05
4.70905e-06
7.73968e-06
2.80877e-06
9.51403e-07
0.00215367
-2.00709e-05
0.0021773
-2.11787e-05
0.00216272
-2.0184e-05
0.00211391
-1.7071e-05
0.00203486
-1.21845e-05
0.00193054
-5.9135e-06
0.00180638
1.27757e-06
0.00166783
8.89347e-06
0.00152011
1.64484e-05
0.00136802
2.34991e-05
0.00121578
2.96703e-05
0.00106703
3.46737e-05
0.000924746
3.83202e-05
0.000791275
4.05247e-05
0.00066833
4.13032e-05
0.000557035
4.07611e-05
0.000457977
3.90751e-05
0.000371273
3.64709e-05
0.000296649
3.31993e-05
0.000233506
2.95128e-05
0.000180982
2.5645e-05
0.00013803
2.17955e-05
0.0001035
1.81207e-05
7.61949e-05
1.47305e-05
5.49261e-05
1.16885e-05
3.85396e-05
9.01415e-06
2.59296e-05
6.68558e-06
1.60255e-05
4.64062e-06
7.74662e-06
2.77466e-06
9.4104e-07
0.0018198
2.02678e-06
0.00184711
8.26507e-07
0.001844
1.10961e-06
0.00181289
2.95634e-06
0.00175613
6.11834e-06
0.00167708
1.03233e-05
0.0015797
1.52365e-05
0.00146824
2.04898e-05
0.00134698
2.57118e-05
0.00121999
3.05553e-05
0.00109103
3.47208e-05
0.000963399
3.79743e-05
0.00083993
4.01599e-05
0.000722914
4.1205e-05
0.000614111
4.11189e-05
0.000514762
3.99841e-05
0.000425619
3.7942e-05
0.000346998
3.51755e-05
0.000278835
3.18889e-05
0.000220746
2.82895e-05
0.000172086
2.45709e-05
0.000132019
2.08997e-05
9.95842e-05
1.74078e-05
7.37559e-05
1.41881e-05
5.34889e-05
1.12942e-05
3.77511e-05
8.74084e-06
2.55357e-05
6.50599e-06
1.58522e-05
4.53047e-06
7.68506e-06
2.71531e-06
9.22055e-07
0.00152199
1.76321e-05
0.00155068
1.65874e-05
0.00155529
1.65201e-05
0.0015373
1.75452e-05
0.00149798
1.94935e-05
0.00143948
2.21811e-05
0.00136461
2.5373e-05
0.00127657
2.88038e-05
0.00117873
3.21989e-05
0.00107446
3.52967e-05
0.000966955
3.78673e-05
0.000859159
3.97293e-05
0.000753638
4.07597e-05
0.000652559
4.09004e-05
0.000557649
4.01576e-05
0.000470195
3.85955e-05
0.000391058
3.63263e-05
0.000320699
3.3496e-05
0.000259229
3.02693e-05
0.000206451
2.68143e-05
0.000161914
2.32895e-05
0.000124976
1.98326e-05
9.48556e-05
1.65534e-05
7.06925e-05
1.35297e-05
5.15856e-05
1.0806e-05
3.66261e-05
8.39336e-06
2.49104e-05
6.26993e-06
1.55334e-05
4.38017e-06
7.55237e-06
2.63149e-06
8.94675e-07
0.00125889
2.72485e-05
0.00128745
2.65612e-05
0.00129706
2.64552e-05
0.00128863
2.7047e-05
0.00126272
2.8231e-05
0.00122066
2.98894e-05
0.00116436
3.18649e-05
0.00109613
3.39734e-05
0.00101858
3.60203e-05
0.000934408
3.78161e-05
0.00084626
3.91926e-05
0.000756651
4.00149e-05
0.000667856
4.01912e-05
0.000581851
3.96784e-05
0.000500268
3.84822e-05
0.000424381
3.66533e-05
0.000355099
3.42804e-05
0.000292985
3.14793e-05
0.000238279
2.83814e-05
0.00019094
2.51222e-05
0.000150685
2.18301e-05
0.000117045
1.86177e-05
8.94047e-05
1.55759e-05
6.70586e-05
1.2769e-05
4.92454e-05
1.0234e-05
3.51785e-05
7.97861e-06
2.40589e-05
5.98195e-06
1.50703e-05
4.19251e-06
7.34842e-06
2.5247e-06
8.59386e-07
0.0010288
3.1841e-05
0.00105625
3.16051e-05
0.00106888
3.16641e-05
0.00106725
3.21108e-05
0.00105149
3.28844e-05
0.00102235
3.39144e-05
0.00098108
3.51002e-05
0.000929325
3.632e-05
0.000869021
3.74418e-05
0.000802263
3.83349e-05
0.000731198
3.88816e-05
0.000657917
3.89868e-05
0.000584375
3.85864e-05
0.000512318
3.76511e-05
0.000443242
3.61882e-05
0.000378354
3.4239e-05
0.000318566
3.18738e-05
0.000264492
2.91844e-05
0.000216466
2.62753e-05
0.000174567
2.3255e-05
0.000138654
2.02269e-05
0.000108402
1.72828e-05
8.33484e-05
1.4497e-05
6.29287e-05
1.19228e-05
4.65136e-05
9.59044e-06
3.34341e-05
7.50546e-06
2.29947e-05
5.64813e-06
1.44693e-05
3.9714e-06
7.07568e-06
2.39715e-06
8.16918e-07
0.000829856
3.26064e-05
0.000855544
3.28094e-05
0.000869741
3.31209e-05
0.00087276
3.35968e-05
0.000864508
3.42043e-05
0.000845344
3.49023e-05
0.000816039
3.56291e-05
0.000777721
3.63073e-05
0.000731794
3.68512e-05
0.000679846
3.7175e-05
0.000623566
3.72005e-05
0.000564651
3.68646e-05
0.000504735
3.61256e-05
0.000445323
3.49669e-05
0.000387739
3.33978e-05
0.000333092
3.14533e-05
0.000282255
2.91897e-05
0.000235856
2.66802e-05
0.000194285
2.4008e-05
0.000157709
2.12596e-05
0.000126095
1.85184e-05
9.92454e-05
1.58587e-05
7.68242e-05
1.33413e-05
5.83951e-05
1.10101e-05
4.34497e-05
8.88979e-06
3.14297e-05
6.98442e-06
2.17392e-05
5.27586e-06
1.37419e-05
3.72174e-06
6.73918e-06
2.25169e-06
7.68218e-07
0.000660036
3.07527e-05
0.000683541
3.13091e-05
0.000698209
3.18686e-05
0.000704222
3.24486e-05
0.000701352
3.30309e-05
0.00068971
3.35906e-05
0.000669739
3.40897e-05
0.000642177
3.44802e-05
0.000608013
3.47085e-05
0.00056842
3.47204e-05
0.00052469
3.44667e-05
0.00047817
3.39084e-05
0.00043019
3.30211e-05
0.000382011
3.17979e-05
0.000334777
3.02506e-05
0.000289473
2.84093e-05
0.000246904
2.63202e-05
0.000207681
2.40419e-05
0.000172219
2.16408e-05
0.00014074
1.91863e-05
0.000113296
1.67454e-05
8.97856e-05
1.43784e-05
6.99833e-05
1.2135e-05
5.35631e-05
1.00513e-05
4.01244e-05
8.14773e-06
2.9211e-05
6.42723e-06
2.03207e-05
4.87358e-06
1.29042e-05
3.44923e-06
6.34634e-06
2.09165e-06
7.14411e-07
0.000517159
2.73435e-05
0.000538208
2.81353e-05
0.000552541
2.88824e-05
0.000560259
2.95706e-05
0.00056107
3.01877e-05
0.000554937
3.07157e-05
0.000542077
3.11298e-05
0.000522946
3.13997e-05
0.000498216
3.1492e-05
0.000468728
3.13734e-05
0.000435448
3.10146e-05
0.000399415
3.03931e-05
0.000361686
2.94967e-05
0.000323293
2.83255e-05
0.000285196
2.68927e-05
0.000248246
2.52249e-05
0.000213162
2.33602e-05
0.000180515
2.13462e-05
0.000150716
1.92362e-05
0.00012402
1.70858e-05
0.000100535
1.49492e-05
8.02355e-05
1.28753e-05
6.29831e-05
1.09048e-05
4.85456e-05
9.06766e-06
3.66167e-05
7.38072e-06
2.6831e-05
5.84633e-06
1.87733e-05
4.45037e-06
1.19764e-05
3.1601e-06
5.90664e-06
1.92073e-06
6.56753e-07
0.000398859
2.322e-05
0.000417303
2.41287e-05
0.000430718
2.49815e-05
0.000439156
2.57419e-05
0.000442308
2.63997e-05
0.00044005
2.69391e-05
0.000432451
2.73414e-05
0.00041977
2.75859e-05
0.000402442
2.7651e-05
0.00038105
2.75164e-05
0.000356295
2.71645e-05
0.000328959
2.65837e-05
0.000299862
2.57692e-05
0.000269826
2.47254e-05
0.000239636
2.3466e-05
0.000210009
2.20142e-05
0.000181568
2.04019e-05
0.000154828
1.86676e-05
0.000130176
1.68545e-05
0.000107878
1.50073e-05
8.80766e-05
1.31698e-05
7.08008e-05
1.1382e-05
5.598e-05
9.67719e-06
4.34584e-05
8.0802e-06
3.30094e-05
6.60526e-06
2.43474e-05
5.25437e-06
1.7135e-05
4.0156e-06
1.09816e-05
2.86085e-06
5.43116e-06
1.74283e-06
5.96571e-07
0.00030259
1.8984e-05
0.000318394
1.99106e-05
0.0003305
2.07892e-05
0.000338931
2.15714e-05
0.000343387
2.22473e-05
0.000343703
2.2801e-05
0.000339856
2.32168e-05
0.000331969
2.34787e-05
0.000320305
2.35712e-05
0.000305252
2.3481e-05
0.000287304
2.31975e-05
0.000267032
2.27147e-05
0.000245056
2.2032e-05
0.000222014
2.11556e-05
0.000198531
2.00986e-05
0.000175197
1.88808e-05
0.000152536
1.75288e-05
0.000130995
1.60738e-05
0.00011093
1.45507e-05
9.25968e-05
1.29956e-05
7.61551e-05
1.14441e-05
6.16703e-05
9.92858e-06
4.91219e-05
8.47658e-06
3.84141e-05
7.10874e-06
2.93857e-05
5.83712e-06
2.18193e-05
4.66365e-06
1.54461e-05
3.57849e-06
9.9449e-06
2.55795e-06
4.93207e-06
1.56188e-06
5.352e-07
0.000225676
1.50212e-05
0.000238909
1.58943e-05
0.000249481
1.67347e-05
0.000257398
1.74906e-05
0.000262387
1.81519e-05
0.000264269
1.87031e-05
0.00026297
1.91296e-05
0.000258522
1.94176e-05
0.000251071
1.95549e-05
0.00024086
1.95314e-05
0.000228222
1.93399e-05
0.000213563
1.89771e-05
0.000197336
1.8444e-05
0.000180025
1.77469e-05
0.000162117
1.68971e-05
0.00014408
1.59114e-05
0.000126347
1.48113e-05
0.000109295
1.36221e-05
9.32346e-05
1.23718e-05
7.84053e-05
1.10895e-05
6.49682e-05
9.8039e-06
5.3009e-05
8.54147e-06
4.25424e-05
7.32481e-06
3.35175e-05
6.17113e-06
2.58254e-05
5.09071e-06
1.93053e-05
4.08552e-06
1.37473e-05
3.14766e-06
8.89204e-06
2.25755e-06
4.42206e-06
1.3816e-06
4.73925e-07
0.000165393
1.15437e-05
0.000176216
1.23194e-05
0.000185172
1.30781e-05
0.000192257
1.37706e-05
0.000197234
1.4387e-05
0.00019993
1.49129e-05
0.000200246
1.53344e-05
0.000198162
1.5639e-05
0.000193739
1.58163e-05
0.000187121
1.58575e-05
0.000178521
1.57569e-05
0.000168216
1.5512e-05
0.000156529
1.51239e-05
0.000143814
1.45977e-05
0.000130441
1.39427e-05
0.000116774
1.31724e-05
0.000103156
1.23039e-05
8.98995e-05
1.13572e-05
7.72683e-05
1.03547e-05
6.54744e-05
9.31959e-06
5.46711e-05
8.27496e-06
4.49527e-05
7.24225e-06
3.63556e-05
6.23997e-06
2.88614e-05
5.28243e-06
2.24014e-05
4.37841e-06
1.68603e-05
3.52992e-06
1.20779e-05
2.7308e-06
7.84842e-06
1.96517e-06
3.91374e-06
1.2054e-06
4.13914e-07
0.00011907
8.6366e-06
0.000127715
9.29395e-06
0.000135086
9.94733e-06
0.000141176
1.0553e-05
0.000145788
1.11025e-05
0.000148765
1.15825e-05
0.000150002
1.19806e-05
0.00014945
1.22854e-05
0.000147119
1.24873e-05
0.000143082
1.25785e-05
0.000137467
1.25538e-05
0.000130455
1.24105e-05
0.000122267
1.2149e-05
0.000113155
1.17729e-05
0.000103391
1.12893e-05
9.32498e-05
1.07083e-05
8.29991e-05
1.00432e-05
7.28869e-05
9.30957e-06
6.31317e-05
8.52491e-06
5.39146e-05
7.70754e-06
4.53744e-05
6.87576e-06
3.76047e-05
6.04681e-06
3.06535e-05
5.23573e-06
2.45241e-05
4.45432e-06
1.91775e-05
3.71004e-06
1.4534e-05
3.0049e-06
1.04743e-05
2.33425e-06
6.838e-06
1.68543e-06
3.41919e-06
1.03614e-06
3.5616e-07
8.41863e-05
6.29989e-06
9.09309e-05
6.83517e-06
9.68338e-05
7.37536e-06
0.000101888
7.88404e-06
0.000105935
8.3541e-06
0.000108841
8.77412e-06
0.000110507
9.13324e-06
0.00011087
9.42151e-06
0.000109913
9.63025e-06
0.000107661
9.75235e-06
0.000104184
9.78263e-06
9.95938e-05
9.71814e-06
9.40345e-05
9.55835e-06
8.76799e-05
9.30538e-06
8.07227e-05
8.96402e-06
7.33651e-05
8.54168e-06
6.58091e-05
8.04814e-06
5.82472e-05
7.49521e-06
5.08542e-05
6.89624e-06
4.37801e-05
6.26541e-06
3.71451e-05
5.61707e-06
3.10359e-05
4.96484e-06
2.55045e-05
4.3208e-06
2.05676e-05
3.69457e-06
1.62067e-05
3.0924e-06
1.23693e-05
2.51624e-06
8.96873e-06
1.96268e-06
5.88262e-06
1.42184e-06
2.94951e-06
8.76029e-07
3.0143e-07
5.84549e-05
4.48302e-06
6.35971e-05
4.9035e-06
6.82033e-05
5.33392e-06
7.22687e-05
5.74536e-06
7.56695e-05
6.13224e-06
7.8297e-05
6.48521e-06
8.00633e-05
6.79524e-06
8.0906e-05
7.05386e-06
8.07923e-05
7.25351e-06
7.97207e-05
7.3878e-06
7.77222e-05
7.4518e-06
7.48589e-05
7.44232e-06
7.12212e-05
7.35808e-06
6.6923e-05
7.19988e-06
6.20968e-05
6.97064e-06
5.68861e-05
6.67537e-06
5.14389e-05
6.32101e-06
4.59003e-05
5.91619e-06
4.0406e-05
5.47084e-06
3.50762e-05
4.99569e-06
3.00111e-05
4.50172e-06
2.52872e-05
3.99953e-06
2.0955e-05
3.49863e-06
1.70378e-05
3.00673e-06
1.3531e-05
2.52897e-06
1.0402e-05
2.06715e-06
7.58932e-06
1.61886e-06
5.00155e-06
1.17655e-06
2.51464e-06
7.26465e-07
2.50214e-07
3.9877e-05
3.10976e-06
4.37132e-05
3.4287e-06
4.72224e-05
3.75952e-06
5.04025e-05
4.08022e-06
5.31604e-05
4.38664e-06
5.54108e-05
4.6715e-06
5.70807e-05
4.92761e-06
5.8113e-05
5.14809e-06
5.84703e-05
5.3266e-06
5.81364e-05
5.45764e-06
5.71183e-05
5.53675e-06
5.54462e-05
5.56072e-06
5.31717e-05
5.52782e-06
5.03662e-05
5.43789e-06
4.71167e-05
5.29242e-06
4.35215e-05
5.09455e-06
3.96856e-05
4.84896e-06
3.5715e-05
4.56171e-06
3.17119e-05
4.23994e-06
2.77697e-05
3.89154e-06
2.39691e-05
3.52471e-06
2.03746e-05
3.14749e-06
1.7032e-05
2.7672e-06
1.39669e-05
2.38985e-06
1.11828e-05
2.01959e-06
8.66116e-06
1.65799e-06
6.35973e-06
1.30341e-06
4.21162e-06
9.50205e-07
2.12337e-06
5.87922e-07
2.02691e-07
2.67718e-05
2.09494e-06
2.95801e-05
2.32772e-06
3.21995e-05
2.57209e-06
3.46303e-05
2.81204e-06
3.68045e-05
3.0446e-06
3.86574e-05
3.2644e-06
4.01312e-05
3.46598e-06
4.11772e-05
3.64401e-06
4.17589e-05
3.79345e-06
4.18541e-05
3.90981e-06
4.14562e-05
3.98926e-06
4.05751e-05
4.02889e-06
3.92371e-05
4.02683e-06
3.74834e-05
3.98236e-06
3.53683e-05
3.89602e-06
3.29564e-05
3.76956e-06
3.03196e-05
3.60598e-06
2.75328e-05
3.40932e-06
2.46707e-05
3.18455e-06
2.18039e-05
2.93725e-06
1.89953e-05
2.67335e-06
1.62974e-05
2.39875e-06
1.37497e-05
2.1189e-06
1.13768e-05
1.83835e-06
9.18701e-06
1.5603e-06
7.17094e-06
1.28609e-06
5.3005e-06
1.01461e-06
3.52775e-06
7.41767e-07
1.78361e-06
4.59848e-07
1.58684e-07
1.77834e-05
1.35424e-06
1.9815e-05
1.51552e-06
2.17451e-05
1.68663e-06
2.35761e-05
1.85655e-06
2.52595e-05
2.02328e-06
2.67479e-05
2.18304e-06
2.79965e-05
2.33197e-06
2.89657e-05
2.46617e-06
2.9623e-05
2.58192e-06
2.99449e-05
2.67576e-06
2.99182e-05
2.7447e-06
2.9541e-05
2.78632e-06
2.88231e-05
2.79891e-06
2.77859e-05
2.78157e-06
2.64608e-05
2.73429e-06
2.48882e-05
2.65793e-06
2.31155e-05
2.55427e-06
2.1194e-05
2.42588e-06
1.91769e-05
2.27602e-06
1.71161e-05
2.10848e-06
1.50596e-05
1.92732e-06
1.30488e-05
1.73667e-06
1.11167e-05
1.54039e-06
9.28561e-06
1.34175e-06
7.56569e-06
1.1431e-06
5.95353e-06
9.4547e-07
4.43101e-06
7.4817e-07
2.96429e-06
5.48353e-07
1.50303e-06
3.40556e-07
1.17628e-07
1.18758e-05
8.08159e-07
1.33531e-05
9.09836e-07
1.47818e-05
1.01872e-06
1.61655e-05
1.12783e-06
1.74704e-05
1.23592e-06
1.86617e-05
1.3406e-06
1.97053e-05
1.43939e-06
2.05696e-05
1.52973e-06
2.12269e-05
1.60913e-06
2.16545e-05
1.67526e-06
2.18368e-05
1.72602e-06
2.17653e-05
1.75968e-06
2.14402e-05
1.77494e-06
2.08698e-05
1.77101e-06
2.00708e-05
1.74766e-06
1.90669e-05
1.70528e-06
1.78882e-05
1.6448e-06
1.65692e-05
1.56773e-06
1.51471e-05
1.47604e-06
1.36597e-05
1.37207e-06
1.21432e-05
1.25838e-06
1.06303e-05
1.13761e-06
9.14789e-06
1.01222e-06
7.71565e-06
8.84371e-07
6.34417e-06
7.55603e-07
5.03362e-06
6.2663e-07
3.77256e-06
4.97053e-07
2.53704e-06
3.65058e-07
1.29023e-06
2.27098e-07
7.85173e-08
8.32789e-06
3.81166e-07
9.45113e-06
4.30859e-07
1.05552e-05
4.84492e-07
1.16452e-05
5.3857e-07
1.26962e-05
5.92469e-07
1.36821e-05
6.45019e-07
1.45762e-05
6.94978e-07
1.53526e-05
7.41069e-07
1.59874e-05
7.82025e-07
1.64595e-05
8.16645e-07
1.67524e-05
8.43838e-07
1.68546e-05
8.62683e-07
1.67606e-05
8.72471e-07
1.64713e-05
8.72745e-07
1.59941e-05
8.63329e-07
1.53424e-05
8.44347e-07
1.45353e-05
8.16217e-07
1.35963e-05
7.79639e-07
1.25522e-05
7.35557e-07
1.14312e-05
6.85108e-07
1.02615e-05
6.29551e-07
9.06963e-06
5.70183e-07
7.87815e-06
5.08245e-07
6.70451e-06
4.4481e-07
5.5592e-06
3.80662e-07
4.4444e-06
3.16175e-07
3.35271e-06
2.51165e-07
2.26634e-06
1.84736e-07
1.15672e-06
1.15089e-07
3.98329e-08
6.71317e-06
7.67095e-06
8.62304e-06
9.57515e-06
1.05068e-05
1.13958e-05
1.22191e-05
1.29537e-05
1.35774e-05
1.40702e-05
1.44152e-05
1.45994e-05
1.46148e-05
1.44585e-05
1.41336e-05
1.36485e-05
1.30171e-05
1.22574e-05
1.13912e-05
1.04419e-05
9.43413e-06
8.39102e-06
7.33329e-06
6.27727e-06
5.23339e-06
4.20478e-06
3.18595e-06
2.16184e-06
1.10724e-06
)
;

boundaryField
{
    inlet
    {
        type            calculated;
        value           uniform 0;
    }
    outlet
    {
        type            calculated;
        value           uniform 0;
    }
    flap
    {
        type            calculated;
        value           nonuniform List<scalar> 
33
(
4.11636e-05
0.00019539
0.000494352
0.000971208
0.00162854
0.00231401
0.00290297
0.00342531
0.00389943
0.00425061
0.0044497
0.00462765
0.00488422
0.00517767
0.0054723
0.000182375
0.000267946
0.000342708
-3.97108e-05
-0.000187342
-0.000477315
-0.000953304
-0.00161914
-0.00232294
-0.00294444
-0.00350099
-0.00399428
-0.00435154
-0.00454556
-0.00470188
-0.0049255
-0.00519198
-0.00547551
)
;
    }
    upperWall
    {
        type            calculated;
        value           nonuniform List<scalar> 
63
(
0
0
0
0
0
0
0
-1.02282e-15
0
-9.75081e-16
9.52053e-16
9.29568e-16
-4.53806e-16
0
0
0
-8.24855e-16
0
0
0
0
7.31936e-16
0
0
0
0
-6.49486e-16
0
0
0
0
0
0
0
0
0
-6.49497e-16
0
0
0
0
0
0
0
0
0
-8.24852e-16
0
0
-8.86166e-16
0
-9.29555e-16
0
0
0
0
0
0
0
0
0
0
0
)
;
    }
    lowerWall
    {
        type            calculated;
        value           uniform 0;
    }
    frontAndBack
    {
        type            empty;
        value           nonuniform List<scalar> 0();
    }
}


// ************************************************************************* //
