/*--------------------------------*- C++ -*----------------------------------*\
| =========                 |                                                 |
| \\      /  F ield         | OpenFOAM: The Open Source CFD Toolbox           |
|  \\    /   O peration     | Version:  2012                                  |
|   \\  /    A nd           | Website:  www.openfoam.com                      |
|    \\/     M anipulation  |                                                 |
\*---------------------------------------------------------------------------*/
FoamFile
{
    version     2.0;
    format      ascii;
    class       surfaceScalarField;
    location    "0.3";
    object      phi;
}
// * * * * * * * * * * * * * * * * * * * * * * * * * * * * * * * * * * * * * //

dimensions      [0 3 -1 0 0 0 0];
oriented        oriented;


internalField   nonuniform List<scalar> 
5457
(
0.19847
0.00152402
0.196636
0.00182805
0.194496
0.00213252
0.192004
0.00248066
0.18917
0.00281925
0.186015
0.00313467
0.182559
0.00342864
0.178818
0.00370654
0.174799
0.00397542
0.170501
0.00424386
0.165915
0.00452114
0.161022
0.0048161
0.155799
0.00513635
0.150215
0.00548773
0.144237
0.0058741
0.137831
0.00629718
0.130967
0.00675639
0.123618
0.00724868
0.115762
0.00776828
0.10739
0.00830647
0.0985021
0.0088516
0.0891123
0.00938945
0.0792473
0.00990397
0.0689458
0.0103791
0.0582534
0.0108019
0.0472155
0.011166
0.0358646
0.0114777
0.0242046
0.0117602
0.0121591
0.0120866
0.0121531
0.19997
0.00154882
0.199283
0.00250915
0.198134
0.00327371
0.19654
0.00406343
0.194493
0.00485147
0.192001
0.00560657
0.189083
0.00632052
0.185758
0.00699626
0.182047
0.00764318
0.177961
0.00827584
0.173506
0.00891194
0.168676
0.00956985
0.163459
0.0102664
0.157834
0.0110156
0.151775
0.0118275
0.145254
0.0127082
0.138241
0.0136589
0.130709
0.014676
0.122635
0.01575
0.114004
0.0168656
0.10481
0.0180015
0.0950588
0.0191304
0.0847698
0.0202216
0.0739723
0.0212431
0.0627039
0.0221684
0.0510023
0.0229849
0.0388922
0.0237048
0.0263663
0.0243771
0.0133493
0.025135
0.0254895
0.199821
0.00172285
0.199189
0.00313533
0.198103
0.00435193
0.19659
0.00556543
0.194646
0.00678105
0.192271
0.00796151
0.189478
0.00908747
0.186283
0.010157
0.182702
0.0111802
0.178748
0.0121765
0.174424
0.0131709
0.169727
0.0141907
0.164643
0.0152617
0.159154
0.0164062
0.153233
0.0176413
0.146849
0.0189783
0.139971
0.0204218
0.132566
0.0219695
0.124604
0.0236105
0.11606
0.0253258
0.106916
0.0270868
0.0971624
0.0288563
0.086802
0.0305903
0.0758476
0.0322413
0.0643242
0.033766
0.0522668
0.0351349
0.0397195
0.0363448
0.0267404
0.0374244
0.0134112
0.0384753
0.0388844
0.199743
0.00197502
0.199107
0.00376477
0.198041
0.00541065
0.196554
0.00704218
0.194647
0.00867343
0.192322
0.0102662
0.189591
0.0117924
0.186468
0.0132451
0.18297
0.0146349
0.179107
0.0159859
0.174882
0.0173303
0.170291
0.0187039
0.165322
0.0201416
0.159953
0.0216738
0.154159
0.0233252
0.147905
0.0251133
0.141157
0.0270474
0.133878
0.029128
0.126028
0.0313458
0.117574
0.0336804
0.108482
0.0360997
0.098727
0.0385591
0.0882932
0.0410033
0.0771772
0.0433682
0.0653942
0.0455871
0.0529864
0.0475978
0.0400372
0.04935
0.0266962
0.0508013
0.0132135
0.0519477
0.0520822
0.199706
0.00226379
0.199061
0.00440365
0.198014
0.00645079
0.196556
0.0084889
0.194691
0.0105241
0.192421
0.0125163
0.189757
0.0144305
0.186713
0.0162549
0.183303
0.0180005
0.179539
0.0196958
0.175423
0.02138
0.170951
0.0230976
0.166109
0.0248921
0.160876
0.0268029
0.155223
0.0288626
0.149116
0.0310956
0.142515
0.0335176
0.135376
0.0361341
0.127653
0.0389396
0.119297
0.0419159
0.110263
0.0450302
0.100505
0.0482342
0.0899881
0.0514624
0.0786933
0.0546322
0.0666275
0.0576451
0.0538449
0.060388
0.0404734
0.0627317
0.0267526
0.0645201
0.013081
0.0655923
0.0651592
0.19969
0.00256826
0.199044
0.0050444
0.198019
0.00746833
0.1966
0.00989746
0.194786
0.0123238
0.19258
0.0147018
0.189994
0.0169904
0.187041
0.0191735
0.183736
0.0212622
0.180087
0.0232891
0.1761
0.0253007
0.171768
0.0273497
0.167077
0.0294886
0.162007
0.0317659
0.156527
0.0342227
0.150599
0.0368916
0.14418
0.0397962
0.137219
0.0429491
0.12966
0.0463514
0.121442
0.0499906
0.112502
0.0538375
0.102775
0.0578429
0.0922035
0.0619338
0.0807484
0.066008
0.068405
0.0699282
0.055233
0.0735137
0.041396
0.0765288
0.0272085
0.078667
0.0131839
0.0795761
0.0783455
0.199687
0.0028766
0.199047
0.00567818
0.198049
0.00845844
0.196675
0.011261
0.194921
0.0140635
0.192791
0.0168122
0.190295
0.0194598
0.187448
0.0219866
0.184262
0.0244034
0.180749
0.0267472
0.176911
0.029071
0.172743
0.0314359
0.168232
0.0339036
0.163356
0.0365315
0.158083
0.0393701
0.152374
0.0424612
0.146182
0.0458376
0.139449
0.0495215
0.132111
0.0535237
0.124093
0.0578409
0.115314
0.062452
0.105688
0.067312
0.095132
0.0723448
0.0835784
0.0774306
0.0709998
0.0823909
0.0574449
0.0869671
0.0430903
0.0907952
0.0283013
0.0933832
0.0136689
0.0941608
0.0920238
0.19969
0.00318152
0.199065
0.00629748
0.1981
0.0094156
0.196778
0.0125731
0.195092
0.0157347
0.193048
0.0188371
0.190655
0.0218268
0.187926
0.0246801
0.184877
0.0274081
0.181517
0.0300514
0.17785
0.0326697
0.17387
0.0353322
0.169566
0.0381092
0.164916
0.0410678
0.159887
0.0442677
0.154441
0.0477611
0.148526
0.0515912
0.142081
0.0557918
0.135033
0.0603865
0.127296
0.0653852
0.118773
0.07078
0.109352
0.076537
0.0989217
0.0825843
0.0873766
0.0887926
0.0746482
0.0949479
0.0607459
0.100715
0.0458216
0.105588
0.0302501
0.108859
0.0146627
0.109707
0.10672
0.199698
0.00347812
0.199094
0.00689589
0.198168
0.010334
0.196904
0.013827
0.195296
0.017329
0.193346
0.0207667
0.191067
0.0240797
0.188472
0.0272408
0.185574
0.0302611
0.182385
0.0331845
0.178908
0.036077
0.17514
0.0390153
0.17107
0.0420787
0.166677
0.0453431
0.161931
0.0488782
0.156792
0.0527466
0.151208
0.0570031
0.145117
0.0616948
0.13844
0.0668603
0.131082
0.0725272
0.12293
0.0787064
0.113851
0.0853836
0.103697
0.0925026
0.092317
0.0999397
0.0795773
0.107464
0.0654087
0.114679
0.0498801
0.120948
0.0333085
0.125318
0.0163183
0.126665
0.123089
0.19971
0.00376296
0.199132
0.00746826
0.198251
0.0112081
0.197051
0.0150167
0.195526
0.0188389
0.193682
0.0225918
0.191527
0.026208
0.189077
0.0296565
0.186345
0.0329482
0.183343
0.0361302
0.180075
0.039274
0.176542
0.0424636
0.172731
0.0457864
0.168627
0.0493272
0.1642
0.0531652
0.159413
0.0573733
0.154217
0.0620185
0.148549
0.067162
0.14233
0.0728597
0.13546
0.0791597
0.127815
0.0860981
0.119243
0.0936895
0.109561
0.101909
0.0985603
0.110662
0.0860184
0.119734
0.0717385
0.128709
0.0556242
0.136857
0.0378248
0.142984
0.0188659
0.145588
0.142002
0.199725
0.00403346
0.199177
0.00801037
0.198344
0.0120331
0.197214
0.0161366
0.195781
0.0202576
0.194049
0.0243043
0.192029
0.028202
0.189735
0.0319158
0.187182
0.0354564
0.184382
0.0388736
0.181341
0.0422436
0.178061
0.0456571
0.174535
0.049209
0.170747
0.052992
0.166674
0.0570943
0.162284
0.0615987
0.157531
0.0665838
0.152356
0.0721253
0.146686
0.0782965
0.140421
0.0851689
0.133434
0.0928082
0.125561
0.101268
0.116589
0.110571
0.106249
0.120684
0.0942116
0.131457
0.0800984
0.14253
0.0635387
0.153174
0.0443321
0.16203
0.0226981
0.167164
0.164725
0.199741
0.00428757
0.199227
0.00851868
0.198448
0.0128048
0.197393
0.0171816
0.196057
0.0215792
0.194445
0.0258969
0.192568
0.0300532
0.19044
0.0340092
0.188077
0.0377747
0.185492
0.0414018
0.182693
0.044971
0.179685
0.0485785
0.176463
0.0523257
0.173018
0.0563125
0.169332
0.0606348
0.165377
0.0653841
0.161118
0.0706496
0.156504
0.0765198
0.151471
0.0830854
0.145929
0.0904406
0.139758
0.0986835
0.132795
0.107912
0.124813
0.118216
0.115494
0.129652
0.104401
0.142199
0.0909345
0.155664
0.0743257
0.1695
0.0537371
0.18242
0.0286033
0.192206
0.193322
0.199759
0.00452374
0.199281
0.0089904
0.19856
0.0135193
0.197584
0.0181473
0.19635
0.0227984
0.194865
0.0273635
0.193137
0.0317544
0.191184
0.0359282
0.18902
0.0398936
0.186661
0.043704
0.184118
0.0474436
0.181396
0.0512132
0.178497
0.0551194
0.175417
0.059268
0.172143
0.0637609
0.168659
0.0686969
0.164938
0.0741732
0.160944
0.080289
0.156628
0.0871492
0.15192
0.0948685
0.146721
0.103575
0.140886
0.113411
0.134202
0.12454
0.126342
0.137134
0.116798
0.151359
0.104768
0.167322
0.0890066
0.184932
0.0676645
0.203515
0.0383324
0.221405
0.231615
0.199778
0.00474078
0.199339
0.00942334
0.198677
0.014174
0.197784
0.0190303
0.196658
0.0239109
0.195303
0.0286991
0.193732
0.0332999
0.191959
0.0376663
0.190003
0.0418055
0.187879
0.0457717
0.185601
0.0496518
0.183177
0.0535499
0.180615
0.0575768
0.177915
0.0618423
0.175076
0.0664529
0.172088
0.0715117
0.168941
0.0771215
0.165615
0.0833882
0.162082
0.0904261
0.158301
0.0983639
0.154208
0.107351
0.149705
0.117569
0.144631
0.129242
0.138715
0.142655
0.131485
0.15818
0.122088
0.176312
0.108937
0.197705
0.0889952
0.223146
0.0562511
0.253956
0.287797
0.199798
0.00493774
0.1994
0.0098157
0.1988
0.0147662
0.197993
0.0198277
0.196976
0.0249135
0.195757
0.0298999
0.194346
0.0346853
0.192759
0.0392186
0.191016
0.043505
0.189133
0.0475989
0.187127
0.0515886
0.18501
0.0555809
0.182794
0.059689
0.180486
0.0640252
0.178094
0.068698
0.175622
0.0738126
0.173072
0.0794735
0.170445
0.0857886
0.16774
0.092875
0.164951
0.100866
0.162065
0.109919
0.159053
0.120233
0.155854
0.132064
0.152345
0.145761
0.148271
0.161831
0.143088
0.181065
0.135572
0.204806
0.122613
0.23574
0.0944087
0.281912
0.382052
-0.00721048
0.00724255
-0.0152747
0.00802686
-0.0236376
0.00827657
-0.0316684
0.00794429
-0.0388528
0.00712532
-0.0445961
0.00572182
-0.0483482
0.00376961
-0.0496736
0.00137841
-0.048243
-0.00134754
-0.0438498
-0.00428661
-0.0364348
-0.00729174
-0.0261995
-0.0101023
-0.0136334
-0.0124299
0.000636211
-0.0141355
0.0158948
-0.015131
0.0315344
-0.0155218
0.0470474
-0.015407
0.0620305
-0.01489
0.0761838
-0.0140734
0.0893045
-0.0130537
0.101252
-0.0118923
0.111988
-0.0106928
0.121535
-0.00951227
0.129935
-0.00837351
0.137249
-0.0072944
0.143557
-0.00629345
0.148949
-0.00538153
0.153516
-0.00456003
0.157351
-0.00382933
-0.00324284
-0.00774551
0.0150203
-0.0161707
0.0164109
-0.0247828
0.0168057
-0.0330894
0.0161729
-0.0404329
0.0144201
-0.0462726
0.0115507
-0.0501495
0.00767402
-0.0514345
0.00272546
-0.0497898
-0.00290123
-0.0450625
-0.00890052
-0.0371445
-0.015081
-0.0262308
-0.0208787
-0.0130487
-0.0254724
0.00178109
-0.0288287
0.017549
-0.0307697
0.0336496
-0.0315034
0.0495823
-0.031233
0.0649518
-0.0301662
0.0794667
-0.0285083
0.0929266
-0.0264468
0.105226
-0.0241373
0.116314
-0.0217365
0.126199
-0.0193637
0.134928
-0.0170759
0.142563
-0.0149102
0.149183
-0.0128993
0.154874
-0.0110624
0.159723
-0.00940129
0.163809
-0.00790946
-0.00659853
-0.00868722
0.0237332
-0.0178831
0.0255657
-0.0271308
0.0259838
-0.0359339
0.0249183
-0.0437782
0.0222377
-0.0500638
0.0178469
-0.0541408
0.0117981
-0.0554772
0.00414142
-0.0536212
-0.00465097
-0.0483809
-0.0140146
-0.0396215
-0.023701
-0.027936
-0.0324181
-0.0139267
-0.0393353
0.00162291
-0.0442366
0.0179399
-0.0469535
0.0344376
-0.0478794
0.0506348
-0.0473217
0.0661578
-0.0455946
0.0807381
-0.043008
0.0941962
-0.0398376
0.106438
-0.0363244
0.11744
-0.0326947
0.127223
-0.0291118
0.135839
-0.0256659
0.143363
-0.0224146
0.149879
-0.0194016
0.155477
-0.0166502
0.160244
-0.0141605
0.164257
-0.0119171
-0.00991046
-0.0100277
0.0337812
-0.0203534
0.0358535
-0.0305718
0.0361554
-0.0403215
0.0346412
-0.0489857
0.0309072
-0.0558774
0.0247794
-0.0602984
0.0162937
-0.0616705
0.0056174
-0.0593383
-0.00685597
-0.0531191
-0.0200896
-0.0431162
-0.0335495
-0.0301081
-0.045268
-0.0148618
-0.0544256
0.00169369
-0.0606428
0.0187536
-0.0638747
0.0357697
-0.0647697
0.0522957
-0.0637361
0.0679929
-0.0611951
0.0826259
-0.0575588
0.0960433
-0.0531868
0.108183
-0.0484086
0.119045
-0.0435124
0.128665
-0.0386979
0.13711
-0.0340848
0.144466
-0.0297504
0.150825
-0.0257463
0.156281
-0.0220961
0.160923
-0.0187951
0.16483
-0.0158187
-0.013141
-0.0118055
0.0455938
-0.0238044
0.0478192
-0.0354724
0.0478068
-0.0464494
0.0456301
-0.0561836
0.0406859
-0.063912
0.0325851
-0.0686825
0.0211717
-0.069677
0.0067448
-0.0662893
-0.0100912
-0.0584074
-0.027806
-0.0465676
-0.045217
-0.0318126
-0.0598503
-0.0150488
-0.0710217
0.0026428
-0.0781761
0.0205008
-0.081587
0.0380362
-0.0821741
0.0548545
-0.0804392
0.070666
-0.0769072
0.0852772
-0.072086
0.0985767
-0.0664168
0.110538
-0.060314
0.121186
-0.0541148
0.130574
-0.0480512
0.138784
-0.0422686
0.145914
-0.0368607
0.152065
-0.0318833
0.157335
-0.0273564
0.161816
-0.0232684
0.165588
-0.0195845
-0.0162648
-0.0140341
0.0596242
-0.0280317
0.0617983
-0.0416104
0.0614054
-0.054269
0.0583436
-0.0652836
0.0517877
-0.0736898
0.0411083
-0.0783865
0.0260116
-0.0783169
0.00683959
-0.0730012
-0.0152271
-0.0626701
-0.0379481
-0.0485001
-0.0591951
-0.0316992
-0.0764624
-0.0133804
-0.0891599
0.00534606
-0.0967341
0.0238697
-0.0999572
0.041767
-0.0999346
0.0587088
-0.0972615
0.0744637
-0.0925598
0.0888892
-0.0864254
0.101927
-0.0793838
0.113583
-0.0719127
0.123904
-0.0643903
0.132965
-0.0570765
0.140861
-0.0501381
0.1477
-0.0436799
0.153589
-0.037758
0.158629
-0.0323863
0.162912
-0.027544
0.166519
-0.0231855
-0.0192561
-0.016666
0.0763
-0.0330726
0.0782172
-0.0487471
0.0771414
-0.063117
0.0728127
-0.0752516
0.0640523
-0.0838565
0.0498699
-0.0876331
0.0299673
-0.0854421
0.0048449
-0.0772068
-0.0232547
-0.0638648
-0.0510772
-0.0470959
-0.0757521
-0.0282719
-0.0950812
-0.00868603
-0.108552
0.0107266
-0.115968
0.0295881
-0.118657
0.0475291
-0.117733
0.0642903
-0.113899
0.0797076
-0.107871
0.0936964
-0.100326
0.106253
-0.0918679
0.117418
-0.0830194
0.127259
-0.0741856
0.135868
-0.0656494
0.143351
-0.057594
0.14982
-0.0501296
0.155386
-0.0433089
0.160148
-0.0371378
0.164196
-0.0315849
0.16761
-0.0265931
-0.0220928
-0.0193692
0.0956938
-0.038177
0.0970709
-0.0557914
0.0948569
-0.0714839
0.0886459
-0.0840424
0.076781
-0.0919331
0.057955
-0.0936462
0.0318939
-0.0882446
-0.000329648
-0.076389
-0.0348757
-0.0598532
-0.0673771
-0.040681
-0.0946931
-0.0202726
-0.115268
-2.11748e-05
-0.128597
0.0195474
-0.135347
0.0382633
-0.137204
0.0557983
-0.135119
0.0719632
-0.129936
0.0866691
-0.122469
0.0998983
-0.113465
0.111698
-0.103594
0.12214
-0.0934019
0.131312
-0.0833112
0.139318
-0.0736194
0.14627
-0.0645186
0.15228
-0.0561191
0.157452
-0.0484672
0.161884
-0.041559
0.165659
-0.0353525
0.168851
-0.0297784
-0.0247528
-0.0215136
0.117239
-0.0419625
0.11759
-0.0606828
0.113711
-0.0767873
0.104927
-0.0887968
0.0889967
-0.0949376
0.0643246
-0.0934802
0.0306818
-0.0839883
-0.00956591
-0.0683259
-0.0502786
-0.048972
-0.0864738
-0.0280184
-0.115398
-0.0070293
-0.136021
0.0130834
-0.148491
0.0322685
-0.154334
0.0502691
-0.155028
0.0668584
-0.151554
0.0819385
-0.144883
0.0954993
-0.135918
0.107603
-0.125475
0.118333
-0.114249
0.127792
-0.1028
0.136086
-0.0915575
0.143324
-0.0808214
0.149618
-0.0707845
0.15507
-0.0615516
0.159778
-0.0531605
0.163827
-0.0455969
0.16729
-0.0388078
0.17023
-0.0327131
-0.0272155
-0.0219875
0.139267
-0.0424824
0.138174
-0.0608723
0.13226
-0.0761214
0.120382
-0.0865126
0.0996263
-0.0898778
0.06795
-0.0842422
0.0253206
-0.070453
-0.0230736
-0.0514637
-0.068986
-0.0302169
-0.107444
-0.00876919
-0.13658
0.0116726
-0.156215
0.0309544
-0.167544
0.0490613
-0.172235
0.0656958
-0.17148
0.0807447
-0.166445
0.0942127
-0.158216
0.106186
-0.147777
0.11678
-0.135975
0.126123
-0.123515
0.134339
-0.110956
0.141548
-0.0987178
0.147857
-0.0870938
0.153367
-0.0762673
0.15817
-0.0663335
0.162344
-0.0573197
0.165959
-0.0492009
0.169073
-0.0419145
0.171737
-0.035371
-0.0294619
-0.0196326
0.158954
-0.03778
0.156429
-0.0538634
0.148524
-0.0667492
0.133503
-0.0745039
0.107649
-0.073572
0.0673074
-0.063164
0.0152134
-0.0459661
-0.0399671
-0.0248717
-0.0897792
-0.00360686
-0.128417
0.0166799
-0.156589
0.0357259
-0.175002
0.0535311
-0.185112
0.0697745
-0.188266
0.0843302
-0.185848
0.0972192
-0.179171
0.10856
-0.169418
0.118511
-0.157612
0.127241
-0.144609
0.13491
-0.131106
0.141657
-0.117641
0.147602
-0.104614
0.152844
-0.0922983
0.157466
-0.0808615
0.161538
-0.0703855
0.16512
-0.0608859
0.168257
-0.0523282
0.170992
-0.0446414
0.173357
-0.0377293
-0.0314756
-0.0136208
0.172625
-0.026342
0.16927
-0.0376643
0.160049
-0.0463188
0.142421
-0.0500164
0.111645
-0.0439306
0.0615382
-0.02848
8.72488e-05
-0.00920908
-0.0589141
0.0106235
-0.109295
0.0298599
-0.147349
0.0481452
-0.174587
0.0651197
-0.191709
0.080418
-0.200168
0.093914
-0.201544
0.105652
-0.197395
0.115785
-0.189139
0.124518
-0.178011
0.132072
-0.165048
0.138649
-0.15109
0.144423
-0.136802
0.149534
-0.122689
0.154088
-0.10912
0.158167
-0.0963391
0.161828
-0.0844948
0.165116
-0.0736532
0.168064
-0.0638185
0.170695
-0.0549482
0.173027
-0.0469657
0.175075
-0.0397711
-0.0332437
-0.00415289
0.176825
-0.00798446
0.173236
-0.0121104
0.164407
-0.0140412
0.144647
-0.00999741
0.107929
0.00198663
0.0498961
0.0185221
-0.0161037
0.0361396
-0.076192
0.0533925
-0.126219
0.070166
-0.163809
0.0855217
-0.189649
0.0991024
-0.205019
0.110781
-0.2116
0.12063
-0.211174
0.128846
-0.205418
0.135687
-0.195814
0.141424
-0.183606
0.146304
-0.16981
0.150539
-0.155227
0.154292
-0.140475
0.157681
-0.126016
0.160789
-0.112178
0.163665
-0.0991777
0.166339
-0.08714
0.168823
-0.0761166
0.171122
-0.0661021
0.173233
-0.0570485
0.175152
-0.0488769
0.176874
-0.0414872
-0.0347587
0.0097459
0.167132
0.0177815
0.165371
0.0235343
0.158927
0.0308036
0.137709
0.043069
0.0960191
0.0583564
0.0349713
0.0739997
-0.0313874
0.089497
-0.091339
0.103805
-0.14019
0.116585
-0.176271
0.127446
-0.200213
0.136306
-0.213605
0.143299
-0.218347
0.148692
-0.216346
0.152806
-0.209339
0.155966
-0.198807
0.158463
-0.185962
0.160537
-0.171766
0.16237
-0.156962
0.164087
-0.142114
0.165767
-0.127634
0.167452
-0.113813
0.169152
-0.10084
0.170861
-0.0888209
0.17256
-0.0777946
0.174223
-0.06775
0.175823
-0.0586374
0.177334
-0.0503792
0.178731
-0.0428786
-0.0360195
0.0304789
0.136783
0.0514378
0.144616
0.0665217
0.144148
0.0831489
0.121434
0.102261
0.0772784
0.120671
0.0169343
0.136271
-0.046621
0.149143
-0.103858
0.159173
-0.149883
0.16656
-0.183339
0.171588
-0.204946
0.174632
-0.216378
0.176127
-0.219596
0.176516
-0.216517
0.176204
-0.208835
0.175529
-0.197967
0.174755
-0.185047
0.174068
-0.170961
0.173588
-0.156385
0.173379
-0.141826
0.173461
-0.127654
0.173826
-0.114129
0.174439
-0.101416
0.175257
-0.0896104
0.176228
-0.0787439
0.177297
-0.0688045
0.178416
-0.0597449
0.179537
-0.0514924
0.180622
-0.0439574
-0.0370316
0.207472
0.00512027
0.207103
0.0101788
0.206548
0.0153132
0.205803
0.0205624
0.204867
0.0258349
0.203748
0.0309999
0.202457
0.0359495
0.201013
0.040628
0.199435
0.0450383
0.197742
0.0492342
0.195955
0.0533046
0.194091
0.0573574
0.192167
0.0615069
0.190199
0.065866
0.188203
0.0705433
0.186197
0.0756427
0.184202
0.0812663
0.182239
0.0875186
0.18034
0.0945115
0.17854
0.102371
0.176887
0.111246
0.175443
0.12132
0.174287
0.132832
0.173529
0.146104
0.17333
0.161593
0.173957
0.179989
0.176003
0.202316
0.181695
0.229643
0.205195
0.258118
0.272419
0.314673
0.212514
0.00528373
0.212183
0.0105035
0.211687
0.0158013
0.211023
0.0212162
0.210191
0.0266521
0.2092
0.0319715
0.208062
0.0370603
0.206797
0.0418581
0.205425
0.0463651
0.203968
0.0506338
0.202449
0.0547525
0.200889
0.0588289
0.199313
0.0629768
0.197744
0.0673079
0.196209
0.071928
0.194739
0.076937
0.193372
0.0824306
0.192155
0.0885037
0.19115
0.095255
0.190435
0.102792
0.190122
0.111234
0.190366
0.120722
0.191389
0.131425
0.193536
0.143549
0.197382
0.157318
0.203998
0.172934
0.215507
0.190372
0.235677
0.209071
0.265858
0.227622
0.243087
0.295034
0.21768
0.00542595
0.217391
0.0107856
0.216961
0.0162242
0.216385
0.0217811
0.215667
0.0273555
0.214815
0.0328036
0.213843
0.0380052
0.212771
0.0428952
0.21162
0.0474704
0.210416
0.0517812
0.209182
0.0559146
0.207947
0.0599767
0.206739
0.0640792
0.20559
0.0683306
0.204537
0.0728321
0.203624
0.0776764
0.202906
0.0829489
0.202451
0.0887305
0.202349
0.0950996
0.202717
0.102137
0.203713
0.109922
0.20556
0.118531
0.208573
0.128044
0.21321
0.138522
0.22015
0.149974
0.230383
0.162292
0.245155
0.175202
0.265575
0.188288
0.29173
0.201178
0.210407
0.324257
0.222972
0.00554511
0.22273
0.0110213
0.222369
0.0165766
0.22189
0.0222497
0.221294
0.027936
0.220592
0.0334855
0.219799
0.0387724
0.218932
0.0437264
0.218017
0.0483406
0.217079
0.0526625
0.216147
0.0567766
0.215251
0.0607865
0.214426
0.0648005
0.21371
0.068922
0.213151
0.0732459
0.212802
0.0778557
0.212732
0.0828239
0.213027
0.088214
0.213796
0.0940814
0.215182
0.100474
0.217372
0.107428
0.220614
0.114962
0.225241
0.12307
0.231693
0.131708
0.240537
0.140759
0.252456
0.150005
0.268219
0.159091
0.288783
0.167416
0.315566
0.174161
0.176873
0.348981
0.228393
0.00563996
0.228199
0.0112083
0.227913
0.0168546
0.227535
0.022617
0.227069
0.0283868
0.226526
0.0340089
0.22592
0.0393517
0.225271
0.0443403
0.224604
0.0489634
0.223946
0.0532651
0.223327
0.0573267
0.222781
0.061248
0.222348
0.0651325
0.222072
0.0690778
0.222006
0.0731708
0.222214
0.0774845
0.222773
0.0820775
0.22378
0.0869953
0.225354
0.0922698
0.227649
0.0979173
0.230858
0.103935
0.235221
0.110294
0.241042
0.116929
0.248693
0.123728
0.258616
0.130505
0.271322
0.136978
0.287391
0.142727
0.307441
0.147116
0.33203
0.149392
0.14867
0.360151
0.233946
0.00570864
0.233804
0.0113431
0.233597
0.0170534
0.233327
0.0228768
0.232998
0.0287011
0.232621
0.0343662
0.232211
0.0397354
0.231789
0.0447288
0.231378
0.0493309
0.231007
0.0535818
0.230708
0.0575586
0.230518
0.0613567
0.230479
0.0650744
0.230639
0.0688026
0.231056
0.0726191
0.231798
0.0765863
0.232949
0.0807493
0.234607
0.0851367
0.236896
0.089759
0.239963
0.0946066
0.24399
0.0996465
0.24919
0.104815
0.255818
0.110012
0.264166
0.115087
0.274555
0.119827
0.287318
0.123941
0.302759
0.127041
0.321044
0.128632
0.342128
0.128174
0.125363
0.365378
0.239634
0.00575031
0.239546
0.0114238
0.239421
0.0171702
0.239262
0.0230252
0.239075
0.0288739
0.23887
0.0345515
0.238663
0.0399167
0.238474
0.0448852
0.238326
0.0494369
0.238248
0.0536077
0.238273
0.05747
0.238437
0.0611141
0.238786
0.0646325
0.239371
0.068109
0.240249
0.0716132
0.241493
0.0751969
0.243183
0.0788931
0.245419
0.0827159
0.248314
0.0866587
0.252005
0.0906931
0.256648
0.0947657
0.26242
0.0987934
0.269517
0.102659
0.278144
0.106203
0.288504
0.10922
0.300764
0.111451
0.315018
0.112587
0.331219
0.112274
0.349156
0.110137
0.106074
0.368406
0.24546
0.00576366
0.245429
0.011448
0.245389
0.0172015
0.245346
0.0230583
0.245304
0.0289008
0.245277
0.0345605
0.245277
0.0398921
0.245324
0.0448067
0.245441
0.04928
0.245655
0.0533431
0.246
0.0570639
0.246514
0.0605272
0.247239
0.0638195
0.248228
0.067018
0.249539
0.0701843
0.251239
0.0733612
0.253408
0.0765718
0.256136
0.0798188
0.259525
0.0830839
0.263691
0.0863269
0.268761
0.0894837
0.27487
0.0924646
0.282154
0.0951512
0.290743
0.097395
0.300737
0.0990165
0.312191
0.0998071
0.325081
0.0995364
0.339269
0.0979643
0.354475
0.094856
0.090217
0.370305
0.251427
0.00574808
0.251453
0.0114145
0.251501
0.0171457
0.251576
0.0229737
0.251683
0.0287792
0.251835
0.0343905
0.252045
0.0396591
0.252329
0.044492
0.252711
0.0488607
0.253215
0.0527917
0.253874
0.0563477
0.254724
0.0596083
0.255808
0.0626544
0.257175
0.0655568
0.25888
0.0683704
0.260987
0.0711309
0.263567
0.0738539
0.266699
0.0765345
0.27047
0.0791476
0.274973
0.0816478
0.280302
0.0839688
0.286553
0.0860235
0.29381
0.0877039
0.302138
0.0888819
0.311569
0.0894124
0.322084
0.0891381
0.333594
0.0878987
0.345921
0.0855437
0.358777
0.081945
0.0771567
0.371818
0.257537
0.00570341
0.257622
0.0113232
0.257758
0.0170024
0.25795
0.0227715
0.258207
0.0285092
0.258538
0.0340421
0.258956
0.0392189
0.259476
0.0439434
0.260118
0.0481831
0.260906
0.05196
0.261869
0.0553319
0.263041
0.0583734
0.264461
0.0611599
0.266175
0.0637568
0.268233
0.0662136
0.270693
0.0685607
0.273615
0.0708089
0.277066
0.0729494
0.281114
0.0749547
0.285829
0.0767795
0.291278
0.0783614
0.297518
0.0796223
0.304592
0.0804703
0.312519
0.0808021
0.321284
0.0805076
0.330824
0.0794757
0.341021
0.0776028
0.35169
0.0748036
0.362577
0.0710196
0.066323
0.3734
0.263796
0.00562922
0.26394
0.0111732
0.264163
0.0167712
0.264474
0.0224512
0.264879
0.0280913
0.265388
0.0335168
0.266012
0.0385746
0.266763
0.043166
0.267658
0.047255
0.268718
0.0508592
0.26997
0.054032
0.271443
0.0568431
0.273172
0.0593632
0.275199
0.0616532
0.277566
0.0637586
0.280323
0.0657063
0.283519
0.0675048
0.287208
0.0691444
0.291439
0.0705987
0.296262
0.0718264
0.301717
0.0727729
0.307833
0.0733729
0.31462
0.0735525
0.322066
0.0732334
0.330125
0.0723369
0.338716
0.07079
0.347713
0.0685318
0.356945
0.0655211
0.366198
0.0617423
0.0572712
0.375247
0.270205
0.00552601
0.270406
0.0109656
0.270717
0.0164533
0.271144
0.0220149
0.271695
0.0275281
0.272379
0.0328182
0.273203
0.0377314
0.274177
0.042167
0.275316
0.046086
0.276637
0.0495024
0.27816
0.0524653
0.279911
0.0550402
0.281921
0.0572935
0.284223
0.0592827
0.286855
0.0610504
0.289854
0.0626219
0.293261
0.0640051
0.297115
0.0651918
0.301449
0.0661595
0.306294
0.0668732
0.311668
0.0672884
0.317579
0.0673533
0.324015
0.0670123
0.330943
0.0662093
0.338303
0.0648921
0.346005
0.0630169
0.353931
0.0605531
0.36193
0.0574883
0.369829
0.0538317
0.0496548
0.377449
0.276768
0.00539368
0.277027
0.0107004
0.277424
0.0160492
0.277967
0.0214636
0.278662
0.0268221
0.279516
0.0319507
0.280534
0.0366958
0.281723
0.0409557
0.283093
0.044689
0.284656
0.0479065
0.286429
0.0506532
0.288433
0.0529909
0.290691
0.0549826
0.293232
0.0566831
0.296083
0.0581333
0.299274
0.0593582
0.302834
0.0603669
0.306788
0.0611543
0.311158
0.0617029
0.315957
0.0619858
0.321189
0.0619686
0.326843
0.0616132
0.332894
0.0608802
0.339298
0.0597325
0.345988
0.0581386
0.352879
0.056076
0.359862
0.0535349
0.366811
0.0505204
0.373585
0.0470547
0.0432021
0.380048
0.283487
0.00523357
0.283802
0.0103801
0.284282
0.0155628
0.284936
0.0208025
0.285768
0.0259795
0.286785
0.0309216
0.287988
0.0354769
0.28938
0.0395433
0.290968
0.0430778
0.292757
0.0460882
0.29476
0.0486164
0.29699
0.0507204
0.299467
0.0524606
0.30221
0.0538898
0.305239
0.055048
0.308576
0.0559609
0.312238
0.0566398
0.31624
0.0570835
0.320593
0.0572806
0.325296
0.0572121
0.330342
0.0568537
0.335709
0.0561795
0.341364
0.055164
0.347258
0.053785
0.353326
0.0520267
0.359486
0.0498817
0.365647
0.0473532
0.371703
0.0444565
0.377543
0.0412197
0.0376984
0.383061
0.290369
0.00504624
0.290738
0.0100061
0.291298
0.0149963
0.292058
0.0200355
0.293023
0.0250059
0.294194
0.0297389
0.295572
0.0340848
0.297155
0.0379426
0.298944
0.0412681
0.30094
0.0440668
0.303149
0.0463775
0.30558
0.0482554
0.308244
0.0497582
0.311154
0.0509372
0.314323
0.0518324
0.317764
0.0524705
0.321485
0.0528658
0.325492
0.0530213
0.329786
0.0529317
0.334358
0.0525854
0.339191
0.0519675
0.344259
0.0510622
0.349524
0.0498552
0.354935
0.0483359
0.360432
0.0464997
0.365945
0.044349
0.371392
0.0418952
0.376691
0.0391585
0.381753
0.0361687
0.0329726
0.386496
0.297415
0.00483292
0.297835
0.00958086
0.298472
0.0143537
0.299334
0.0191677
0.300423
0.0239084
0.30174
0.0284114
0.303282
0.0325308
0.305042
0.0361671
0.307016
0.0392761
0.3092
0.0418613
0.311594
0.0439588
0.3142
0.045621
0.317023
0.0469034
0.320068
0.0478564
0.323343
0.0485197
0.326851
0.0489216
0.330596
0.0490793
0.334574
0.0490001
0.338779
0.0486842
0.343196
0.0481268
0.347804
0.0473208
0.352572
0.0462587
0.357461
0.0449348
0.362425
0.0433472
0.367408
0.0414985
0.372349
0.0393978
0.377181
0.0370604
0.381837
0.0345086
0.386249
0.031771
0.028887
0.390354
0.304629
0.00459519
0.305098
0.00910756
0.305807
0.0136398
0.306763
0.0182061
0.307968
0.0226957
0.309421
0.0269499
0.311113
0.0308275
0.313036
0.0342317
0.315178
0.0371188
0.31753
0.0394907
0.320087
0.0413814
0.322843
0.0428405
0.325799
0.0439218
0.328953
0.0446741
0.332304
0.0451376
0.335852
0.0453418
0.339592
0.0453064
0.343517
0.0450428
0.347613
0.0445558
0.351863
0.0438465
0.356241
0.0429139
0.360718
0.0417571
0.365256
0.0403769
0.369811
0.0387769
0.374335
0.0369649
0.378776
0.0349534
0.38308
0.0327596
0.387192
0.0304057
0.391061
0.027918
0.0253292
0.394637
0.312015
0.00433417
0.312531
0.00858852
0.313308
0.0128584
0.314353
0.0171558
0.315668
0.0213749
0.317246
0.0253637
0.319078
0.0289866
0.321148
0.0321506
0.323441
0.0348129
0.325942
0.0369744
0.32864
0.0386667
0.331524
0.0399373
0.334587
0.0408375
0.337823
0.0414153
0.341227
0.0417105
0.34479
0.0417538
0.348504
0.0415672
0.352357
0.0411651
0.356333
0.0405565
0.360411
0.0397468
0.364566
0.0387398
0.368767
0.0375395
0.372981
0.0361511
0.377167
0.034582
0.381286
0.032843
0.385292
0.0309481
0.389143
0.0289149
0.392796
0.026764
0.396211
0.0245191
0.0222072
0.39935
0.319579
0.00405122
0.320138
0.0080265
0.320979
0.0120135
0.322108
0.0160226
0.323524
0.0199535
0.325219
0.0236619
0.327179
0.0270192
0.329384
0.0299367
0.331813
0.0323731
0.334446
0.0343287
0.337266
0.035833
0.340258
0.0369307
0.343408
0.037671
0.346705
0.0381003
0.350139
0.038258
0.353699
0.0381756
0.357371
0.0378764
0.361141
0.0373773
0.364991
0.0366903
0.368898
0.0358243
0.372839
0.0347866
0.376784
0.0335843
0.380703
0.0322257
0.384561
0.0307204
0.388324
0.0290807
0.391955
0.0273208
0.39542
0.0254575
0.398686
0.0235098
0.401722
0.0214981
0.0194445
0.4045
0.327323
0.00374855
0.327921
0.00742578
0.328819
0.0111119
0.330023
0.0148154
0.331529
0.0184423
0.333329
0.0218573
0.335402
0.0249394
0.337726
0.0276052
0.340275
0.0298155
0.343024
0.0315702
0.345949
0.0328966
0.349031
0.0338368
0.352252
0.0344375
0.355596
0.0347432
0.359048
0.0347924
0.362593
0.0346165
0.366216
0.0342398
0.369901
0.0336807
0.373626
0.0329533
0.377372
0.0320687
0.381114
0.0310366
0.384827
0.0298663
0.388482
0.0285674
0.392051
0.0271511
0.395505
0.0256295
0.398815
0.0240167
0.401952
0.0223281
0.404893
0.0205804
0.407613
0.0187911
0.0169785
0.410092
0.335253
0.00342662
0.335889
0.00678758
0.336842
0.0101554
0.338117
0.0135374
0.33971
0.0168464
0.341606
0.0199567
0.343784
0.0227562
0.346216
0.0251673
0.348871
0.0271531
0.351721
0.0287133
0.354736
0.0298731
0.357892
0.0306716
0.361167
0.0311526
0.364542
0.0313583
0.367999
0.0313258
0.37152
0.0310858
0.375088
0.0306627
0.378684
0.0300757
0.38229
0.0293402
0.385884
0.0284685
0.389445
0.0274717
0.392948
0.0263601
0.396371
0.0251442
0.399689
0.0238352
0.402877
0.022445
0.405913
0.0209866
0.408775
0.0194739
0.411444
0.0179212
0.413903
0.0163434
0.0147553
0.416137
0.343373
0.00308752
0.344042
0.0061158
0.345045
0.00915012
0.346384
0.0121963
0.348052
0.0151749
0.350035
0.0179707
0.352306
0.020481
0.354834
0.0226346
0.357584
0.0243978
0.360521
0.0257699
0.363614
0.0267737
0.366834
0.0274453
0.370154
0.0278251
0.373553
0.0279526
0.377009
0.0278626
0.380503
0.0275846
0.384017
0.0271426
0.387532
0.0265557
0.391028
0.0258395
0.394486
0.0250069
0.397886
0.0240696
0.401208
0.0230381
0.40443
0.021923
0.407533
0.020735
0.410497
0.0194853
0.413303
0.0181856
0.415936
0.0168479
0.418381
0.0154845
0.420626
0.0141077
0.0127296
0.422661
0.351688
0.00273128
0.352391
0.00541088
0.353442
0.00809695
0.354842
0.0107943
0.356583
0.0134313
0.358647
0.0159041
0.361005
0.0181199
0.363621
0.0200148
0.366457
0.021558
0.369474
0.0227487
0.372636
0.0236073
0.37591
0.0241662
0.379268
0.0244622
0.382684
0.0245314
0.386136
0.024406
0.389602
0.0241135
0.393064
0.0236766
0.396503
0.0231138
0.399899
0.0224402
0.403236
0.0216687
0.406495
0.0208105
0.409657
0.0198761
0.412706
0.0188755
0.415626
0.0178186
0.4184
0.0167155
0.421014
0.0155765
0.423456
0.0144117
0.425716
0.0132315
0.427785
0.012046
0.010865
0.429656
0.360203
0.00235942
0.360936
0.00467574
0.362031
0.00700085
0.363485
0.00933823
0.36529
0.0116241
0.367426
0.0137664
0.36986
0.0156832
0.372554
0.0173179
0.375466
0.0186434
0.378553
0.0196587
0.381775
0.0203814
0.385098
0.0208402
0.388489
0.0210678
0.391921
0.0210962
0.395369
0.0209544
0.398812
0.0206675
0.40223
0.0202563
0.405604
0.0197377
0.408917
0.0191261
0.412152
0.0184335
0.415292
0.0176704
0.418323
0.0168466
0.421229
0.015971
0.423998
0.0150527
0.426617
0.0141004
0.429075
0.0131228
0.431363
0.0121285
0.433474
0.0111259
0.435402
0.0101232
0.00912828
0.437144
0.368924
0.00197072
0.36969
0.00390873
0.370828
0.00586082
0.372337
0.00782846
0.374204
0.00975502
0.376409
0.0115604
0.378916
0.0131745
0.381683
0.0145485
0.384665
0.015659
0.387817
0.0165045
0.391096
0.0171001
0.394464
0.0174702
0.397886
0.0176428
0.401335
0.0176456
0.404783
0.017504
0.408209
0.0172399
0.411593
0.0168714
0.414915
0.016414
0.418161
0.0158802
0.421314
0.015281
0.424359
0.0146257
0.427284
0.0139229
0.430077
0.0131806
0.432726
0.0124063
0.435221
0.0116076
0.437556
0.0107915
0.439723
0.00996518
0.441718
0.0091353
0.443537
0.00830831
0.00749035
0.445179
0.377857
0.00156426
0.378655
0.0031089
0.379836
0.00467896
0.381394
0.00626992
0.383317
0.00783029
0.385583
0.00929324
0.388155
0.0106009
0.390989
0.0117133
0.394036
0.0126104
0.397248
0.0132907
0.400581
0.0137663
0.403992
0.0140571
0.407447
0.0141861
0.410915
0.0141762
0.41437
0.0140485
0.417787
0.0138212
0.421148
0.0135099
0.424435
0.0131274
0.42763
0.0126845
0.430722
0.0121904
0.433695
0.0116531
0.43654
0.0110798
0.439245
0.0104771
0.441802
0.00985121
0.444204
0.00920818
0.446444
0.00855371
0.448519
0.00789329
0.450425
0.00723215
0.452162
0.00657523
0.0059272
0.453728
0.387011
0.0011341
0.387852
0.00226729
0.389079
0.00345073
0.390687
0.0046607
0.392667
0.00584938
0.394994
0.0069655
0.39763
0.00796436
0.400528
0.00881444
0.403637
0.00949961
0.406909
0.0100183
0.410295
0.0103796
0.413752
0.0105985
0.417244
0.010693
0.420739
0.0106807
0.424209
0.0105779
0.427631
0.0103991
0.430984
0.0101564
0.434251
0.00985999
0.437418
0.00951837
0.44047
0.00913883
0.443397
0.0087277
0.446187
0.0082906
0.448833
0.00783266
0.451327
0.00735868
0.453664
0.00687318
0.455839
0.00638044
0.45785
0.00588453
0.459695
0.00538927
0.461375
0.00489823
0.00441474
0.462889
0.396398
0.000667683
0.397289
0.00137573
0.398562
0.00217767
0.40022
0.00300198
0.402256
0.00381266
0.404643
0.0045778
0.407341
0.00526552
0.410302
0.00585254
0.413474
0.00632674
0.416805
0.00668645
0.420247
0.00693757
0.423754
0.0070904
0.42729
0.00715717
0.43082
0.00715021
0.434316
0.00708095
0.437756
0.00695943
0.441118
0.00679422
0.444386
0.00659249
0.447545
0.0063603
0.450581
0.00610277
0.453486
0.00582433
0.456249
0.0055289
0.458863
0.00522004
0.461322
0.00490102
0.463621
0.00457492
0.465759
0.00424462
0.467732
0.00391281
0.469541
0.00358203
0.471186
0.00325463
0.00293284
0.47267
0.406098
7.88977e-05
0.407045
0.000428572
0.408354
0.000868512
0.410051
0.00130351
0.41213
0.00173407
0.414561
0.00214597
0.417307
0.0025192
0.420319
0.0028397
0.423545
0.00310031
0.426931
0.00329976
0.430427
0.00344096
0.433988
0.00352936
0.437573
0.00357151
0.441149
0.00357413
0.444687
0.00354344
0.448161
0.00348494
0.451552
0.00340331
0.454843
0.00330249
0.458018
0.00318577
0.461066
0.00305594
0.463975
0.00291539
0.466739
0.00276622
0.46935
0.00261031
0.471803
0.00244938
0.474094
0.002285
0.476221
0.00211866
0.478184
0.00195172
0.479981
0.00178546
0.481616
0.00162105
0.00145962
0.483091
0.415398
0.415826
0.416694
0.417997
0.41973
0.421876
0.424395
0.427234
0.430334
0.433633
0.437074
0.440603
0.444174
0.447748
0.451292
0.454777
0.458181
0.461484
0.46467
0.467727
0.470643
0.47341
0.476022
0.478472
0.480758
0.482878
0.484831
0.486618
0.48824
0.4897
0.207657
0.107015
0.125154
0.0824944
0.0654228
0.0597091
0.289153
0.112857
0.270543
0.101079
0.0901291
0.245814
0.337022
0.100054
0.342002
0.0960599
0.0909472
0.341131
0.363405
0.0856061
0.375098
0.0843266
0.081975
0.383999
0.3736
0.0721448
0.386502
0.0713887
0.069796
0.398603
0.377019
0.0604995
0.388714
0.0596611
0.0582295
0.400204
0.378004
0.0509005
0.387708
0.0499277
0.0485284
0.397338
0.37811
0.0430961
0.385962
0.0420495
0.0406855
0.393739
0.378199
0.0367184
0.384564
0.0356615
0.0343654
0.390825
0.378658
0.0314649
0.383861
0.0304395
0.0292322
0.388943
0.379617
0.0271022
0.38391
0.0261315
0.0250214
0.388077
0.381111
0.0234494
0.384686
0.0225458
0.0215342
0.388137
0.383141
0.0203673
0.386143
0.0195365
0.0186214
0.389026
0.385693
0.0177477
0.388235
0.0169912
0.0161684
0.390664
0.388751
0.015505
0.390919
0.0148217
0.0140861
0.392982
0.3923
0.0135712
0.394164
0.0129582
0.0123038
0.395931
0.396329
0.011891
0.397944
0.0113444
0.010765
0.399471
0.400832
0.0104195
0.402243
0.00993489
0.0094243
0.403575
0.405809
0.00911942
0.407054
0.00869235
0.00824465
0.408226
0.411259
0.00796049
0.412367
0.00758647
0.00719613
0.41341
0.417187
0.00691682
0.418184
0.00659167
0.00625363
0.419122
0.423616
0.00596654
0.424523
0.00568643
0.00539618
0.425377
0.430534
0.00509231
0.431368
0.00485389
0.00460755
0.432154
0.437961
0.00427832
0.438737
0.0040787
0.00387293
0.43947
0.445949
0.00351074
0.44668
0.00334749
0.00317957
0.447373
0.454462
0.00277804
0.455161
0.00264927
0.00251701
0.455822
0.463599
0.00206937
0.464275
0.00197363
0.00187544
0.464916
0.473366
0.00137421
0.474029
0.00131052
0.00124519
0.474659
0.483781
0.000684117
0.48444
0.000651859
0.00061893
0.485066
0.490385
0.491037
0.491656
0.0716681
0.124918
0.0912071
0.125289
0.117077
0.118591
0.144053
0.0948195
0.17074
0.050971
0.193433
-0.00537505
0.209442
-0.0622543
0.219182
-0.113235
0.223852
-0.154207
0.224737
-0.1839
0.22296
-0.202867
0.219446
-0.212587
0.214946
-0.214846
0.210051
-0.211399
0.205198
-0.203787
0.200694
-0.193294
0.196729
-0.180939
0.193406
-0.167517
0.19076
-0.153639
0.188777
-0.139762
0.187411
-0.126223
0.186595
-0.113261
0.186247
-0.10103
0.186285
-0.0896187
0.186624
-0.0790611
0.187185
-0.0693492
0.187894
-0.0604428
0.188688
-0.052278
0.189513
-0.044775
-0.0378367
0.216527
0.154235
0.211736
0.130262
0.223799
0.106809
0.244463
0.0744898
0.265199
0.0305959
0.281072
-0.0208785
0.289673
-0.0704891
0.291402
-0.114608
0.287697
-0.150162
0.280273
-0.176155
0.270678
-0.192973
0.260127
-0.201762
0.249509
-0.20398
0.239427
-0.201095
0.230255
-0.194421
0.222195
-0.185064
0.215322
-0.173922
0.209628
-0.161702
0.205049
-0.14896
0.201488
-0.136119
0.19883
-0.1235
0.196953
-0.111332
0.195732
-0.0997699
0.19505
-0.088906
0.194793
-0.0787826
0.194862
-0.0694017
0.195166
-0.0607344
0.195626
-0.0527292
0.196176
-0.0453182
-0.0384178
0.336508
0.158837
0.336111
0.130786
0.343405
0.0997427
0.354932
0.0632525
0.364713
0.0211413
0.368021
-0.0238449
0.365007
-0.0671292
0.356261
-0.105522
0.343253
-0.136827
0.327675
-0.160268
0.311037
-0.176045
0.294503
-0.18496
0.278879
-0.188113
0.264656
-0.186654
0.252084
-0.181657
0.241242
-0.174055
0.232095
-0.164631
0.224537
-0.154024
0.218426
-0.142748
0.213598
-0.13121
0.209889
-0.119725
0.207133
-0.108524
0.205175
-0.0977719
0.203871
-0.0875717
0.20309
-0.077979
0.202715
-0.0690101
0.202644
-0.060651
0.202789
-0.0528645
0.203074
-0.0455966
-0.0387776
0.396603
0.146173
0.406182
0.121277
0.415164
0.0909326
0.42253
0.0561245
0.425662
0.0182908
0.422444
-0.020321
0.412972
-0.0573428
0.398305
-0.0905411
0.380092
-0.118307
0.360016
-0.139898
0.339517
-0.15527
0.319689
-0.164875
0.301262
-0.169452
0.284658
-0.169839
0.270063
-0.166874
0.257498
-0.161327
0.246882
-0.153874
0.238067
-0.14509
0.230877
-0.135459
0.225122
-0.125374
0.22061
-0.115148
0.217159
-0.105021
0.214596
-0.0951692
0.212766
-0.0857106
0.211527
-0.0767166
0.210754
-0.0682198
0.210337
-0.0602223
0.210185
-0.0527022
0.210216
-0.0456202
-0.03892
0.418277
0.126417
0.433397
0.106182
0.444239
0.08021
0.450357
0.0501937
0.450782
0.0180993
0.445058
-0.0143334
0.433607
-0.0456135
0.417576
-0.0742261
0.398449
-0.0988991
0.377705
-0.118882
0.35663
-0.133936
0.336223
-0.144226
0.317173
-0.15018
0.299897
-0.152362
0.284594
-0.151391
0.271305
-0.14788
0.259967
-0.142399
0.25045
-0.135457
0.24259
-0.127501
0.236204
-0.118907
0.231106
-0.109985
0.227114
-0.100978
0.224057
-0.0920721
0.221778
-0.0834003
0.220133
-0.0750488
0.218997
-0.0670663
0.218258
-0.0594708
0.217821
-0.0522557
0.217604
-0.0453955
-0.0388477
0.420457
0.106072
0.436433
0.0901961
0.447363
0.0693561
0.452793
0.0449029
0.452589
0.0184914
0.44697
-0.00849497
0.43644
-0.0348434
0.421898
-0.0594338
0.404508
-0.0812569
0.385479
-0.0996044
0.365906
-0.114125
0.346684
-0.124779
0.328469
-0.131757
0.311698
-0.135401
0.296618
-0.13614
0.283327
-0.134439
0.27182
-0.13076
0.262018
-0.125543
0.253799
-0.119187
0.247011
-0.112041
0.241492
-0.104402
0.237079
-0.0965136
0.233612
-0.0885653
0.230942
-0.0806995
0.228932
-0.0730155
0.227459
-0.065576
0.226414
-0.0584134
0.225704
-0.0515353
0.225245
-0.044929
-0.0385644
0.414921
0.0883932
0.429216
0.0758707
0.439193
0.0594196
0.444327
0.0398681
0.444575
0.0183879
0.440175
-0.00391612
0.431576
-0.0260418
0.419453
-0.0470951
0.404685
-0.0662673
0.388222
-0.0829205
0.370966
-0.0966531
0.353689
-0.107296
0.337002
-0.114877
0.321346
-0.119568
0.307011
-0.121644
0.294153
-0.121439
0.282832
-0.119314
0.273027
-0.115631
0.264668
-0.110736
0.257645
-0.104943
0.251832
-0.0985275
0.247091
-0.0917225
0.243282
-0.0847169
0.24027
-0.0776571
0.237928
-0.0706512
0.236143
-0.0637727
0.234808
-0.0570661
0.233834
-0.0505511
0.23314
-0.0442265
-0.0380738
0.408067
0.073972
0.420029
0.0638644
0.428699
0.0507641
0.433517
0.0351168
0.434328
0.0176859
0.431241
-0.000687986
0.424596
-0.0192305
0.414887
-0.037203
0.402753
-0.0539421
0.388915
-0.0688882
0.37409
-0.0816365
0.35893
-0.0919516
0.343985
-0.0997565
0.329685
-0.105105
0.316339
-0.10815
0.304151
-0.109118
0.293229
-0.108275
0.283608
-0.105909
0.275266
-0.102308
0.268139
-0.0977436
0.262135
-0.092464
0.257146
-0.0866853
0.253056
-0.0805886
0.249748
-0.0743196
0.24711
-0.0679901
0.245035
-0.0616811
0.243429
-0.0554462
0.242203
-0.0493151
0.241281
-0.0432964
-0.0373821
0.402356
0.0623533
0.412142
0.0540278
0.419471
0.0434332
0.423833
0.0307959
0.425
0.0165974
0.422989
0.00143306
0.417992
-0.0140992
0.410346
-0.0294059
0.400507
-0.0439407
0.38901
-0.0572239
0.376419
-0.0688769
0.363272
-0.0786404
0.35005
-0.0863775
0.337154
-0.092061
0.324896
-0.0957562
0.3135
-0.0975996
0.303112
-0.0977783
0.293807
-0.0965098
0.285605
-0.0940243
0.27848
-0.0905504
0.272376
-0.0863035
0.267215
-0.0814779
0.262905
-0.0762419
0.25935
-0.0707354
0.256452
-0.0650701
0.254118
-0.0593305
0.252261
-0.0535761
0.2508
-0.0478441
0.249663
-0.0421513
-0.0364982
0.39827
0.0529465
0.406258
0.0459883
0.412388
0.0372905
0.416242
0.026965
0.417581
0.0153144
0.416342
0.00275574
0.412612
-0.0102633
0.406609
-0.0232788
0.39865
-0.0358465
0.389131
-0.0475623
0.378487
-0.0580871
0.367154
-0.0671638
0.355542
-0.0746265
0.344011
-0.080398
0.332858
-0.0844806
0.322313
-0.0869434
0.312541
-0.0879068
0.303646
-0.0875272
0.295679
-0.0859817
0.288648
-0.0834553
0.282527
-0.0801292
0.277266
-0.0761731
0.272798
-0.0717386
0.269046
-0.0669559
0.26593
-0.0619327
0.26337
-0.0567534
0.261287
-0.0514808
0.25961
-0.046157
0.258272
-0.0408048
-0.0354326
0.395697
0.0452569
0.402256
0.0393798
0.407378
0.0321504
0.410732
0.0236215
0.412098
0.0139873
0.411377
0.00353956
0.408589
-0.00739156
0.403863
-0.018453
0.397417
-0.0292884
0.389537
-0.0395628
0.380555
-0.0489812
0.37082
-0.0573038
0.360671
-0.0643567
0.350424
-0.0700347
0.340351
-0.0742984
0.330675
-0.0771672
0.321567
-0.0787088
0.313148
-0.0790283
0.305492
-0.0782559
0.298632
-0.0765358
0.292568
-0.0740157
0.287275
-0.0708391
0.282708
-0.0671389
0.278812
-0.0630328
0.275521
-0.0586212
0.272769
-0.0539858
0.27049
-0.0491896
0.268621
-0.0442774
0.2671
-0.0392764
-0.0342004
0.394425
0.038909
0.399854
0.0339065
0.404145
0.0278397
0.40704
0.0207302
0.408347
0.0127055
0.407963
0.00397022
0.405866
-0.0052296
0.402127
-0.0146342
0.396889
-0.0239595
0.390358
-0.032932
0.382782
-0.0413008
0.374435
-0.048851
0.365597
-0.0554134
0.356534
-0.0608707
0.34749
-0.0651581
0.338672
-0.0682601
0.330248
-0.0702047
0.322348
-0.0710557
0.315058
-0.0709031
0.308431
-0.0698547
0.302488
-0.068027
0.297225
-0.0655377
0.292617
-0.0624997
0.288625
-0.0590166
0.285203
-0.0551793
0.282297
-0.0510644
0.279852
-0.0467328
0.277814
-0.0422299
0.276131
-0.0375853
-0.0328174
0.394265
0.0336218
0.398793
0.0293395
0.402403
0.0242104
0.404892
0.01824
0.406102
0.0115134
0.405931
0.0041749
0.404343
-0.00359173
0.401368
-0.0115958
0.397096
-0.0196138
0.391671
-0.0274255
0.385278
-0.0348212
0.37813
-0.0416132
0.370451
-0.0476448
0.362464
-0.0527972
0.354381
-0.056992
0.34639
-0.0601911
0.338651
-0.0623937
0.33129
-0.0636312
0.324405
-0.0639612
0.318059
-0.06346
0.31229
-0.0622158
0.307109
-0.0603222
0.30251
-0.0578723
0.298472
-0.0549547
0.29496
-0.0516495
0.291936
-0.0480261
0.289357
-0.044142
0.287177
-0.0400413
0.285354
-0.0357544
-0.031302
0.395065
0.0291809
0.398873
0.0254996
0.401926
0.0211387
0.404069
0.0160945
0.405167
0.010426
0.40513
0.00423673
0.40392
-0.00234385
0.401539
-0.00916472
0.39804
-0.016056
0.393523
-0.0228419
0.388122
-0.0293496
0.382002
-0.0354183
0.37534
-0.0409076
0.36832
-0.0457038
0.361123
-0.0497235
0.353914
-0.0529151
0.346841
-0.0552582
0.340026
-0.0567602
0.333568
-0.0574527
0.327538
-0.057386
0.321983
-0.0566239
0.316931
-0.0552378
0.312387
-0.0533025
0.308345
-0.0508911
0.304785
-0.0480724
0.30168
-0.0449076
0.298997
-0.0414491
0.296703
-0.0377383
0.294762
-0.0338052
-0.0296721
0.396712
0.0254197
0.399939
0.0222459
0.40254
0.0185219
0.40439
0.0142401
0.405381
0.00944154
0.405435
0.00420079
0.404508
-0.0013875
0.40259
-0.00720833
0.399711
-0.0131308
0.395938
-0.0190158
0.391369
-0.0247222
0.386126
-0.0301144
0.38035
-0.0350696
0.374192
-0.039483
0.3678
-0.0432719
0.361321
-0.0463784
0.354886
-0.0487691
0.348609
-0.0504347
0.342587
-0.0513868
0.336895
-0.051655
0.331586
-0.0512823
0.326698
-0.0503209
0.322247
-0.0488285
0.318239
-0.046864
0.314667
-0.0444845
0.311515
-0.0417427
0.308761
-0.0386848
0.306379
-0.0353486
0.304343
-0.0317624
-0.0279483
0.399119
0.0222069
0.401877
0.0194655
0.40411
0.0162758
0.405717
0.0126282
0.406611
0.00855173
0.406724
0.00410065
0.406012
-0.00065467
0.404461
-0.0056277
0.402084
-0.0107172
0.398924
-0.0158136
0.39505
-0.0208023
0.390556
-0.0255704
0.38555
-0.0300123
0.380152
-0.0340341
0.374488
-0.0375575
0.368681
-0.0405228
0.362846
-0.0428895
0.357091
-0.0446369
0.351504
-0.0457621
0.346161
-0.0462784
0.34112
-0.0462121
0.336423
-0.0455991
0.332097
-0.044482
0.328157
-0.0429065
0.324606
-0.0409187
0.321437
-0.0385625
0.318639
-0.0358775
0.316195
-0.0328972
0.314087
-0.0296474
-0.0261492
0.402221
0.0194375
0.404601
0.0170678
0.406535
0.0143305
0.407942
0.0112157
0.408752
0.00774418
0.408906
0.00395564
0.408364
-9.67765e-05
0.407107
-0.00434829
0.405138
-0.00872058
0.402485
-0.0131272
0.399195
-0.017476
0.395338
-0.0216737
0.390998
-0.0256307
0.38627
-0.0292644
0.381257
-0.0325031
0.376063
-0.0352885
0.370788
-0.0375771
0.365528
-0.0393412
0.360366
-0.0405678
0.355374
-0.041258
0.350612
-0.041425
0.346126
-0.0410913
0.341949
-0.0402866
0.338103
-0.0390449
0.334599
-0.0374022
0.331441
-0.0353938
0.328625
-0.0330527
0.326142
-0.0304075
0.323982
-0.027481
-0.024293
0.40597
0.0170274
0.408043
0.0149797
0.409735
0.0126291
0.41098
0.00996617
0.411719
0.00700594
0.411903
0.00377774
0.411496
0.000321648
0.410477
-0.00331331
0.408845
-0.00706652
0.406613
-0.01087
0.403815
-0.0146496
0.400501
-0.0183291
0.396736
-0.0218329
0.392596
-0.0250899
0.388162
-0.0280359
0.383522
-0.030616
0.378763
-0.0327867
0.373968
-0.0345164
0.369213
-0.035786
0.364567
-0.0365877
0.360089
-0.0369247
0.355825
-0.0368089
0.351814
-0.0362594
0.348082
-0.0352999
0.344649
-0.0339574
0.341524
-0.0322594
0.338711
-0.0302326
0.336211
-0.0279007
0.334019
-0.0252834
-0.0223984
0.410334
0.0149079
0.412161
0.013141
0.413659
0.0111236
0.414773
0.00884732
0.415456
0.00632303
0.415665
0.00357273
0.415368
0.000626177
0.414545
-0.00247867
0.41319
-0.00569512
0.411308
-0.00896964
0.408924
-0.0122431
0.406072
-0.0154531
0.402802
-0.018537
0.399172
-0.0214338
0.395251
-0.0240872
0.391108
-0.0264473
0.386819
-0.028472
0.382455
-0.0301287
0.378086
-0.0313945
0.373775
-0.0322561
0.369578
-0.0327091
0.365542
-0.0327575
0.361708
-0.0324117
0.358107
-0.0316872
0.354763
-0.030603
0.351691
-0.0291799
0.348904
-0.0274384
0.346407
-0.0253977
0.344202
-0.0230737
-0.0204816
0.415284
0.0130242
0.416912
0.0115038
0.418253
0.00977606
0.419263
0.00783357
0.419901
0.00568419
0.420132
0.00334435
0.419927
0.000836526
0.419266
-0.00180997
0.418142
-0.00455913
0.416555
-0.00736878
0.41452
-0.0101917
0.412063
-0.0129773
0.409219
-0.0156737
0.406036
-0.0182295
0.402566
-0.0205959
0.398867
-0.0227282
0.395004
-0.0245877
0.391037
-0.0261422
0.387028
-0.0273673
0.383035
-0.0282463
0.379111
-0.02877
0.375303
-0.0289362
0.371652
-0.0287488
0.368191
-0.0282165
0.364948
-0.0273518
0.361945
-0.0261692
0.359196
-0.0246842
0.356715
-0.0229114
0.35451
-0.0208637
-0.0185545
0.420809
0.0113299
0.422278
0.0100277
0.423495
0.00855372
0.424424
0.00690185
0.425029
0.00507772
0.425281
0.00309362
0.425154
0.000966574
0.42463
-0.00128046
0.4237
-0.0036201
0.42236
-0.00601891
0.42062
-0.0084394
0.418497
-0.0108406
0.416018
-0.01318
0.413219
-0.0154147
0.410143
-0.017503
0.406837
-0.0194059
0.403353
-0.021088
0.399746
-0.0225194
0.396069
-0.0236755
0.392374
-0.0245379
0.388711
-0.0250944
0.385124
-0.0253388
0.381655
-0.0252702
0.378339
-0.024892
0.375206
-0.0242114
0.372281
-0.0232381
0.369585
-0.021983
0.367135
-0.0204569
0.364945
-0.0186696
-0.0166314
0.426915
0.00978651
0.428258
0.00867887
0.429378
0.00742943
0.430244
0.00603307
0.430827
0.00449393
0.431099
0.00282127
0.43104
0.00102792
0.430631
-0.000867964
0.429863
-0.00284575
0.42873
-0.00487896
0.427238
-0.006938
0.425397
-0.00898998
0.423228
-0.0110003
0.420759
-0.0129335
0.418023
-0.0147545
0.415059
-0.0164296
0.411912
-0.0179279
0.408626
-0.0192216
0.40525
-0.0202876
0.40183
-0.0211069
0.398411
-0.021666
0.395037
-0.0219559
0.391747
-0.0219723
0.388577
-0.0217148
0.385558
-0.0211867
0.382719
-0.0203935
0.380083
-0.0193425
0.377671
-0.0180414
0.375503
-0.0164976
-0.0147197
0.433572
0.00836499
0.434814
0.0074323
0.435857
0.0063833
0.436674
0.00521382
0.437239
0.00392686
0.437531
0.00252938
0.437529
0.00103125
0.437218
-0.000554184
0.436586
-0.00221023
0.435629
-0.00391646
0.434346
-0.00564962
0.432747
-0.00738351
0.430845
-0.00909017
0.428661
-0.0107406
0.426222
-0.0123057
0.423559
-0.013757
0.420708
-0.0150677
0.417709
-0.0162132
0.414603
-0.0171722
0.411431
-0.0179268
0.408236
-0.0184628
0.405057
-0.0187702
0.401934
-0.0188426
0.398902
-0.0186773
0.395995
-0.0182744
0.393242
-0.0176366
0.390672
-0.016768
0.388308
-0.0156738
0.386172
-0.0143588
-0.0128291
0.440794
0.00703832
0.441958
0.00626449
0.442943
0.00539635
0.443724
0.00443055
0.444281
0.00336921
0.444592
0.00221756
0.444641
0.000983026
0.444412
-0.000324276
0.443896
-0.0016914
0.443086
-0.00310249
0.44198
-0.00453944
0.440583
-0.00598157
0.438905
-0.00740661
0.436962
-0.00879121
0.434775
-0.0101116
0.432369
-0.0113441
0.429775
-0.0124662
0.427025
-0.0134566
0.424156
-0.0142966
0.421206
-0.0149696
0.418212
-0.0154624
0.415211
-0.0157644
0.412242
-0.0158684
0.40934
-0.0157703
0.406538
-0.0154682
0.403867
-0.0149627
0.401358
-0.0142558
0.399038
-0.0133505
0.396932
-0.01225
-0.010959
0.448625
0.00578327
0.449732
0.0051553
0.450675
0.00445223
0.451432
0.00367147
0.451986
0.00281456
0.452317
0.00188535
0.452411
0.000889421
0.452253
-0.000165599
0.451834
-0.00126993
0.451145
-0.00241142
0.450184
-0.0035762
0.448955
-0.00474823
0.447462
-0.00591009
0.445719
-0.00704336
0.443741
-0.00812905
0.441551
-0.0091481
0.439172
-0.0100819
0.436633
-0.0109129
0.433967
-0.011625
0.431206
-0.0122038
0.428386
-0.0126373
0.425541
-0.0129156
0.422709
-0.0130315
0.419922
-0.0129801
0.417216
-0.0127586
0.414622
-0.0123662
0.412172
-0.0118034
0.409896
-0.0110719
0.407822
-0.0101734
-0.00911124
0.457022
0.00458176
0.458086
0.00408946
0.458998
0.00353929
0.459739
0.00292924
0.460292
0.00226035
0.460642
0.00153541
0.460773
0.000758464
0.460672
-6.48048e-05
0.460331
-0.00092719
0.45974
-0.00181961
0.458898
-0.00273166
0.457803
-0.00365128
0.456461
-0.00456522
0.45488
-0.0054594
0.453074
-0.00631917
0.451059
-0.00712968
0.448858
-0.00787628
0.446493
-0.0085449
0.443995
-0.00912244
0.441392
-0.00959708
0.438717
-0.00995857
0.436003
-0.0101984
0.433285
-0.0103099
0.430596
-0.0102883
0.42797
-0.0101305
0.425442
-0.00983503
0.423042
-0.00940162
0.420803
-0.00883085
0.418755
-0.00812376
-0.0072828
0.466081
0.00341521
0.467119
0.00305093
0.468013
0.0026444
0.468747
0.00219422
0.469305
0.00170105
0.469674
0.00116681
0.469838
0.000594332
0.469785
-1.23656e-05
0.469507
-0.000648232
0.468995
-0.00130678
0.468245
-0.00198058
0.467257
-0.00266099
0.466032
-0.00333845
0.464577
-0.00400278
0.462904
-0.00464327
0.461026
-0.00524901
0.458962
-0.00580915
0.456733
-0.00631314
0.454364
-0.00675106
0.451884
-0.00711384
0.449322
-0.00739346
0.446709
-0.00758313
0.444079
-0.00767742
0.441465
-0.00767221
0.438902
-0.0075647
0.436422
-0.00735329
0.43406
-0.00703735
0.431847
-0.00661704
0.429818
-0.00609297
-0.00546704
0.475805
0.00226807
0.476829
0.00202663
0.477715
0.00175779
0.478448
0.0014603
0.479014
0.00113456
0.479398
0.000781826
0.479589
0.000403811
0.479573
3.24843e-06
0.479342
-0.000416677
0.478887
-0.000851696
0.478205
-0.00129704
0.477292
-0.00174711
0.476151
-0.00219574
0.474786
-0.00263627
0.473206
-0.00306173
0.471424
-0.00346493
0.469455
-0.00383869
0.46732
-0.004176
0.465042
-0.00447019
0.462645
-0.0047151
0.460159
-0.00490527
0.457614
-0.00503597
0.455042
-0.00510336
0.452476
-0.00510447
0.449951
-0.00503722
0.447499
-0.00490031
0.445157
-0.00469317
0.442957
-0.00441589
0.440934
-0.00406908
-0.00365489
0.486209
0.00112473
0.48723
0.0010044
0.488118
0.00086998
0.488856
0.000721199
0.489432
0.000558524
0.489831
0.000382696
0.49004
0.000194748
0.490047
-3.94496e-06
0.489842
-0.000212057
0.489419
-0.000427719
0.488771
-0.000648634
0.487897
-0.000872069
0.486797
-0.00109499
0.485476
-0.00131414
0.483942
-0.00152608
0.482206
-0.00172724
0.480283
-0.00191405
0.478191
-0.00208299
0.475954
-0.0022307
0.473594
-0.00235406
0.471141
-0.00245027
0.468624
-0.00251691
0.466074
-0.00255198
0.463525
-0.00255392
0.461011
-0.0025216
0.458567
-0.00245432
0.456227
-0.00235178
0.454026
-0.00221407
0.452
-0.00204187
-0.0018381
0.49278
0.493784
0.494653
0.495374
0.495932
0.496315
0.496509
0.496505
0.496294
0.495866
0.495218
0.494347
0.493252
0.491939
0.490414
0.488689
0.486776
0.484695
0.482465
0.480113
0.477664
0.475149
0.472599
0.470046
0.467526
0.465073
0.462723
0.46051
0.458469
)
;

boundaryField
{
    inlet
    {
        type            calculated;
        value           nonuniform List<scalar> 
45
(
-0.2
-0.2
-0.2
-0.2
-0.2
-0.2
-0.2
-0.2
-0.2
-0.2
-0.2
-0.2
-0.2
-0.2
-0.2
-0.20766
-0.212683
-0.217828
-0.223097
-0.228493
-0.23402
-0.239681
-0.245479
-0.251417
-0.257499
-0.263728
-0.270107
-0.276641
-0.283333
-0.290186
-0.297206
-0.304395
-0.311758
-0.3193
-0.327023
-0.334934
-0.343036
-0.351334
-0.359832
-0.368536
-0.377451
-0.386582
-0.395933
-0.40551
-0.415319
)
;
    }
    outlet
    {
        type            calculated;
        value           nonuniform List<scalar> 
45
(
0.1606
0.16717
0.167574
0.168066
0.168717
0.169515
0.170452
0.171516
0.172698
0.173989
0.175376
0.176849
0.178395
0.179998
0.18164
0.190324
0.196763
0.203441
0.210365
0.217539
0.224969
0.232657
0.240597
0.248787
0.257214
0.265876
0.274756
0.283846
0.293139
0.302626
0.312294
0.322132
0.33213
0.34229
0.352587
0.363026
0.373595
0.384284
0.395064
0.405976
0.416929
0.428004
0.439124
0.450185
0.456632
)
;
    }
    flap
    {
        type            calculated;
        value           nonuniform List<scalar> 
33
(
-6.77626e-21
0
-1.0842e-19
-1.0842e-19
0
0
0
-4.33681e-19
4.33681e-19
0
0
0
8.67362e-19
1.73472e-18
8.67362e-19
0
0
-5.42101e-20
6.77626e-21
2.71051e-20
5.42101e-20
-1.0842e-19
0
0
-4.33681e-19
4.33681e-19
0
-8.67362e-19
-8.67362e-19
0
0
0
-8.67362e-19
)
;
    }
    upperWall
    {
        type            calculated;
        value           nonuniform List<scalar> 
63
(
0
0
0
0
0
0
0
1.02282e-15
0
9.75081e-16
-9.52053e-16
-9.29568e-16
4.53806e-16
0
0
0
8.24855e-16
0
0
0
0
-7.31936e-16
0
0
0
0
6.49486e-16
0
0
0
0
0
0
0
0
0
6.49497e-16
0
0
0
0
0
0
0
0
0
8.24852e-16
0
0
8.86166e-16
0
9.29555e-16
0
0
0
0
0
0
0
0
0
0
0
)
;
    }
    lowerWall
    {
        type            calculated;
        value           uniform 0;
    }
    frontAndBack
    {
        type            empty;
        value           nonuniform List<scalar> 0();
    }
}


// ************************************************************************* //
