/*--------------------------------*- C++ -*----------------------------------*\
| =========                 |                                                 |
| \\      /  F ield         | OpenFOAM: The Open Source CFD Toolbox           |
|  \\    /   O peration     | Version:  2012                                  |
|   \\  /    A nd           | Website:  www.openfoam.com                      |
|    \\/     M anipulation  |                                                 |
\*---------------------------------------------------------------------------*/
FoamFile
{
    version     2.0;
    format      ascii;
    class       volVectorField;
    location    "0.3";
    object      U;
}
// * * * * * * * * * * * * * * * * * * * * * * * * * * * * * * * * * * * * * //

dimensions      [0 1 -1 0 0 0 0];


internalField   nonuniform List<vector> 
2790
(
(9.9451 -1.22993e-22 0.0198023)
(9.88073 1.25154e-22 0.0280715)
(9.78674 -5.12338e-22 0.0335274)
(9.66984 2.60125e-22 0.0388718)
(9.53593 -1.08329e-21 0.0440781)
(9.3867 3.34212e-21 0.0489913)
(9.22252 -4.59966e-21 0.0536726)
(9.04398 1.17482e-21 0.0582731)
(8.85169 0 0.0629695)
(8.64598 -2.57946e-21 0.067951)
(8.42665 2.69313e-21 0.0734119)
(8.19301 0 0.0795415)
(7.94395 5.91049e-21 0.0865139)
(7.67804 6.37267e-21 0.0944842)
(7.39359 -2.62128e-20 0.103588)
(7.08881 2.74968e-20 0.11394)
(6.76187 1.46414e-20 0.125637)
(6.41101 0 0.138751)
(6.03472 8.39398e-21 0.153334)
(5.63186 -7.99642e-20 0.169401)
(5.20179 3.74627e-20 0.186933)
(4.74456 -1.65057e-19 0.205863)
(4.261 2.6187e-19 0.226081)
(3.7528 9.5174e-20 0.247448)
(3.22253 0 0.269823)
(2.67336 2.25397e-19 0.293108)
(2.10875 -9.91917e-19 0.317312)
(1.53188 5.34421e-19 0.342595)
(0.932914 -2.67345e-18 0.370353)
(0.407312 7.17986e-18 0.394888)
(9.99937 0 0.0387094)
(9.98508 -2.48148e-22 0.0586748)
(9.94294 5.05215e-22 0.0739857)
(9.87441 7.80511e-22 0.090064)
(9.78308 -1.05532e-21 0.106798)
(9.67011 0 0.12357)
(9.53582 -1.91352e-23 0.140221)
(9.38098 8.17373e-21 0.156853)
(9.20665 -4.79255e-21 0.173702)
(9.01376 -2.50493e-21 0.191112)
(8.8028 -7.84971e-21 0.209508)
(8.57381 -1.36977e-22 0.22935)
(8.32631 -5.9861e-21 0.251092)
(8.05942 1.80595e-20 0.275148)
(7.77189 -1.24886e-20 0.301876)
(7.46222 -1.3327e-20 0.331558)
(7.12876 -2.8334e-20 0.36439)
(6.76984 -1.54813e-20 0.400468)
(6.38393 -3.28806e-20 0.439764)
(5.96974 1.6754e-19 0.482111)
(5.52646 -2.91576e-19 0.527181)
(5.05386 6.16968e-19 0.574469)
(4.55246 -4.10691e-19 0.623306)
(4.02364 -8.94281e-20 0.672894)
(3.46964 -1.17507e-18 0.722401)
(2.89337 1.45523e-18 0.771105)
(2.29796 -4.56264e-19 0.818639)
(1.68652 -3.51226e-18 0.86525)
(1.04833 8.45702e-18 0.913704)
(0.470381 -4.18984e-18 0.950211)
(9.99644 -4.88069e-22 0.040099)
(9.97907 2.47857e-22 0.0699837)
(9.93866 -5.04031e-22 0.0969238)
(9.8743 1.28352e-21 0.125504)
(9.78797 -7.89934e-22 0.155656)
(9.68057 5.44707e-22 0.18642)
(9.55234 -6.13686e-21 0.217271)
(9.40387 1.14379e-21 0.248116)
(9.23606 -4.76587e-21 0.279169)
(9.04974 4.96225e-21 0.310894)
(8.84538 5.08291e-21 0.343943)
(8.62302 -2.27837e-20 0.379078)
(8.38226 1.39031e-21 0.417083)
(8.12225 3.52729e-20 0.458709)
(7.84178 -2.46343e-20 0.504624)
(7.53936 2.67035e-20 0.555387)
(7.21329 -5.40523e-20 0.611415)
(6.86178 5.75949e-20 0.672958)
(6.4831 0 0.740062)
(6.07568 -1.94349e-19 0.812531)
(5.63831 0 0.889883)
(5.17026 0 0.971319)
(4.6715 0 1.0557)
(4.14281 -3.36965e-19 1.14159)
(3.58586 -2.29979e-21 1.22733)
(3.00318 3.92044e-19 1.31127)
(2.39789 3.861e-18 1.39207)
(1.77437 -7.41367e-18 1.46908)
(1.12413 5.03003e-18 1.54474)
(0.520236 8.845e-18 1.6007)
(9.99486 5.48825e-22 0.0453025)
(9.97527 -6.16471e-23 0.0862563)
(9.93463 1.00139e-21 0.125539)
(9.8715 -2.74005e-24 0.166313)
(9.78697 5.21495e-22 0.208846)
(9.68179 1.07414e-21 0.252274)
(9.55636 6.0743e-21 0.295927)
(9.41126 0 0.339628)
(9.24734 5.02114e-21 0.383623)
(9.06538 -1.00595e-20 0.428518)
(8.86583 1.0135e-20 0.475189)
(8.6487 1.05999e-20 0.524676)
(8.41359 1.08421e-20 0.578069)
(8.15967 1.16212e-20 0.636433)
(7.88573 2.47713e-20 0.700737)
(7.59026 3.67266e-22 0.771814)
(7.27151 0 0.850323)
(6.9276 -2.25402e-19 0.936711)
(6.55659 1.16702e-19 1.03116)
(6.15665 2.49659e-19 1.13353)
(5.72617 -1.31683e-19 1.24328)
(5.26394 9.98374e-19 1.35943)
(4.76931 -8.86755e-19 1.48048)
(4.24245 1.29628e-18 1.60438)
(3.68448 -2.04426e-18 1.72863)
(3.09767 -3.70357e-19 1.85045)
(2.48544 0 1.96708)
(1.85404 0 2.07614)
(1.19932 -9.33745e-19 2.17799)
(0.573246 0 2.24955)
(9.99413 -4.84367e-22 0.0519442)
(9.97333 0 0.102367)
(9.93257 -9.99132e-22 0.152519)
(9.8706 -1.01778e-21 0.204598)
(9.78799 -2.61019e-22 0.25896)
(9.68528 2.64619e-22 0.314744)
(9.56289 -4.38204e-21 0.371072)
(9.42143 2.83942e-22 0.427592)
(9.26172 -2.15318e-22 0.484517)
(9.08451 1.08015e-20 0.542551)
(8.89022 -1.12608e-20 0.60277)
(8.67889 5.2497e-21 0.666473)
(8.45011 -4.85986e-20 0.735054)
(8.20304 0 0.809887)
(7.93649 7.70109e-22 0.892254)
(7.64889 -4.8716e-20 0.983282)
(7.33845 5.13625e-20 1.0839)
(7.00312 5.44142e-20 1.1948)
(6.64078 0 1.31636)
(6.24925 -1.20546e-19 1.44857)
(5.82646 -3.85283e-19 1.59092)
(5.37063 7.96904e-19 1.74232)
(4.88041 -2.85514e-19 1.90095)
(4.35522 3.95192e-21 2.06414)
(3.79551 4.29819e-21 2.2284)
(3.20324 2.77801e-18 2.38941)
(2.58217 -2.94111e-18 2.54231)
(1.94036 0 2.68197)
(1.27968 4.35023e-19 2.80489)
(0.629965 2.33545e-19 2.88122)
(9.99382 4.23626e-22 0.0592207)
(9.97255 6.1054e-23 0.118506)
(9.93209 -1.24372e-22 0.179002)
(9.87157 -1.63466e-21 0.24221)
(9.79125 -2.56373e-22 0.308242)
(9.69149 4.20528e-21 0.376108)
(9.57268 4.31466e-21 0.444736)
(9.43547 0 0.513633)
(9.28066 9.15186e-21 0.583003)
(9.10899 9.4558e-21 0.653664)
(8.9209 0 0.726898)
(8.71641 0 0.804274)
(8.49513 2.12533e-20 0.887484)
(8.25624 -4.38422e-20 0.978222)
(7.99853 4.53247e-20 1.07809)
(7.72043 1.44223e-19 1.18853)
(7.42004 -1.49122e-19 1.31078)
(7.09516 2.63659e-19 1.44582)
(6.74342 -3.25237e-19 1.5943)
(6.36224 4.65099e-19 1.75643)
(5.94902 1.13139e-20 1.93186)
(5.50123 -1.5327e-18 2.11949)
(5.01663 1.06094e-18 2.31726)
(4.4936 2.85837e-19 2.52193)
(3.93159 -2.12635e-18 2.72884)
(3.3318 5.12867e-18 2.93175)
(2.69791 2.79547e-18 3.12295)
(2.03904 -5.87114e-18 3.29349)
(1.36347 6.3971e-18 3.4345)
(0.686562 -7.27555e-18 3.5047)
(9.99375 -3.0071e-23 0.0667349)
(9.97252 9.12314e-23 0.134555)
(9.93278 -1.04424e-21 0.204872)
(9.874 2.00729e-21 0.278763)
(9.79635 2.03586e-21 0.356023)
(9.7 -8.60608e-21 0.435491)
(9.58535 -4.02166e-21 0.515927)
(9.45304 8.75561e-21 0.596715)
(9.30391 -6.15882e-23 0.678044)
(9.13867 -9.36463e-21 0.760836)
(8.95776 4.86812e-21 0.846568)
(8.76124 -4.94739e-21 0.937063)
(8.54875 0 1.03431)
(8.31949 4.52798e-22 1.14032)
(8.07228 -8.92402e-20 1.25702)
(7.8055 9.39039e-20 1.38621)
(7.51721 -9.56024e-20 1.52946)
(7.20507 -5.06999e-20 1.68812)
(6.86642 1.05826e-19 1.86319)
(6.49827 4.43967e-19 2.05524)
(6.09738 1.03122e-20 2.26421)
(5.66035 -1.44971e-18 2.48919)
(5.18378 9.98387e-19 2.72809)
(4.66462 -1.0717e-18 2.9772)
(4.10072 1.24847e-18 3.23075)
(3.49174 0 3.48035)
(2.84031 0 3.71481)
(2.15541 -1.67418e-19 3.92027)
(1.45039 0 4.08142)
(0.740341 1.50758e-19 4.1397)
(9.99382 2.99044e-23 0.0742534)
(9.97298 -9.93513e-22 0.150319)
(9.93434 8.57951e-22 0.229956)
(9.87763 1.23767e-22 0.314032)
(9.80298 -2.02743e-21 0.402047)
(9.71052 3.87972e-21 0.492633)
(9.60058 2.62458e-22 0.584372)
(9.47384 -8.69223e-21 0.676525)
(9.33113 -8.37658e-21 0.769264)
(9.17317 1.76908e-20 0.863605)
(9.00044 2.36007e-20 0.961207)
(8.81302 -1.47088e-20 1.06414)
(8.61059 -1.91307e-22 1.17469)
(8.39242 -1.02676e-20 1.29518)
(8.15736 6.50866e-20 1.42789)
(7.90383 4.46016e-20 1.57495)
(7.62984 1.40509e-19 1.73835)
(7.33294 -4.78217e-20 1.91985)
(7.01024 -2.03295e-19 2.12093)
(6.65835 2.06793e-19 2.34265)
(6.27336 4.39509e-19 2.58545)
(5.85087 -6.74574e-19 2.84889)
(5.38608 0 3.13114)
(4.87405 0 3.42842)
(4.31025 -2.58768e-19 3.73409)
(3.69168 0 4.03776)
(3.01842 0 4.32437)
(2.29766 -2.40605e-18 4.57406)
(1.54466 2.67072e-18 4.7638)
(0.791424 -5.78355e-20 4.81116)
(9.99399 -9.47507e-22 0.0816274)
(9.9738 9.01961e-22 0.165626)
(9.93659 6.05482e-23 0.254105)
(9.88227 0 0.34785)
(9.811 -1.25696e-22 0.446109)
(9.72286 1.26907e-22 0.54728)
(9.61816 0 0.649755)
(9.4976 8.50116e-21 0.752677)
(9.36202 2.75812e-22 0.856198)
(9.21216 -1.83713e-20 0.961418)
(9.04853 -1.62958e-20 1.07017)
(8.87126 2.45099e-21 1.18476)
(8.68012 5.06278e-21 1.30775)
(8.47445 7.13038e-20 1.44178)
(8.25319 0 1.58945)
(8.01482 -8.68631e-20 1.7533)
(7.75738 4.54409e-20 1.93573)
(7.47839 -1.38793e-19 2.13899)
(7.17479 -2.41402e-19 2.36513)
(6.84285 1.96608e-19 2.61588)
(6.47806 4.14775e-19 2.89242)
(6.07499 -3.13567e-19 3.19513)
(5.62728 8.88961e-19 3.52294)
(5.12767 -1.77306e-18 3.8726)
(4.56841 1.03668e-18 4.23736)
(3.94232 -1.52613e-20 4.60542)
(3.2448 2.11171e-18 4.95804)
(2.47885 -2.18935e-18 5.26825)
(1.65604 -2.43035e-18 5.50317)
(0.843058 2.63206e-18 5.54818)
(9.99423 1.88793e-21 0.0887548)
(9.9749 0 0.180337)
(9.93939 6.03371e-23 0.277177)
(9.88776 -6.07783e-23 0.380052)
(9.8202 -3.94602e-21 0.487993)
(9.73679 0 0.59916)
(9.63784 -2.58528e-22 0.711753)
(9.52403 1.86943e-22 0.824793)
(9.39624 8.56923e-21 0.938405)
(9.25523 -1.7576e-20 1.05376)
(9.10155 1.57596e-20 1.17285)
(8.93543 1.61576e-20 1.29821)
(8.75671 4.76481e-21 1.43265)
(8.56488 -3.98479e-20 1.5791)
(8.35899 4.03846e-20 1.74052)
(8.13766 4.30987e-20 1.91982)
(7.89903 -4.28063e-20 2.11984)
(7.64068 0 2.34339)
(7.35952 9.1421e-20 2.59316)
(7.05163 4.63853e-20 2.8717)
(6.71204 0 3.18125)
(6.33442 0 3.52337)
(5.91087 4.11945e-19 3.89845)
(5.43155 -4.77933e-19 4.30467)
(4.88474 -8.46321e-19 4.73647)
(4.25745 8.54924e-19 5.18211)
(3.53734 0 5.62045)
(2.71937 1.03333e-18 6.01698)
(1.80217 -2.15453e-18 6.32577)
(0.903118 1.15412e-18 6.38937)
(9.99452 -9.40454e-22 0.0955619)
(9.9762 0 0.194336)
(9.94262 0 0.299046)
(9.89395 0 0.410486)
(9.83041 4.05429e-21 0.527505)
(9.75209 -1.23876e-22 0.648036)
(9.65932 -8.07149e-21 0.770079)
(9.55279 -8.31456e-21 0.892531)
(9.43338 -8.50497e-21 1.01548)
(9.30191 1.64179e-22 1.14017)
(9.15897 -3.54903e-20 1.26871)
(9.00489 -3.87417e-20 1.40384)
(8.83966 2.32128e-21 1.54861)
(8.66289 3.80822e-20 1.70623)
(8.47383 -3.97731e-20 1.87998)
(8.2713 4.08445e-20 2.07311)
(8.05365 0 2.28895)
(7.81865 0 2.53083)
(7.56336 -8.88443e-20 2.8022)
(7.28388 1.10887e-19 3.10656)
(6.97507 -9.01909e-20 3.44739)
(6.63004 0 3.82796)
(6.23963 0 4.25078)
(5.7916 5.30891e-20 4.71675)
(5.26991 0 5.22338)
(4.6543 1.49018e-19 5.76174)
(3.92102 5.16736e-19 6.31152)
(3.05089 -4.34119e-19 6.83278)
(2.01482 -1.1175e-19 7.2638)
(0.988841 -3.90911e-19 7.38985)
(9.99485 1.8183e-24 0.101992)
(9.97767 -1.82906e-24 0.207529)
(9.94623 1.85396e-21 0.319592)
(9.90075 1.99336e-21 0.43901)
(9.84152 -6.0299e-23 0.564473)
(9.76862 0 0.693696)
(9.68242 1.5981e-20 0.824478)
(9.58361 8.09933e-21 0.95559)
(9.4731 5.22574e-22 1.08708)
(9.35176 3.4507e-20 1.22022)
(9.22024 1.64101e-20 1.35726)
(9.079 8.23026e-22 1.50108)
(8.92816 3.53972e-20 1.65495)
(8.76753 -7.3199e-20 1.82233)
(8.59661 -1.1832e-21 2.00676)
(8.41448 3.854e-20 2.21187)
(8.21981 0 2.44137)
(8.01072 -2.04261e-20 2.69916)
(7.78462 -2.13814e-20 2.98941)
(7.53796 2.13218e-20 3.31665)
(7.26584 -1.30431e-21 3.68579)
(6.96138 2.10507e-20 4.10211)
(6.61488 0 4.57102)
(6.2125 4.26667e-20 5.09747)
(5.7345 -2.63601e-19 5.68447)
(5.15298 6.32373e-22 6.33013)
(4.42942 -9.31858e-20 7.02147)
(3.52191 1.7387e-19 7.72114)
(2.34984 -1.32818e-20 8.35515)
(1.1357 2.05442e-20 8.6319)
(9.99521 7.21452e-24 0.108002)
(9.97926 -1.86499e-21 0.219835)
(9.95012 -1.87289e-21 0.338711)
(9.90805 -1.86917e-21 0.465497)
(9.85335 -2.97977e-23 0.598743)
(9.78617 2.43348e-22 0.735951)
(9.70686 -8.15743e-21 0.874727)
(9.61616 -8.55489e-21 1.01371)
(9.515 1.67236e-20 1.15289)
(9.40428 -2.31132e-21 1.29356)
(9.28476 -1.4749e-20 1.43806)
(9.157 1.52954e-20 1.58941)
(9.02131 -3.3513e-20 1.75106)
(8.87774 3.64763e-20 1.92665)
(8.72605 0 2.11997)
(8.56568 -4.73922e-20 2.33492)
(8.39572 5.67282e-20 2.57558)
(8.21479 -9.62788e-21 2.84634)
(8.02092 9.83985e-21 3.15204)
(7.81124 -9.84795e-21 3.49817)
(7.58162 3.09387e-20 3.89108)
(7.32601 -3.96395e-22 4.33824)
(7.03536 -1.0845e-21 4.84839)
(6.69596 0 5.43164)
(6.28657 7.73201e-20 6.09904)
(5.77395 -1.4295e-19 6.86093)
(5.10465 0 7.72231)
(4.20555 -1.59175e-19 8.66782)
(2.90633 3.19519e-19 9.6382)
(1.41776 -7.82069e-19 10.2621)
(9.99559 0 0.113557)
(9.98096 3.68173e-21 0.231194)
(9.95424 0 0.356324)
(9.91573 -3.66325e-24 0.489848)
(9.86577 3.68004e-24 0.630191)
(9.80452 2.39945e-22 0.774656)
(9.73238 -2.41398e-22 0.920655)
(9.65009 -8.81568e-21 1.06668)
(9.55862 7.91998e-22 1.21267)
(9.45893 -1.84581e-20 1.35992)
(9.35185 1.87877e-20 1.51082)
(9.23809 4.24917e-21 1.66848)
(9.11816 -4.28133e-21 1.83649)
(8.99234 -8.80242e-21 2.01865)
(8.86072 8.85464e-21 2.2189)
(8.72316 0 2.44136)
(8.57927 -1.00801e-21 2.69038)
(8.42832 -3.70347e-20 2.9707)
(8.26915 3.70377e-20 3.28769)
(8.09995 -7.68192e-20 3.64763)
(7.91797 6.47566e-20 4.05813)
(7.7189 1.46814e-19 4.5286)
(7.49596 -1.82926e-19 5.07102)
(7.23817 -6.82011e-20 5.70092)
(6.92721 0 6.43877)
(6.53154 1.37228e-19 7.3116)
(5.99208 1.11716e-19 8.35475)
(5.20948 -2.14516e-19 9.60875)
(3.87738 2.77501e-19 11.1167)
(2.01155 6.21732e-20 12.6045)
(9.99599 0 0.118631)
(9.98273 -1.83147e-21 0.241555)
(9.95855 -5.74643e-23 0.372359)
(9.92374 1.15606e-22 0.511971)
(9.87866 -3.77085e-21 0.658696)
(9.82352 -1.18263e-22 0.80965)
(9.75875 5.97909e-22 0.962057)
(9.68511 1.49963e-20 1.11427)
(9.60359 -3.33925e-20 1.26614)
(9.5152 1.78279e-20 1.41896)
(9.42088 0 1.57513)
(9.32148 8.2757e-21 1.73784)
(9.21769 -8.33021e-21 1.91074)
(9.11009 0 2.09772)
(8.9991 -1.72536e-20 2.30284)
(8.88505 1.73133e-20 2.53032)
(8.76811 -3.55331e-20 2.78465)
(8.64832 5.31633e-20 3.07078)
(8.52553 -7.03411e-20 3.39436)
(8.39927 2.23572e-21 3.76217)
(8.26865 1.38034e-19 4.18255)
(8.13202 -1.36731e-19 4.66626)
(7.98646 0 5.22758)
(7.82683 6.57629e-20 5.88622)
(7.64383 0 6.67056)
(7.42024 0 7.62355)
(7.11869 2.40136e-19 8.81482)
(6.67154 -5.86649e-19 10.3682)
(5.69253 1.86644e-19 12.5856)
(3.40699 3.86172e-20 16.5066)
(-0.173542 2.45294e-18 0.164871)
(-0.559147 0 0.178792)
(-0.968048 -1.05321e-18 0.178848)
(-1.37222 1.97769e-18 0.167509)
(-1.74627 -9.37529e-19 0.143703)
(-2.06406 -2.19407e-19 0.109857)
(-2.29077 2.0642e-19 0.0657273)
(-2.40712 0 0.0142235)
(-2.40255 8.54195e-20 -0.0432849)
(-2.25037 -8.5171e-20 -0.103861)
(-1.96487 3.73318e-20 -0.163398)
(-1.51948 3.3762e-20 -0.215693)
(-0.954023 0 -0.256713)
(-0.277706 0 -0.282945)
(0.448917 -4.00943e-21 -0.293485)
(1.21685 7.47378e-22 -0.291739)
(1.99281 2.42424e-21 -0.280525)
(2.75321 -1.62756e-21 -0.262547)
(3.48006 1.27364e-21 -0.240255)
(4.16115 0 -0.215843)
(4.78895 0 -0.190423)
(5.35832 -1.02961e-22 -0.165432)
(5.86594 0 -0.142039)
(6.31263 2.24919e-23 -0.120683)
(6.70269 0 -0.101464)
(7.04104 0 -0.084463)
(7.33196 7.49161e-25 -0.0696767)
(7.57953 1.51202e-24 -0.0569639)
(7.78805 0 -0.0461525)
(7.99777 0 -0.037866)
(-0.172903 -4.71684e-18 0.523494)
(-0.564162 0 0.55788)
(-0.99327 0 0.557285)
(-1.41648 -9.37831e-19 0.525296)
(-1.80677 3.16083e-18 0.459787)
(-2.13739 -1.52707e-18 0.362261)
(-2.37379 -1.00196e-18 0.235211)
(-2.49394 7.89635e-19 0.0816797)
(-2.48605 -1.77049e-19 -0.0867484)
(-2.32201 1.60621e-19 -0.260559)
(-2.01322 -3.57954e-20 -0.429354)
(-1.53775 -3.20513e-20 -0.578223)
(-0.94109 2.79598e-20 -0.69154)
(-0.234862 0 -0.766333)
(0.51946 0 -0.800029)
(1.31234 0 -0.800481)
(2.11052 2.82948e-22 -0.77513)
(2.891 -6.21368e-22 -0.730989)
(3.63629 8.30057e-22 -0.674393)
(4.33484 -3.6027e-22 -0.610778)
(4.97971 3.44411e-22 -0.54406)
(5.56565 -1.01366e-22 -0.478041)
(6.08969 6.76522e-23 -0.415525)
(6.55287 5.8873e-23 -0.35766)
(6.95927 -3.5255e-23 -0.304854)
(7.31349 0 -0.257427)
(7.61962 -7.40895e-24 -0.215465)
(7.8816 9.14707e-25 -0.178711)
(8.10326 9.38125e-26 -0.146799)
(8.32491 1.14313e-24 -0.120235)
(-0.171151 -1.80723e-17 0.916914)
(-0.579363 8.37706e-18 0.965164)
(-1.05033 -9.87287e-19 0.95835)
(-1.50974 -3.6597e-18 0.899109)
(-1.93377 4.87269e-18 0.786666)
(-2.29305 -8.51983e-19 0.617942)
(-2.55432 0 0.399323)
(-2.69005 3.54737e-19 0.134047)
(-2.68194 -2.28946e-19 -0.156311)
(-2.50474 -9.38892e-19 -0.455721)
(-2.16115 3.10086e-20 -0.747464)
(-1.64678 1.46887e-19 -1.0007)
(-1.00738 1.84939e-19 -1.18988)
(-0.259201 -9.18236e-20 -1.31206)
(0.526147 -7.95212e-21 -1.36438)
(1.34331 -1.05333e-20 -1.36146)
(2.15823 1.01166e-20 -1.31583)
(2.94903 1.3862e-21 -1.23923)
(3.69951 -1.3162e-21 -1.14224)
(4.39921 -4.04009e-22 -1.03373)
(5.04208 -2.83851e-22 -0.920803)
(5.62385 1.94614e-22 -0.809509)
(6.14264 -6.59399e-23 -0.703971)
(6.60034 -1.36326e-22 -0.60613)
(7.0013 5.10165e-24 -0.516882)
(7.35026 -4.84573e-25 -0.436773)
(7.6515 3.88565e-24 -0.365881)
(7.90915 0 -0.303731)
(8.12693 -6.37329e-25 -0.249557)
(8.34528 -1.28375e-26 -0.202922)
(-0.168031 -8.6609e-18 1.36651)
(-0.609619 8.52302e-18 1.42412)
(-1.14443 4.68586e-18 1.40816)
(-1.66142 -4.46344e-18 1.32024)
(-2.13859 2.53567e-18 1.15307)
(-2.54388 -2.51687e-18 0.905468)
(-2.84063 0 0.583081)
(-2.99478 3.76771e-19 0.195364)
(-2.97854 3.35352e-19 -0.235284)
(-2.77033 4.23972e-19 -0.676663)
(-2.36569 -5.61453e-19 -1.10415)
(-1.78953 0 -1.46284)
(-1.08478 0 -1.72623)
(-0.27743 0 -1.88762)
(0.550162 7.47809e-21 -1.94841)
(1.39924 1.00292e-20 -1.93366)
(2.23534 -9.67082e-21 -1.86094)
(3.03843 0 -1.74667)
(3.79419 1.42518e-22 -1.6056)
(4.49377 9.65877e-22 -1.44975)
(5.1325 3.63673e-22 -1.28917)
(5.70747 2.29971e-22 -1.13194)
(6.21819 -1.32288e-22 -0.983283)
(6.66743 7.74177e-23 -0.845859)
(7.05999 8.85553e-24 -0.72096)
(7.40085 0 -0.609184)
(7.6946 0 -0.510414)
(7.9456 0 -0.423848)
(8.1576 1.61743e-25 -0.34828)
(8.37053 1.02106e-24 -0.282632)
(-0.167028 0 1.89847)
(-0.665973 7.19603e-18 1.95609)
(-1.28734 -7.2091e-18 1.92589)
(-1.88334 0 1.80279)
(-2.4344 -8.43829e-19 1.57386)
(-2.89999 0 1.23359)
(-3.23503 -8.1036e-19 0.78888)
(-3.39921 0 0.255237)
(-3.35213 0 -0.343404)
(-3.0791 -3.00433e-19 -0.9501)
(-2.58197 -2.41904e-19 -1.524)
(-1.91838 5.6512e-19 -1.98697)
(-1.12849 -1.59798e-19 -2.31769)
(-0.254346 0 -2.50563)
(0.620204 0 -2.5627)
(1.50222 -1.91384e-20 -2.52643)
(2.35841 1.05274e-20 -2.41896)
(3.17125 6.68172e-21 -2.26116)
(3.92896 9.7229e-24 -2.07167)
(4.6247 0 -1.86543)
(5.25538 0 -1.65517)
(5.81971 0 -1.45077)
(6.31874 -1.33533e-22 -1.25845)
(6.7562 8.85786e-23 -1.08136)
(7.1373 0 -0.921045)
(7.46735 0 -0.778012)
(7.75126 9.7115e-24 -0.651845)
(7.99359 4.44762e-26 -0.541357)
(8.19816 6.74259e-25 -0.444897)
(8.40401 -2.1083e-24 -0.360847)
(-0.177885 0 2.53676)
(-0.758452 4.65492e-19 2.58801)
(-1.48864 0 2.53541)
(-2.18475 0 2.36575)
(-2.82125 -3.64466e-20 2.0602)
(-3.34997 -3.11308e-18 1.60745)
(-3.71168 3.97003e-18 1.00865)
(-3.85455 -1.862e-18 0.287888)
(-3.73498 1.36971e-18 -0.511851)
(-3.35076 2.82523e-19 -1.30925)
(-2.73232 -1.06955e-19 -2.03019)
(-1.95976 1.27186e-19 -2.58885)
(-1.07559 1.60254e-21 -2.97097)
(-0.142052 0 -3.16634)
(0.775237 0 -3.20538)
(1.68252 -1.82876e-20 -3.13624)
(2.55037 2.45276e-20 -2.98533)
(3.36438 -7.84018e-21 -2.77757)
(4.1157 -1.01217e-21 -2.53498)
(4.79994 0 -2.27545)
(5.41567 -2.26801e-22 -2.01393)
(5.96338 6.26132e-24 -1.76165)
(6.44564 1.54633e-22 -1.52546)
(6.86701 -1.4046e-22 -1.30896)
(7.23304 0 -1.11376)
(7.54928 0 -0.940174)
(7.82086 -9.5853e-24 -0.787414)
(8.05252 0 -0.653844)
(8.24804 -2.61446e-25 -0.537337)
(8.44515 1.85014e-24 -0.435744)
(-0.207994 -3.64411e-20 3.29916)
(-0.894545 -4.50242e-20 3.33814)
(-1.74734 3.68181e-18 3.2531)
(-2.54924 3.98633e-18 3.02224)
(-3.26722 7.61096e-19 2.61337)
(-3.83931 0 2.00948)
(-4.1923 4.1466e-19 1.2125)
(-4.25996 -1.1126e-18 0.252392)
(-4.01156 1.37476e-18 -0.785336)
(-3.4751 -1.48805e-19 -1.78455)
(-2.71841 -1.2155e-19 -2.63928)
(-1.83091 0 -3.27436)
(-0.859507 -9.05987e-20 -3.68146)
(0.110365 1.78665e-20 -3.86064)
(1.05618 0 -3.86782)
(1.97227 1.75669e-20 -3.75469)
(2.83597 -1.66797e-20 -3.55207)
(3.63639 -1.02765e-21 -3.28861)
(4.36793 5.72493e-22 -2.98921)
(5.02883 3.12064e-21 -2.6745)
(5.61955 -2.22546e-22 -2.3611)
(6.14232 5.8251e-22 -2.061)
(6.601 0 -1.78153)
(7.00074 0 -1.52651)
(7.34727 0 -1.29754)
(7.64622 -3.69578e-24 -1.0946)
(7.90279 3.65138e-24 -0.916443)
(8.12168 5.05309e-24 -0.760929)
(8.30654 -5.25794e-26 -0.625436)
(8.49341 -1.78464e-24 -0.507275)
(-0.258705 0 4.19691)
(-1.0595 -4.06511e-19 4.21306)
(-2.02827 -3.86381e-19 4.07889)
(-2.91691 -4.25631e-18 3.76075)
(-3.68686 3.07762e-18 3.2113)
(-4.25961 -1.56834e-18 2.40399)
(-4.54642 -7.8603e-19 1.34889)
(-4.47219 3.13929e-18 0.0983215)
(-4.04611 -1.0534e-18 -1.20241)
(-3.33764 1.41424e-19 -2.39168)
(-2.44494 -2.35106e-19 -3.35294)
(-1.45951 4.35905e-19 -4.03272)
(-0.429894 -2.7643e-19 -4.43144)
(0.546543 4.09395e-20 -4.5717)
(1.49689 -2.25308e-20 -4.5349)
(2.39836 2.13077e-20 -4.368)
(3.23603 -6.1904e-21 -4.10669)
(4.00307 3.38542e-21 -3.78314)
(4.69737 2.56388e-22 -3.42488)
(5.31979 -1.1559e-21 -3.05466)
(5.87285 0 -2.6901)
(6.36034 1.56431e-22 -2.34352)
(6.78708 -1.54702e-22 -2.02244)
(7.15855 0 -1.73078)
(7.4804 0 -1.46992)
(7.75812 0 -1.2394)
(7.99671 2.39998e-23 -1.03746)
(8.20062 7.74e-25 -0.861467)
(8.37319 0 -0.708285)
(8.54828 0 -0.5747)
(-0.319258 3.422e-18 5.21865)
(-1.20691 0 5.1899)
(-2.25047 -3.99951e-19 4.98374)
(-3.17879 -1.57718e-18 4.54421)
(-3.94876 1.56027e-18 3.80713)
(-4.46507 -1.65226e-18 2.73917)
(-4.62102 1.36241e-20 1.36382)
(-4.33899 1.26464e-18 -0.219565)
(-3.71447 -8.29741e-19 -1.78138)
(-2.84127 4.83597e-19 -3.12654)
(-1.84031 1.34676e-19 -4.15386)
(-0.78993 0 -4.83781)
(0.228455 -3.56172e-20 -5.18786)
(1.19515 8.70483e-20 -5.27929)
(2.1183 2.14753e-20 -5.18735)
(2.97702 -2.5126e-20 -4.95851)
(3.76279 0 -4.63341)
(4.47339 2.1584e-21 -4.2475)
(5.11037 -2.13409e-21 -3.83055)
(5.67718 -2.47652e-23 -3.40651)
(6.17836 0 -2.9933)
(6.61905 1.56156e-22 -2.60318)
(7.00462 -9.95264e-23 -2.2436)
(7.34056 -5.51862e-23 -1.91831)
(7.63219 -1.30428e-23 -1.62832)
(7.88453 1.70919e-23 -1.37268)
(8.10206 -2.89807e-23 -1.14912)
(8.28873 -5.02673e-24 -0.954497)
(8.44738 2.01341e-24 -0.785212)
(8.60927 4.47755e-26 -0.637556)
(-0.362416 1.65254e-18 6.30443)
(-1.26363 -1.58927e-18 6.20932)
(-2.30184 3.26312e-19 5.90627)
(-3.1988 1.5158e-18 5.31407)
(-3.90636 0 4.34534)
(-4.30596 -1.34159e-18 2.96194)
(-4.2594 2.61708e-18 1.21209)
(-3.72844 4.29072e-19 -0.726412)
(-2.92395 -1.82106e-19 -2.51259)
(-1.92697 1.55384e-19 -3.96075)
(-0.869382 -2.00822e-19 -5.00505)
(0.171043 -9.74364e-20 -5.64025)
(1.14077 8.90713e-20 -5.92636)
(2.06633 0 -5.96025)
(2.92679 -2.33461e-20 -5.80298)
(3.7112 1.63788e-20 -5.50606)
(4.41703 7.48153e-21 -5.11462)
(5.04681 4.54053e-21 -4.66688)
(5.60553 -1.04286e-21 -4.19396)
(6.09927 7.59538e-22 -3.72)
(6.53434 -7.87562e-22 -3.2626)
(6.91675 -9.5015e-22 -2.83361)
(7.25205 0 -2.4401)
(7.54537 -1.98965e-23 -2.0854)
(7.8014 -1.1403e-22 -1.77)
(8.02436 0 -1.49246)
(8.21792 0 -1.25)
(8.38525 -5.57541e-25 -1.03902)
(8.52847 -1.02916e-24 -0.855509)
(8.67581 0 -0.695334)
(-0.347471 5.20778e-20 7.34417)
(-1.14315 0 7.17055)
(-2.06472 -8.11326e-19 6.75922)
(-2.84393 1.21948e-18 5.9966)
(-3.42465 1.16927e-18 4.76314)
(-3.63809 -1.58493e-18 3.01365)
(-3.26692 0 0.833926)
(-2.54152 0 -1.41071)
(-1.61313 -1.7638e-19 -3.35919)
(-0.567847 4.5294e-19 -4.85062)
(0.449402 6.42248e-20 -5.83909)
(1.40547 -9.08524e-20 -6.39578)
(2.3132 8.43823e-20 -6.62203)
(3.15297 0 -6.58728)
(3.91267 2.69515e-21 -6.35714)
(4.58943 0 -5.98926)
(5.18684 2.75642e-21 -5.53247)
(5.71185 -6.65801e-22 -5.02663)
(6.17268 -9.14455e-21 -4.50308)
(6.57755 3.98749e-21 -3.98538)
(6.93389 -2.40414e-22 -3.49028)
(7.24802 9.32035e-22 -3.02884)
(7.52522 4.86736e-22 -2.60741)
(7.76989 2.75117e-22 -2.22865)
(7.98576 -1.40008e-23 -1.89249)
(8.17595 -1.42176e-23 -1.59696)
(8.34306 0 -1.33883)
(8.48922 1.73199e-23 -1.11414)
(8.61572 2.27312e-24 -0.918551)
(8.74736 -1.50638e-24 -0.747595)
(-0.237601 -4.92395e-20 8.18111)
(-0.770238 0 7.93611)
(-1.43971 0 7.42284)
(-2.00282 -3.54583e-19 6.48368)
(-2.38125 2.6821e-19 4.97713)
(-2.27878 6.97017e-19 2.83874)
(-1.56029 -3.60445e-19 0.276134)
(-0.730174 0 -2.20932)
(0.234138 -2.1137e-19 -4.27782)
(1.16379 -7.84299e-20 -5.67057)
(2.07469 0 -6.58999)
(2.93595 0 -7.08913)
(3.72625 -4.48271e-21 -7.24246)
(4.43191 -6.84116e-21 -7.1297)
(5.05016 0 -6.82374)
(5.58576 0 -6.38683)
(6.04773 -1.32947e-21 -5.86994)
(6.44675 1.32972e-21 -5.31324)
(6.79335 3.05935e-21 -4.74729)
(7.09688 1.55101e-22 -4.19443)
(7.36499 3.15062e-21 -3.67011)
(7.60363 -7.20403e-22 -3.18419)
(7.81726 1.02622e-22 -2.74203)
(8.00916 -1.72499e-22 -2.34549)
(8.18176 1.16207e-22 -1.99389)
(8.33687 0 -1.68479)
(8.47578 -3.25997e-23 -1.41463)
(8.59948 -3.43262e-23 -1.17915)
(8.70829 -3.68397e-24 -0.973834)
(8.82334 1.52261e-24 -0.793981)
(-0.019622 0 8.64823)
(-0.116018 -4.92825e-19 8.37398)
(-0.395021 4.53035e-19 7.83866)
(-0.645587 -1.30673e-19 6.81435)
(-0.705 1.74665e-19 5.11099)
(-0.094086 -4.6485e-19 2.37389)
(0.908724 -1.95295e-19 -0.565767)
(1.6399 -1.33978e-19 -3.03167)
(2.44168 0 -4.98593)
(3.25354 1.67531e-20 -6.3808)
(4.02767 -1.81096e-20 -7.25163)
(4.72779 5.95909e-21 -7.6758)
(5.33936 1.23839e-20 -7.74686)
(5.86021 6.1577e-21 -7.55434)
(6.29678 9.75695e-21 -7.17668)
(6.66037 2.72302e-22 -6.67877)
(6.96414 0 -6.11199)
(7.22093 -2.45809e-22 -5.51562)
(7.44205 2.48165e-22 -4.91861)
(7.63659 -2.57576e-21 -4.34151)
(7.81138 -2.05772e-21 -3.79811)
(7.97114 8.42115e-22 -3.29683)
(8.11891 -5.45887e-22 -2.84191)
(8.25645 0 -2.4344)
(8.38464 -1.52233e-22 -2.07308)
(8.50378 -1.06405e-22 -1.75514)
(8.6138 3.22857e-23 -1.47678)
(8.71447 1.92786e-23 -1.2336)
(8.80511 -7.57342e-25 -1.021)
(8.90304 3.44413e-25 -0.834226)
(0.306992 -8.22437e-19 8.57884)
(0.824927 -8.416e-19 8.35646)
(1.09053 8.88226e-19 7.89306)
(1.31782 1.07057e-18 6.75661)
(1.82607 -1.47668e-18 4.70509)
(2.82014 -8.17513e-19 1.90816)
(3.68427 1.74139e-19 -1.04521)
(4.36583 5.65251e-19 -3.62778)
(5.04841 1.34616e-19 -5.61476)
(5.68771 -1.40406e-19 -6.96811)
(6.24678 -3.12415e-21 -7.76349)
(6.71172 0 -8.10336)
(7.08395 -7.65037e-21 -8.09312)
(7.37314 0 -7.82892)
(7.5937 -3.78431e-23 -7.39221)
(7.76157 1.60575e-21 -6.84829)
(7.89186 -2.86766e-21 -6.24733)
(7.99749 5.63764e-21 -5.6266)
(8.08863 0 -5.01279)
(8.1726 0 -4.42432)
(8.25421 -1.96205e-21 -3.87313)
(8.33612 7.56631e-22 -3.36624)
(8.41936 -4.18674e-23 -2.90684)
(8.50383 0 -2.49532)
(8.58869 1.5047e-22 -2.13003)
(8.67266 9.39998e-23 -1.80795)
(8.75433 1.49559e-23 -1.52518)
(8.83228 -5.5499e-24 -1.27735)
(8.90487 -8.37956e-24 -1.05991)
(8.98562 -4.46591e-25 -0.868175)
(0.881604 -1.71443e-18 7.52303)
(2.15614 0 7.70834)
(2.99721 1.83161e-18 7.46795)
(3.72449 -6.8322e-19 6.31292)
(4.65456 -1.21032e-18 4.19915)
(5.89647 1.1585e-18 1.31676)
(6.77673 -1.83424e-18 -1.66946)
(7.42709 1.09717e-18 -4.20393)
(7.94427 -2.85186e-19 -6.10436)
(8.33629 1.39728e-20 -7.36467)
(8.60798 0 -8.0676)
(8.77588 -6.44311e-20 -8.32397)
(8.86096 1.03097e-19 -8.24439)
(8.88489 -2.53878e-20 -7.92702)
(8.86828 8.57608e-21 -7.45274)
(8.82914 -1.37739e-20 -6.88475)
(8.78189 -2.41544e-21 -6.27042)
(8.73715 -1.79958e-21 -5.64411)
(8.70204 0 -5.02992)
(8.68068 7.15376e-23 -4.44409)
(8.6748 1.91003e-21 -3.89695)
(8.68432 -7.59157e-22 -3.3943)
(8.70788 5.9717e-22 -2.93858)
(8.74333 4.4925e-22 -2.52974)
(8.78805 0 -2.16595)
(8.8393 -1.29978e-22 -1.84415)
(8.89438 1.20332e-23 -1.56053)
(8.9508 0 -1.31089)
(9.00612 9.88593e-24 -1.09088)
(9.07015 3.7115e-25 -0.896032)
(9.99642 1.77733e-21 0.123285)
(9.9846 -5.43625e-23 0.251053)
(9.96307 -1.63235e-21 0.387043)
(9.93214 -5.47715e-23 0.532204)
(9.89218 -1.69677e-23 0.684727)
(9.84345 -1.12508e-22 0.841546)
(9.7864 1.13067e-22 0.999692)
(9.72183 -7.39652e-21 1.15737)
(9.65073 1.50004e-20 1.31433)
(9.57419 -1.90109e-20 1.47182)
(9.49324 -1.13678e-20 1.63224)
(9.40886 7.79248e-21 1.7988)
(9.32197 7.94461e-21 1.97517)
(9.23343 -1.58663e-20 2.16529)
(9.14404 0 2.3732)
(9.0546 0 2.60315)
(8.96594 -3.20002e-20 2.85963)
(8.87892 8.15224e-20 3.14756)
(8.79451 5.63843e-20 3.47262)
(8.71382 -1.28403e-19 3.84159)
(8.63818 0 4.26293)
(8.56922 2.70479e-19 4.74762)
(8.50911 -2.37205e-19 5.31043)
(8.461 -4.25529e-19 5.97212)
(8.43013 -1.2991e-20 6.76329)
(8.42739 5.1404e-20 7.73164)
(8.47811 3.04687e-19 8.95671)
(8.71165 -1.67548e-20 10.5766)
(9.6914 -9.58177e-21 12.821)
(10.5977 1.68694e-20 16.4549)
(9.99686 -1.68779e-23 0.127525)
(9.98654 1.67362e-21 0.25969)
(9.96777 1.70012e-21 0.400357)
(9.94086 0 0.550485)
(9.90619 3.44832e-21 0.708152)
(9.86407 0 0.870116)
(9.81498 8.75425e-22 1.03322)
(9.75975 6.12889e-21 1.19552)
(9.69939 1.7756e-20 1.35666)
(9.63501 -3.60436e-21 1.5178)
(9.56775 7.60736e-21 1.68132)
(9.49874 -7.19414e-21 1.8504)
(9.42909 -1.49223e-20 2.02868)
(9.35994 0 2.22004)
(9.29247 -2.99704e-20 2.42847)
(9.22796 3.00374e-20 2.65809)
(9.16788 3.10028e-20 2.91322)
(9.11391 0 3.19856)
(9.06815 1.50275e-20 3.51944)
(9.03326 0 3.88214)
(9.01275 -1.39974e-20 4.2944)
(9.01146 1.88488e-19 4.76607)
(9.03648 -1.88104e-19 5.31007)
(9.09875 -3.23239e-19 5.94384)
(9.21664 4.04763e-19 6.69151)
(9.42396 0 7.58679)
(9.77999 0 8.67507)
(10.3711 1.57488e-20 10.0072)
(11.5388 -3.10979e-19 11.5276)
(12.7902 2.85245e-19 12.772)
(9.99732 -1.62632e-21 0.131273)
(9.98858 -1.63393e-21 0.267315)
(9.97269 0 0.412094)
(9.94995 0 0.566565)
(9.92076 0 0.728696)
(9.88543 -4.17142e-22 0.895068)
(9.8445 -5.40851e-21 1.06234)
(9.79879 -7.67602e-21 1.22841)
(9.74935 -1.38072e-20 1.39279)
(9.69732 1.3713e-20 1.55655)
(9.64394 1.41111e-20 1.722)
(9.59043 1.28761e-22 1.89224)
(9.53812 1.41959e-20 2.07083)
(9.48839 -2.86108e-20 2.26152)
(9.44278 5.7803e-20 2.46815)
(9.403 -9.00658e-22 2.6946)
(9.37108 0 2.94485)
(9.34946 9.88239e-20 3.22316)
(9.34122 -1.1934e-19 3.53416)
(9.35028 -2.15475e-19 3.8832)
(9.38189 2.33195e-19 4.27653)
(9.44327 2.43447e-20 4.72172)
(9.54466 -4.70672e-20 5.22798)
(9.70101 -4.47244e-20 5.80633)
(9.9346 -5.83925e-19 6.46927)
(10.2788 1.10252e-19 7.22878)
(10.7804 6.47681e-19 8.08882)
(11.4684 -3.00187e-19 9.03319)
(12.4779 5.87148e-20 10)
(13.8935 8.60741e-19 10.7201)
(9.99779 1.55326e-21 0.134478)
(9.99067 0 0.273818)
(9.97773 -1.56666e-21 0.422069)
(9.95927 0 0.580179)
(9.93568 3.98749e-22 0.746012)
(9.9073 -3.58288e-21 0.915985)
(9.87468 4.88703e-21 1.08657)
(9.83864 -1.63513e-21 1.2555)
(9.80023 1.62875e-20 1.42213)
(9.76063 -6.87412e-21 1.58742)
(9.72112 6.66218e-21 1.75357)
(9.68308 0 1.92357)
(9.64796 -1.36641e-20 2.10084)
(9.61737 2.71044e-20 2.28894)
(9.59314 2.67101e-20 2.49145)
(9.57735 5.29616e-20 2.71193)
(9.57247 -6.69771e-20 2.9539)
(9.58153 1.34972e-20 3.22094)
(9.60829 0 3.51682)
(9.65755 1.98446e-19 3.84554)
(9.73555 1.82155e-19 4.21149)
(9.85061 -4.08561e-19 4.61941)
(10.0139 4.25332e-20 5.0742)
(10.2405 2.88318e-19 5.58035)
(10.5504 -2.46246e-19 6.1405)
(10.9694 -3.81717e-19 6.75298)
(11.5318 1.3416e-19 7.40736)
(12.264 1.46342e-19 8.08127)
(13.2371 6.82942e-20 8.75881)
(14.6647 6.99292e-19 9.33382)
(9.99827 -1.51676e-21 0.1371)
(9.99276 -1.50486e-21 0.279129)
(9.98278 1.52969e-21 0.430184)
(9.96861 -3.03339e-21 0.591198)
(9.95062 -3.04648e-21 0.759931)
(9.92921 4.64984e-21 0.932642)
(9.90493 -1.5493e-21 1.10563)
(9.8786 0 1.27644)
(9.85125 -1.2687e-20 1.4443)
(9.82407 -2.5442e-20 1.61001)
(9.79836 1.27261e-20 1.77564)
(9.77557 0 1.944)
(9.75729 -3.86111e-20 2.11834)
(9.74529 3.8363e-20 2.30197)
(9.74159 -2.59969e-20 2.49818)
(9.74854 -2.58682e-20 2.71008)
(9.76893 2.51564e-20 2.94064)
(9.80614 -1.95737e-19 3.1927)
(9.86429 4.52566e-21 3.46897)
(9.94856 5.86545e-21 3.77207)
(10.0655 -1.707e-19 4.1044)
(10.2233 2.98669e-20 4.46801)
(10.4326 3.08587e-19 4.86409)
(10.7066 0 5.29231)
(11.0619 -7.16346e-21 5.74948)
(11.5183 -3.20098e-19 6.22806)
(12.101 5.36831e-19 6.71427)
(12.8341 -2.07075e-19 7.18413)
(13.7394 -2.93905e-22 7.6113)
(14.9957 3.76085e-21 7.91867)
(9.99876 -1.44503e-21 0.139105)
(9.9949 1.87068e-23 0.28317)
(9.98792 -1.45595e-21 0.436321)
(9.97808 2.96201e-21 0.599461)
(9.96574 2.97444e-21 0.770252)
(9.95129 1.45932e-21 0.944806)
(9.93531 4.47053e-21 1.11925)
(9.91859 -8.93154e-21 1.29097)
(9.90214 6.02086e-21 1.45901)
(9.88714 -5.93296e-21 1.62402)
(9.8749 -1.20317e-20 1.7879)
(9.86692 1.21219e-20 1.95328)
(9.86484 -2.44091e-20 2.12317)
(9.87053 -2.43203e-20 2.30061)
(9.88613 -1.19057e-20 2.48852)
(9.91414 8.33573e-20 2.68955)
(9.95748 -1.07099e-19 2.90606)
(10.0196 1.82672e-19 3.14011)
(10.1048 -1.81893e-19 3.39339)
(10.2181 0 3.66716)
(10.3657 -3.21658e-19 3.96211)
(10.5551 3.16798e-19 4.27803)
(10.7955 -2.74765e-19 4.61343)
(11.0976 2.65533e-19 4.96481)
(11.474 -3.96096e-19 5.32573)
(11.9387 3.88229e-19 5.68556)
(12.507 0 6.02802)
(13.1921 -9.08355e-20 6.32754)
(13.9924 8.90243e-20 6.55057)
(15.0347 -3.86382e-21 6.65366)
(9.99924 1.45501e-21 0.140456)
(9.997 2.77116e-21 0.285874)
(9.99298 1.06881e-21 0.44038)
(9.98741 1.7606e-21 0.604836)
(9.98064 0 0.776814)
(9.97307 -2.87411e-21 0.95229)
(9.96527 0 1.12723)
(9.95801 1.14895e-20 1.29885)
(9.95224 5.76046e-21 1.46604)
(9.9491 5.90034e-21 1.62927)
(9.94988 1.1721e-20 1.79023)
(9.95605 1.14515e-20 1.95136)
(9.9693 1.14194e-20 2.1154)
(9.99152 5.75289e-20 2.2851)
(10.0249 -3.43255e-20 2.46299)
(10.0719 3.90676e-22 2.65125)
(10.1354 -8.7719e-20 2.85166)
(10.2189 9.81567e-20 3.06551)
(10.3264 0 3.29357)
(10.4624 -1.57327e-19 3.53596)
(10.6325 1.56167e-19 3.79198)
(10.8431 0 4.05982)
(11.1013 -3.71972e-21 4.33618)
(11.4152 -1.77211e-21 4.61573)
(11.7934 6.5047e-21 4.89039)
(12.2443 -6.27828e-22 5.14849)
(12.7752 -4.76629e-22 5.37391)
(13.3908 1.24885e-21 5.5448)
(14.0823 1.09055e-21 5.63413)
(14.9385 0 5.61908)
(9.99972 0 0.141129)
(9.9991 -1.53514e-21 0.287191)
(9.99802 -1.70058e-22 0.442286)
(9.99668 -1.70484e-21 0.607229)
(9.9954 2.02932e-21 0.779505)
(9.99457 2.73962e-21 0.954966)
(9.99474 -2.74833e-21 1.12944)
(9.99663 -5.55961e-21 1.29997)
(10.0011 0 1.46528)
(10.0093 0 1.62567)
(10.0225 -1.1116e-20 1.78262)
(10.042 3.29487e-20 1.93834)
(10.0695 -7.69724e-20 2.09531)
(10.1068 8.72842e-20 2.25596)
(10.1561 -4.34908e-20 2.42245)
(10.2198 1.05581e-19 2.5965)
(10.3006 -1.89973e-21 2.77936)
(10.4016 -2.5255e-19 2.97166)
(10.5264 1.5946e-19 3.17341)
(10.6791 0 3.38386)
(10.8642 -2.75664e-19 3.6013)
(11.0867 2.6955e-19 3.8229)
(11.3517 -4.88711e-22 4.04438)
(11.6648 1.75019e-21 4.25964)
(12.0311 -3.46119e-19 4.46037)
(12.4546 6.19105e-19 4.63563)
(12.9374 -4.75145e-19 4.77163)
(13.4792 2.00808e-19 4.85173)
(14.069 -1.10301e-21 4.85668)
(14.7677 -4.53807e-22 4.77277)
(10.0002 -1.29132e-21 0.1411)
(10.0011 3.26441e-22 0.287068)
(10.0029 1.62715e-21 0.441958)
(10.0057 6.66239e-22 0.606532)
(10.0097 -4.23923e-23 0.778198)
(10.0155 -2.63109e-21 0.952708)
(10.0233 2.63937e-21 1.12576)
(10.034 0 1.29425)
(10.0484 -1.05424e-20 1.45672)
(10.0673 2.6346e-20 1.61329)
(10.092 -1.0666e-20 1.76524)
(10.1238 -2.11027e-20 1.91454)
(10.1643 -1.03082e-20 2.0634)
(10.2152 1.02054e-20 2.21396)
(10.2784 -1.00652e-20 2.36802)
(10.3563 -8.96968e-20 2.52691)
(10.4512 7.9504e-20 2.69139)
(10.566 0 2.86161)
(10.7036 1.44155e-19 3.03698)
(10.8673 -6.61679e-21 3.21614)
(11.0607 -1.32403e-19 3.3968)
(11.2874 -2.30575e-19 3.5756)
(11.5507 2.40207e-19 3.74794)
(11.854 0 3.90777)
(12.1995 0 4.04744)
(12.5885 1.19298e-21 4.1576)
(13.0199 -1.87212e-21 4.22735)
(13.4903 1.3621e-19 4.2445)
(13.9888 -6.93924e-20 4.196)
(14.5581 -5.43249e-20 4.07367)
(10.0006 1.4177e-21 0.140358)
(10.0031 -1.57154e-22 0.285495)
(10.0076 -2.52095e-21 0.439389)
(10.0143 2.51439e-21 0.60274)
(10.0235 -1.30692e-21 0.772894)
(10.0354 -2.52639e-21 0.945518)
(10.0506 2.65678e-23 1.1162)
(10.0696 0 1.28171)
(10.0931 0 1.44042)
(10.1221 -5.10671e-21 1.59228)
(10.1575 2.41031e-22 1.73835)
(10.2006 -9.88768e-21 1.88038)
(10.2527 -3.91822e-20 2.02033)
(10.3155 2.96144e-20 2.16004)
(10.3906 -7.63496e-20 2.30101)
(10.4802 1.76753e-21 2.44424)
(10.5863 6.60025e-20 2.59014)
(10.7111 1.41212e-19 2.73845)
(10.8573 -1.41072e-19 2.88821)
(11.0272 0 3.03772)
(11.2233 2.37747e-19 3.18442)
(11.448 -2.48107e-19 3.32483)
(11.7034 -3.42783e-21 3.4545)
(11.9908 1.81983e-19 3.56791)
(12.3108 1.3473e-19 3.65852)
(12.6625 -3.1403e-19 3.71882)
(13.0432 0 3.74056)
(13.4482 0 3.71526)
(13.8677 0 3.63459)
(14.333 -5.83581e-22 3.49422)
(10.0011 1.19528e-21 0.138898)
(10.005 1.20027e-21 0.282457)
(10.0121 6.25005e-22 0.434558)
(10.0226 -6.18953e-22 0.595835)
(10.0366 1.16897e-21 0.763581)
(10.0544 2.40068e-21 0.933403)
(10.0764 4.86457e-21 1.10081)
(10.1032 -1.45062e-20 1.26244)
(10.1354 -4.79151e-21 1.41655)
(10.1735 -9.52937e-21 1.5629)
(10.2187 2.90356e-20 1.70235)
(10.2718 9.66999e-21 1.83643)
(10.3341 4.70959e-20 1.96688)
(10.407 8.53611e-21 2.09528)
(10.492 -2.77597e-20 2.22288)
(10.5908 7.09668e-20 2.35041)
(10.7051 -7.07732e-20 2.47801)
(10.8368 0 2.60518)
(10.9877 0 2.73078)
(11.1596 1.13598e-19 2.85294)
(11.354 -1.21054e-19 2.96911)
(11.5724 1.40618e-22 3.07599)
(11.8155 0 3.16954)
(12.0836 -1.73824e-19 3.24506)
(12.3758 1.73304e-19 3.29721)
(12.6903 0 3.32024)
(13.0236 0 3.30824)
(13.3706 0 3.25556)
(13.7233 0 3.15724)
(14.1055 -5.67681e-20 3.01132)
(10.0015 -1.16752e-21 0.13672)
(10.0068 -8.82076e-22 0.277959)
(10.0164 3.01517e-22 0.427483)
(10.0304 1.74254e-21 0.585852)
(10.0488 -2.35618e-21 0.750321)
(10.0721 2.28633e-21 0.91646)
(10.1006 -9.29375e-21 1.07972)
(10.1346 1.16687e-20 1.23665)
(10.1745 0 1.38538)
(10.221 -1.83697e-20 1.52551)
(10.2748 3.66925e-20 1.65774)
(10.3367 -1.83211e-20 1.78338)
(10.4078 0 1.90397)
(10.4891 -1.77638e-20 2.02088)
(10.582 8.59257e-21 2.13514)
(10.6878 -8.39798e-21 2.24731)
(10.8078 8.44841e-21 2.35734)
(10.9434 -1.33847e-19 2.46463)
(11.0959 2.54318e-19 2.56795)
(11.2664 -1.13188e-19 2.6655)
(11.4558 -1.07923e-19 2.75487)
(11.6646 1.11182e-19 2.83312)
(11.8929 -1.81648e-19 2.89681)
(12.1399 1.74366e-20 2.94209)
(12.4042 3.15015e-19 2.96481)
(12.6832 -1.48089e-19 2.96075)
(12.9736 -1.06811e-19 2.92586)
(13.2704 1.07824e-19 2.85657)
(13.5671 0 2.75014)
(13.8827 6.94495e-22 2.60605)
(10.0019 5.52454e-22 0.133828)
(10.0084 0 0.272012)
(10.0204 -1.11252e-21 0.418178)
(10.0377 -1.13229e-21 0.572815)
(10.0604 1.12698e-21 0.73316)
(10.0888 -2.27417e-21 0.894772)
(10.1231 2.25828e-21 1.05307)
(10.1637 -4.52148e-21 1.20455)
(10.2107 -1.32361e-20 1.34723)
(10.2646 -8.68391e-21 1.48058)
(10.3259 1.76477e-20 1.60512)
(10.3953 1.72289e-20 1.72201)
(10.4737 -1.73073e-20 1.83258)
(10.5617 4.19919e-20 1.93806)
(10.6606 -4.19656e-20 2.03932)
(10.7712 -5.55835e-20 2.13677)
(10.8946 6.39995e-20 2.23031)
(11.0316 1.27166e-19 2.31928)
(11.1831 -2.41506e-19 2.40253)
(11.3497 2.23388e-19 2.47839)
(11.5317 -2.11529e-19 2.54475)
(11.729 1.02682e-19 2.5991)
(11.941 1.73982e-19 2.63862)
(12.1666 -1.77022e-19 2.66031)
(12.4039 0 2.66107)
(12.6504 0 2.63793)
(12.9026 -1.10233e-19 2.58824)
(13.1565 1.09177e-19 2.5099)
(13.4068 -7.27472e-20 2.4016)
(13.6687 7.23496e-20 2.26362)
(10.0022 -5.39656e-22 0.130239)
(10.01 -5.37334e-22 0.264647)
(10.024 1.62726e-21 0.406697)
(10.0443 0 0.556808)
(10.0709 1.08836e-21 0.712217)
(10.1039 2.14653e-21 0.868505)
(10.1435 1.41977e-23 1.0211)
(10.1899 -4.28002e-21 1.16645)
(10.2432 4.30375e-21 1.30251)
(10.3036 0 1.42862)
(10.3714 4.14606e-21 1.54516)
(10.4472 1.64462e-20 1.65315)
(10.5314 -1.24821e-20 1.75376)
(10.6247 3.18305e-20 1.84808)
(10.7278 -3.19655e-20 1.93689)
(10.8414 3.79996e-21 2.02052)
(10.9662 3.6917e-21 2.09886)
(11.1027 5.67541e-20 2.17131)
(11.2513 -1.6572e-19 2.23683)
(11.4121 1.09071e-19 2.29397)
(11.5851 9.79082e-20 2.34096)
(11.7698 -1.89829e-19 2.37576)
(11.9652 1.77014e-19 2.39616)
(12.1699 -8.40122e-20 2.39989)
(12.382 -1.41493e-19 2.38475)
(12.5991 1.41854e-19 2.34872)
(12.8181 0 2.2902)
(13.0355 3.96394e-22 2.20807)
(13.2472 8.75056e-23 2.1019)
(13.4659 0 1.97242)
(10.0025 -2.57093e-22 0.125976)
(10.0114 2.58666e-22 0.25592)
(10.0274 0 0.393137)
(10.0504 0 0.537974)
(10.0804 -2.06725e-21 0.687686)
(10.1176 2.07512e-21 0.837905)
(10.1619 0 0.984095)
(10.2135 2.07406e-21 1.12272)
(10.2722 1.01328e-20 1.25166)
(10.3382 -8.15282e-21 1.37017)
(10.4115 -8.03042e-21 1.47853)
(10.4923 -1.1794e-20 1.57761)
(10.5811 1.56955e-20 1.66846)
(10.6783 0 1.75209)
(10.7841 0 1.82919)
(10.8992 -3.72874e-21 1.90009)
(11.0238 -3.62456e-21 1.9647)
(11.1581 0 2.02251)
(11.3023 0 2.07265)
(11.4561 0 2.11395)
(11.6193 0 2.14498)
(11.7909 -2.81594e-21 2.16413)
(11.97 0 2.16976)
(12.155 -2.47965e-21 2.16021)
(12.3441 0 2.13398)
(12.5351 5.17105e-22 2.08981)
(12.7253 -2.33411e-22 2.02679)
(12.9119 0 1.94448)
(13.0917 8.42201e-20 1.84296)
(13.2754 -8.47923e-20 1.72316)
(10.0028 0 0.12106)
(10.0126 4.96471e-22 0.24587)
(10.0304 -1.98846e-21 0.377555)
(10.0559 9.9954e-22 0.516398)
(10.089 -1.9866e-21 0.659692)
(10.1298 2.98016e-21 0.803155)
(10.1782 -3.9424e-21 0.942327)
(10.2343 3.9605e-21 1.0737)
(10.2977 -1.97875e-21 1.19514)
(10.3683 9.62863e-21 1.30583)
(10.4461 1.32828e-20 1.40595)
(10.531 -2.10423e-20 1.49625)
(10.6232 -3.33638e-20 1.57771)
(10.7229 5.87354e-20 1.65124)
(10.8302 -2.91511e-20 1.71751)
(10.9454 -5.52054e-20 1.77686)
(11.0685 5.88227e-20 1.82925)
(11.1995 0 1.87433)
(11.3383 -3.13507e-21 1.9114)
(11.4844 4.73966e-20 1.93955)
(11.6373 -4.75809e-20 1.95768)
(11.7961 1.41927e-21 1.96461)
(11.9596 1.27748e-21 1.95913)
(12.1264 1.21328e-21 1.94013)
(12.2948 -5.54774e-22 1.90662)
(12.4629 -6.27697e-20 1.85787)
(12.6284 6.41887e-21 1.79349)
(12.7891 5.65733e-20 1.71343)
(12.9426 -1.88822e-22 1.61807)
(13.0978 -3.83326e-20 1.5084)
(10.0031 4.71426e-22 0.115527)
(10.0137 0 0.234578)
(10.033 2.28268e-24 0.360085)
(10.0606 9.6141e-22 0.492268)
(10.0964 1.90968e-21 0.628484)
(10.1403 -2.88287e-21 0.764565)
(10.1923 0 0.896164)
(10.2522 3.76263e-21 1.01984)
(10.3195 -5.64329e-21 1.13346)
(10.3939 -3.90061e-23 1.23617)
(10.4752 -1.86375e-21 1.32807)
(10.5632 1.84037e-21 1.40983)
(10.6578 1.77086e-21 1.48235)
(10.759 0 1.54648)
(10.8668 0 1.60289)
(10.981 1.65845e-21 1.65194)
(11.1017 4.79119e-20 1.69368)
(11.2286 -1.00937e-19 1.72788)
(11.3613 5.27875e-20 1.75404)
(11.4994 0 1.77151)
(11.6421 4.33312e-20 1.77948)
(11.7885 -4.0884e-20 1.77712)
(11.9376 -6.40511e-22 1.76361)
(12.0879 -7.16085e-20 1.73821)
(12.2379 6.06295e-21 1.70037)
(12.3861 6.73978e-20 1.64972)
(12.5305 -5.6397e-20 1.58619)
(12.6696 1.08085e-19 1.50998)
(12.8012 -5.18041e-21 1.42162)
(12.9334 -4.59801e-20 1.32208)
(10.0033 -1.14202e-21 0.10941)
(10.0147 2.29953e-22 0.222111)
(10.0353 -1.38488e-21 0.340838)
(10.0648 9.25e-22 0.465752)
(10.1029 -2.29357e-21 0.594291)
(10.1496 1.84546e-21 0.722433)
(10.2046 -2.73304e-21 0.845977)
(10.2676 9.45344e-22 0.96158)
(10.338 6.3531e-21 1.06715)
(10.4155 -8.90162e-21 1.1618)
(10.4995 -6.8766e-21 1.24559)
(10.5896 1.40937e-20 1.31911)
(10.6857 -3.8119e-23 1.38321)
(10.7875 1.66704e-21 1.4387)
(10.8947 -2.59838e-20 1.48623)
(11.0073 7.88043e-22 1.52623)
(11.1248 2.69885e-20 1.55881)
(11.2471 4.59738e-20 1.58389)
(11.3735 -9.34275e-20 1.60115)
(11.5035 4.59438e-20 1.61015)
(11.6364 -4.18163e-20 1.61035)
(11.7713 4.07445e-20 1.60119)
(11.907 -6.10449e-22 1.58215)
(12.0425 -5.74213e-22 1.55283)
(12.1765 -3.29804e-20 1.51292)
(12.3074 3.31752e-20 1.46235)
(12.4341 5.66135e-20 1.40122)
(12.5549 -5.69832e-20 1.32988)
(12.6686 -2.38602e-20 1.24893)
(12.7819 2.3654e-20 1.15924)
(10.0035 6.60739e-22 0.102739)
(10.0156 -2.19389e-22 0.208524)
(10.0373 -8.85051e-22 0.319887)
(10.0684 8.9033e-22 0.436944)
(10.1085 8.87428e-22 0.55724)
(10.1575 -1.76032e-21 0.676934)
(10.215 8.81141e-22 0.792008)
(10.2806 -1.58792e-23 0.899246)
(10.3536 -1.73694e-21 0.996618)
(10.4334 -6.81618e-21 1.08324)
(10.5193 6.85722e-21 1.15912)
(10.6109 0 1.2248)
(10.7077 -3.45391e-23 1.28107)
(10.8093 -1.63592e-21 1.32872)
(10.9154 2.49406e-20 1.36839)
(11.0256 -2.66509e-20 1.40055)
(11.1395 -1.51913e-21 1.4254)
(11.2568 2.91355e-21 1.44298)
(11.3769 2.20047e-20 1.45313)
(11.4991 -2.28003e-20 1.45559)
(11.6227 0 1.45005)
(11.7469 0 1.43616)
(11.8707 2.92637e-22 1.41365)
(11.9931 3.47974e-20 1.38231)
(12.113 -3.4732e-20 1.34207)
(12.2293 0 1.293)
(12.3408 0 1.23533)
(12.4465 0 1.16949)
(12.5454 2.41697e-20 1.09604)
(12.6433 -2.43505e-20 1.01578)
(10.0037 -4.2267e-22 0.095559)
(10.0163 2.14433e-22 0.19392)
(10.039 4.25958e-22 0.297409)
(10.0713 -4.28712e-22 0.4061)
(10.113 -8.54615e-22 0.517664)
(10.1638 1.69477e-21 0.628468)
(10.2232 -1.70447e-21 0.734708)
(10.2908 -1.46033e-23 0.83333)
(10.3658 8.43354e-22 0.922391)
(10.4472 0 1.00103)
(10.5345 0 1.06922)
(10.6268 0 1.12746)
(10.7237 -1.41222e-20 1.17649)
(10.8246 3.30891e-22 1.21707)
(10.9291 1.15926e-20 1.24986)
(11.0367 2.33686e-20 1.27534)
(11.1469 -2.35131e-20 1.29379)
(11.2592 -2.27117e-20 1.30535)
(11.3731 2.22706e-22 1.30998)
(11.488 4.24441e-20 1.3076)
(11.603 -2.0551e-20 1.29803)
(11.7176 -2.9848e-22 1.28114)
(11.8307 -2.88137e-22 1.25679)
(11.9417 -3.40715e-20 1.22496)
(12.0495 6.59579e-20 1.18569)
(12.1532 -3.21837e-20 1.13915)
(12.2521 2.80866e-20 1.08566)
(12.3452 -2.85099e-20 1.02563)
(12.4318 0 0.959605)
(12.5172 1.82193e-22 0.888297)
(10.0038 2.03656e-22 0.0879023)
(10.0169 -2.03977e-22 0.178362)
(10.0404 4.12157e-22 0.273498)
(10.0739 0 0.373349)
(10.1169 4.14938e-22 0.475733)
(10.1692 0 0.577254)
(10.2303 1.62378e-21 0.674355)
(10.2994 -2.45257e-21 0.76417)
(10.3758 3.19325e-21 0.844864)
(10.4584 -3.21368e-21 0.915612)
(10.5463 0 0.976372)
(10.6389 -6.13548e-21 1.0276)
(10.7354 6.17585e-21 1.06999)
(10.8352 0 1.10427)
(10.9376 1.34522e-23 1.13109)
(11.0423 -1.05492e-20 1.15096)
(11.1486 3.85076e-22 1.16421)
(11.2561 9.66313e-21 1.17106)
(11.3641 6.6053e-22 1.17159)
(11.472 0 1.1658)
(11.5793 0 1.15367)
(11.6852 1.87883e-20 1.13517)
(11.789 -1.83241e-20 1.11031)
(11.89 0 1.07915)
(11.9874 0 1.04183)
(12.0805 -3.00426e-23 0.998579)
(12.1688 -7.19138e-25 0.949711)
(12.2514 -1.3088e-20 0.895643)
(12.328 2.56678e-20 0.836869)
(12.4031 -1.26567e-20 0.774)
(10.004 -9.94323e-23 0.0797998)
(10.0174 -4.92946e-22 0.161915)
(10.0415 3.97377e-22 0.248257)
(10.0759 9.8893e-22 0.338844)
(10.1199 -5.99918e-22 0.431653)
(10.1733 1.96623e-22 0.523554)
(10.2355 0 0.611262)
(10.3058 -3.88736e-22 0.692125)
(10.3831 -3.46509e-21 0.764437)
(10.4664 3.10019e-21 0.827422)
(10.5547 -5.63193e-21 0.88103)
(10.6471 1.19653e-20 0.925676)
(10.7428 -5.5911e-21 0.962003)
(10.8412 0 0.990706)
(10.9415 3.62552e-22 1.01241)
(11.0432 -3.53968e-22 1.02764)
(11.1458 0 1.03677)
(11.2486 3.34574e-22 1.04006)
(11.3512 9.61683e-21 1.03767)
(11.453 -9.69337e-21 1.02968)
(11.5533 0 1.01618)
(11.6516 -1.44134e-22 0.997212)
(11.7473 0 0.972867)
(11.8397 1.62189e-20 0.943274)
(11.9283 -1.63637e-20 0.908616)
(12.0126 5.90488e-23 0.869143)
(12.092 1.11855e-22 0.825173)
(12.1661 0 0.777085)
(12.2344 1.23291e-20 0.725319)
(12.3013 -1.24317e-20 0.670393)
(10.0041 -9.4358e-23 0.0712785)
(10.0178 9.5307e-23 0.144633)
(10.0425 -1.9022e-22 0.221777)
(10.0776 -9.57079e-22 0.302709)
(10.1226 5.76672e-22 0.385587)
(10.1769 -1.92565e-22 0.467566)
(10.24 1.51234e-21 0.545659)
(10.3111 -9.53895e-22 0.617453)
(10.3891 -2.96855e-21 0.681388)
(10.4727 2.99449e-21 0.736746)
(10.561 -7.33488e-22 0.783473)
(10.6529 3.58795e-22 0.821944)
(10.7477 -5.35278e-24 0.85275)
(10.8444 0 0.876537)
(10.9425 3.44304e-22 0.89391)
(11.0413 -1.08427e-20 0.905374)
(11.1403 1.02554e-20 0.911323)
(11.2388 -9.77481e-21 0.912048)
(11.3364 1.01609e-20 0.907757)
(11.4325 9.01001e-21 0.898603)
(11.5267 -9.37315e-21 0.884707)
(11.6183 -2.07656e-22 0.866188)
(11.7069 -8.29531e-21 0.843177)
(11.792 1.63007e-20 0.815839)
(11.8732 -1.55694e-20 0.784375)
(11.95 7.5933e-21 0.749037)
(12.022 0 0.710119)
(12.0889 -6.55527e-21 0.667964)
(12.1505 6.60394e-21 0.622948)
(12.2106 2.85351e-22 0.575508)
(10.0042 0 0.0623567)
(10.0182 0 0.126562)
(10.0433 1.8602e-22 0.194135)
(10.0789 0 0.265067)
(10.1244 0 0.337701)
(10.1794 -1.83811e-22 0.409495)
(10.2431 0 0.477787)
(10.3146 -1.84111e-22 0.540422)
(10.3928 1.80316e-21 0.596001)
(10.4765 -1.44827e-21 0.643874)
(10.5645 3.339e-21 0.683985)
(10.6558 -3.1778e-21 0.716667)
(10.7494 -1.75434e-22 0.742452)
(10.8445 0 0.761933)
(10.9404 0 0.77567)
(11.0365 0 0.784145)
(11.1321 3.1727e-22 0.787745)
(11.2267 4.97294e-21 0.786772)
(11.3199 -4.8507e-21 0.781458)
(11.4111 -8.97841e-21 0.771984)
(11.4999 3.71168e-22 0.758506)
(11.5859 4.43702e-22 0.741171)
(11.6685 1.65899e-20 0.720134)
(11.7475 -3.95741e-22 0.695572)
(11.8225 -7.84409e-21 0.667687)
(11.8931 7.19996e-21 0.636716)
(11.9591 -7.14097e-21 0.602923)
(12.0202 0 0.566606)
(12.0763 -6.09952e-21 0.528084)
(12.131 6.05674e-21 0.487717)
(10.0042 0 0.0530386)
(10.0185 -1.77447e-22 0.107722)
(10.0441 1.7918e-22 0.165393)
(10.0802 3.57108e-22 0.226023)
(10.1263 -4.49368e-22 0.288137)
(10.1817 1.80014e-22 0.349511)
(10.2458 -7.07901e-22 0.40783)
(10.3176 2.11886e-21 0.461219)
(10.3959 -1.4161e-21 0.508457)
(10.4795 -1.72936e-22 0.548968)
(10.567 -1.72803e-22 0.582696)
(10.6575 1.68393e-22 0.609928)
(10.7499 -1.67605e-22 0.63113)
(10.8434 2.58032e-21 0.646827)
(10.9372 -7.49095e-21 0.657522)
(11.0307 5.24351e-21 0.663657)
(11.1234 0 0.665597)
(11.2146 0 0.663637)
(11.3039 -4.32715e-21 0.658008)
(11.3909 4.50644e-21 0.648902)
(11.4751 0 0.636486)
(11.5563 -4.0974e-21 0.620916)
(11.634 4.15527e-21 0.602352)
(11.7079 -3.78502e-21 0.580966)
(11.7778 3.84342e-21 0.556946)
(11.8434 -3.51652e-21 0.530504)
(11.9045 6.85748e-21 0.501869)
(11.9609 -1.71164e-22 0.47129)
(12.0126 -3.24734e-21 0.439032)
(12.063 -3.02725e-21 0.405388)
(10.0043 8.51779e-23 0.0432977)
(10.0189 -8.61667e-23 0.0880844)
(10.0448 -1.72641e-22 0.135564)
(10.0814 5.6356e-22 0.185657)
(10.1277 -3.48325e-22 0.237046)
(10.1833 8.64065e-23 0.287831)
(10.2476 8.6059e-23 0.336064)
(10.3195 0 0.380161)
(10.3977 -8.48328e-23 0.419086)
(10.4809 -1.16646e-21 0.452347)
(10.5679 1.42907e-21 0.479891)
(10.6575 2.43243e-21 0.501957)
(10.7487 -2.61682e-21 0.518939)
(10.8407 -7.90331e-23 0.531287)
(10.9326 -2.33871e-22 0.539435)
(11.0239 -1.52971e-22 0.543772)
(11.1139 0 0.544624)
(11.2021 -3.60636e-23 0.542258)
(11.2881 -7.07185e-23 0.536891)
(11.3716 0 0.528708)
(11.452 0 0.517866)
(11.5292 -1.60736e-23 0.504517)
(11.6028 -3.87932e-24 0.48881)
(11.6726 3.72382e-21 0.470899)
(11.7384 -3.79488e-21 0.450951)
(11.7999 0 0.429145)
(11.8571 0 0.405671)
(11.9098 0 0.380732)
(11.958 1.52579e-21 0.354541)
(12.0049 -1.44386e-21 0.327328)
(10.0045 4.12107e-23 0.0330506)
(10.0195 4.16276e-23 0.0675437)
(10.046 0 0.104525)
(10.083 -8.43499e-23 0.143771)
(10.1296 8.47309e-23 0.184131)
(10.1854 -4.19568e-22 0.224081)
(10.2498 2.95358e-22 0.262062)
(10.3216 4.15916e-23 0.296796)
(10.3996 8.31569e-23 0.327431)
(10.4824 0 0.353556)
(10.5688 -8.13463e-23 0.375115)
(10.6576 7.95886e-23 0.39229)
(10.7477 0 0.405395)
(10.8383 7.7527e-23 0.41479)
(10.9286 3.82811e-23 0.420831)
(11.0179 0 0.423838)
(11.1057 0 0.424085)
(11.1915 3.53824e-23 0.4218)
(11.2749 -2.15628e-21 0.417171)
(11.3554 2.17174e-21 0.410359)
(11.4329 2.02899e-21 0.401505)
(11.5069 -2.04356e-21 0.390741)
(11.5773 -7.56162e-24 0.378194)
(11.6438 1.83149e-21 0.363995)
(11.7064 -3.59606e-21 0.34828)
(11.7647 1.77829e-21 0.331193)
(11.8189 0 0.312884)
(11.8688 0 0.29351)
(11.9143 0 0.273233)
(11.9587 2.32318e-23 0.252227)
(10.0047 -4.02588e-23 0.0221185)
(10.0204 -4.06855e-23 0.0463922)
(10.0476 0 0.0731824)
(10.0849 4.11124e-23 0.10172)
(10.1318 1.63272e-22 0.131023)
(10.1877 -2.05705e-22 0.160015)
(10.2521 2.83474e-22 0.18758)
(10.3238 -6.90337e-22 0.212779)
(10.4016 3.25012e-22 0.234982)
(10.484 0 0.253885)
(10.5698 3.93441e-23 0.269442)
(10.6578 -7.80474e-23 0.281786)
(10.747 -3.81902e-23 0.291146)
(10.8364 1.18701e-21 0.297787)
(10.9253 -2.32163e-21 0.301975)
(11.0131 1.15333e-21 0.303949)
(11.0991 1.09237e-21 0.303916)
(11.183 -1.11795e-21 0.302053)
(11.2643 -1.05229e-21 0.298503)
(11.3426 1.05574e-21 0.293394)
(11.4177 0 0.286834)
(11.4894 -1.92031e-21 0.278925)
(11.5574 8.40904e-23 0.269767)
(11.6215 1.8707e-21 0.259457)
(11.6816 4.89449e-27 0.248097)
(11.7377 0 0.235793)
(11.7896 0 0.222653)
(11.8374 -1.2375e-23 0.208789)
(11.881 1.1907e-23 0.194315)
(11.9234 -7.35179e-22 0.179355)
(10.0059 0 0.00795595)
(10.0234 9.86558e-24 0.0210312)
(10.0514 -7.92214e-23 0.037223)
(10.0888 6.23522e-25 0.0548236)
(10.1355 8.03009e-23 0.0730528)
(10.1911 4.0041e-23 0.0912482)
(10.2551 1.38273e-22 0.108658)
(10.3263 -1.59579e-22 0.124627)
(10.4035 3.117e-22 0.138715)
(10.4853 -3.14284e-22 0.150709)
(10.5705 -3.85739e-23 0.160571)
(10.6577 -1.89566e-23 0.168382)
(10.746 3.74494e-23 0.174289)
(10.8345 -1.83338e-23 0.178468)
(10.9224 -5.85674e-22 0.181092)
(11.0091 5.89493e-22 0.182323)
(11.0939 1.72496e-23 0.1823)
(11.1764 -1.05674e-21 0.181141)
(11.2562 2.08855e-21 0.178945)
(11.333 -2.03092e-21 0.175797)
(11.4066 1.00642e-21 0.171771)
(11.4766 0 0.166936)
(11.5429 9.09123e-22 0.161354)
(11.6054 -3.68213e-23 0.15509)
(11.6639 -1.71986e-21 0.148208)
(11.7185 8.47943e-22 0.140772)
(11.7689 6.30323e-24 0.132849)
(11.8153 1.21236e-23 0.124507)
(11.8576 -5.81662e-24 0.115816)
(11.8987 0 0.106849)
(9.99515 -4.76257e-24 -0.00028369)
(10.0038 -4.81607e-24 0.0031113)
(10.0207 1.9343e-23 0.00830341)
(10.0467 -1.95755e-23 0.0141989)
(10.0831 3.89045e-23 0.0204867)
(10.1298 -3.93211e-23 0.0269316)
(10.1861 -5.79499e-23 0.0332276)
(10.2509 1.18015e-24 0.0390914)
(10.3227 1.31234e-24 0.0443258)
(10.4 7.70988e-23 0.0488246)
(10.4814 0 0.0525547)
(10.5656 -1.28672e-22 0.0555333)
(10.6513 1.48481e-22 0.0578082)
(10.7375 -1.2424e-22 0.0594411)
(10.8234 1.61051e-22 0.060497)
(10.9082 2.72786e-22 0.061037)
(10.9913 -5.41133e-22 0.0611156)
(11.0721 2.68279e-22 0.0607793)
(11.1504 -2.48727e-22 0.0600679)
(11.2256 2.54532e-22 0.0590154)
(11.2976 -1.18682e-25 0.0576514)
(11.3661 0 0.0560027)
(11.4309 -2.23636e-22 0.0540944)
(11.4919 4.41424e-22 0.0519506)
(11.549 -2.17739e-22 0.0495955)
(11.602 2.07925e-22 0.0470528)
(11.6511 -2.0912e-22 0.0443466)
(11.6961 -1.87107e-22 0.0415013)
(11.7371 9.26363e-23 0.0385402)
(11.7769 9.06765e-23 0.0354912)
(12.9831 -8.74017e-19 14.1657)
(9.98623 -3.09682e-20 11.3426)
(4.61434 2.34272e-18 8.55183)
(13.7372 -9.74194e-20 10.9683)
(13.35 1.40908e-19 9.24455)
(12.271 4.49108e-20 7.94811)
(14.7689 -1.07203e-18 10.4218)
(15.3686 2.60009e-20 9.87259)
(15.5508 2.31143e-18 9.21713)
(15.5454 3.90347e-19 9.36537)
(16.2867 -1.29485e-18 9.18132)
(16.7918 -1.19543e-20 8.84353)
(15.7386 2.24292e-21 7.91394)
(16.4303 -6.48195e-21 7.7859)
(16.986 -1.38526e-18 7.54886)
(15.6422 6.70795e-19 6.60855)
(16.2292 -6.51682e-19 6.48518)
(16.7229 4.42624e-21 6.28728)
(15.4292 2.28123e-19 5.54672)
(15.9028 7.70447e-20 5.41845)
(16.3021 -3.00004e-19 5.23569)
(15.1607 -1.40687e-19 4.68264)
(15.5361 1.3929e-19 4.55048)
(15.8505 2.54136e-19 4.37841)
(14.8732 -1.47136e-20 3.97643)
(15.1715 -5.39894e-22 3.84759)
(15.4195 -5.86741e-22 3.68942)
(14.5874 0 3.39703)
(14.8262 0 3.27597)
(15.0234 9.12435e-20 3.13308)
(14.3123 7.1176e-20 2.91793)
(14.505 0 2.80637)
(14.6633 0 2.67843)
(14.052 -3.59114e-20 2.51841)
(14.2088 3.58001e-20 2.41687)
(14.337 4.59484e-23 2.30293)
(13.8083 5.19256e-20 2.18266)
(13.9369 -9.09359e-20 2.091)
(14.0416 3.89034e-20 1.98988)
(13.5817 -1.86286e-23 1.89844)
(13.688 0 1.81618)
(13.7743 -4.4911e-20 1.72664)
(13.3722 1.02076e-22 1.6561)
(13.4607 3.32389e-20 1.5826)
(13.5323 -9.13876e-20 1.50348)
(13.1793 8.92348e-20 1.448)
(13.2536 -4.23541e-20 1.38257)
(13.3135 -2.82381e-22 1.31277)
(13.0024 0 1.26797)
(13.0652 4.24493e-20 1.20992)
(13.1158 -4.24147e-20 1.14845)
(12.8409 0 1.11101)
(12.8945 0 1.05968)
(12.9376 3.44328e-22 1.00567)
(12.6942 -1.0538e-22 0.973011)
(12.7403 -2.41947e-20 0.927798)
(12.7773 2.39062e-20 0.880482)
(12.5614 1.0397e-22 0.850576)
(12.6015 -1.26141e-20 0.81093)
(12.6336 3.68652e-20 0.769627)
(12.442 -1.35333e-20 0.740953)
(12.4772 1.35771e-20 0.706388)
(12.5054 -1.26198e-20 0.670515)
(12.3358 -1.09909e-22 0.641674)
(12.3671 -6.48646e-24 0.611759)
(12.3921 1.01509e-22 0.580812)
(12.2416 -6.9193e-21 0.550814)
(12.2697 6.96285e-21 0.52518)
(12.2922 1.47922e-24 0.498734)
(12.1591 0 0.466785)
(12.1846 0 0.445119)
(12.2051 -6.62012e-21 0.422818)
(12.0889 3.62155e-21 0.387995)
(12.1123 0 0.370035)
(12.1312 0 0.351586)
(12.0291 -2.06551e-23 0.313296)
(12.0509 1.69106e-21 0.298835)
(12.0685 -1.71706e-21 0.284002)
(11.9815 1.72708e-21 0.241416)
(12.0021 -1.7245e-21 0.230293)
(12.0187 1.67516e-21 0.218898)
(11.9452 1.73557e-21 0.171668)
(11.9649 -1.68227e-21 0.163765)
(11.9808 8.17163e-22 0.155676)
(11.9199 0 0.102235)
(11.939 4.09189e-22 0.0974858)
(11.9545 -6.48744e-24 0.0926278)
(11.7974 -1.03676e-22 0.0339147)
(11.8159 2.04473e-22 0.0322877)
(11.8308 -1.04053e-22 0.030627)
(0.561731 8.47392e-20 6.24978)
(3.63491 1.41537e-18 6.3818)
(5.17589 -1.54733e-18 6.23811)
(6.33171 -2.67627e-21 5.06337)
(7.67176 -5.75818e-20 2.90183)
(9.12514 5.70209e-20 0.19185)
(10.0732 -2.30541e-20 -2.45982)
(10.6365 9.92656e-21 -4.71645)
(10.9239 -1.81993e-20 -6.41105)
(11.0055 -1.23747e-20 -7.52309)
(10.9376 1.89356e-20 -8.11983)
(10.7708 0 -8.30303)
(10.5461 -5.85143e-20 -8.17706)
(10.2949 2.62021e-20 -7.83484)
(10.0411 -3.09624e-20 -7.35213)
(9.80158 2.78571e-20 -6.78737)
(9.58726 0 -6.18384)
(9.40438 4.05693e-21 -5.57255)
(9.25555 -3.21344e-21 -4.9751)
(9.14073 2.53249e-21 -4.40596)
(9.05804 -1.98332e-21 -3.87425)
(9.00438 2.09434e-23 -3.38507)
(8.97593 -2.25569e-24 -2.9405)
(8.96852 -4.31287e-22 -2.54037)
(8.97794 -1.74618e-23 -2.18293)
(9.00012 1.30834e-22 -1.86531)
(9.0313 0 -1.584)
(9.0681 -2.29212e-24 -1.33508)
(9.10746 2.29028e-24 -1.11452)
(9.15568 -2.26636e-24 -0.918194)
(10.0424 -1.59614e-18 6.67751)
(9.85045 -1.852e-19 5.91334)
(10.217 2.11395e-18 5.11992)
(11.0298 -8.30847e-20 3.76314)
(12.1597 9.41214e-20 1.71454)
(13.1828 0 -0.663252)
(13.7671 0 -2.97564)
(13.9703 -4.80852e-22 -4.9383)
(13.8711 1.26065e-21 -6.40611)
(13.5558 -3.01809e-19 -7.36411)
(13.1063 2.97964e-19 -7.86936)
(12.5911 -2.67196e-20 -8.00866)
(12.0605 2.19867e-20 -7.87288)
(11.5487 3.70597e-20 -7.54367)
(11.0773 0 -7.08795)
(10.6587 1.04879e-21 -6.55756)
(10.2981 6.77361e-21 -5.99107)
(9.9961 2.27887e-21 -5.41634)
(9.75027 1.33749e-21 -4.853)
(9.55622 -2.46141e-21 -4.3144)
(9.40853 1.92831e-21 -3.80913)
(9.30126 -4.17894e-23 -3.34214)
(9.22837 -5.33525e-22 -2.91563)
(9.18397 0 -2.52971)
(9.16248 1.7776e-23 -2.183)
(9.15879 -1.78617e-23 -1.87308)
(9.16829 -8.38917e-23 -1.59686)
(9.18697 2.43356e-24 -1.3509)
(9.21128 1.13418e-23 -1.13158)
(9.24429 2.20587e-24 -0.935198)
(15.2771 -1.86917e-18 7.96207)
(15.2761 -1.58833e-18 6.59316)
(15.5345 1.61736e-18 5.11233)
(16.0873 0 3.35843)
(16.7555 0 1.25834)
(17.1121 0 -0.960414)
(17.1297 0 -3.01797)
(16.8374 -7.07514e-19 -4.72732)
(16.2954 7.01884e-19 -6.00365)
(15.5901 0 -6.84767)
(14.804 -4.30031e-20 -7.30663)
(14.0029 1.38544e-19 -7.44936)
(13.2332 -1.12376e-19 -7.34943)
(12.5241 -1.75176e-20 -7.07442)
(11.8913 0 -6.68102)
(11.3412 -1.16449e-20 -6.2142)
(10.8736 0 -5.70828)
(10.4842 1.07562e-20 -5.18878)
(10.1667 -4.42524e-22 -4.67422)
(9.91332 1.07357e-21 -4.17763)
(9.7162 -1.09191e-21 -3.70777)
(9.56741 0 -3.27001)
(9.45936 3.2012e-23 -2.86712)
(9.385 -3.231e-23 -2.49983)
(9.33786 0 -2.1674)
(9.31215 -1.28109e-23 -1.86805)
(9.30275 9.88068e-23 -1.59929)
(9.30523 2.30443e-23 -1.35822)
(9.31578 1.20068e-24 -1.14175)
(9.33455 -3.97743e-24 -0.94663)
(17.367 0 7.77965)
(17.8733 -1.12292e-18 6.35955)
(18.3892 1.19637e-18 4.71789)
(18.8833 -1.49705e-18 2.87418)
(19.2412 1.54911e-18 0.913234)
(19.2768 0 -1.00627)
(18.9997 6.44826e-19 -2.73916)
(18.4402 -5.38687e-20 -4.18874)
(17.6659 -1.06933e-18 -5.30163)
(16.7639 4.8866e-19 -6.07085)
(15.8122 5.06758e-20 -6.52385)
(14.8719 -4.32876e-20 -6.70774)
(13.9849 -1.73827e-20 -6.67698)
(13.1769 0 -6.48445)
(12.4607 0 -6.17671)
(11.8397 0 -5.79237)
(11.3116 0 -5.36217)
(10.8703 -7.26039e-21 -4.90993)
(10.5079 -2.92931e-21 -4.4537)
(10.2155 2.30996e-21 -4.00673)
(9.98431 4.15137e-22 -3.57833)
(9.8055 -4.20715e-22 -3.17467)
(9.67091 0 -2.79931)
(9.573 -2.41972e-23 -2.45384)
(9.50495 3.59825e-22 -2.13834)
(9.46068 1.2305e-22 -1.85176)
(9.43487 0 -1.59231)
(9.42293 -2.92715e-23 -1.35773)
(9.42096 -2.68457e-23 -1.14545)
(9.42646 -7.96783e-25 -0.952749)
(17.8385 2.47498e-18 6.71064)
(18.5767 -1.37167e-18 5.51566)
(19.2284 -3.3477e-20 4.06872)
(19.7046 3.83652e-20 2.46426)
(19.935 -2.10146e-20 0.816403)
(19.8477 3.95467e-21 -0.775216)
(19.4742 5.8593e-22 -2.23011)
(18.8572 4.79164e-19 -3.47881)
(18.0579 -5.70908e-20 -4.47281)
(17.1492 -2.10617e-19 -5.19659)
(16.1976 -2.11547e-19 -5.66226)
(15.2571 -1.38169e-19 -5.89958)
(14.3662 1.6029e-19 -5.94676)
(13.5495 1.32506e-20 -5.84361)
(12.8199 -1.01966e-20 -5.62738)
(12.1818 4.93289e-20 -5.33068)
(11.6341 -1.82832e-20 -4.98085)
(11.1716 -6.58596e-21 -4.60012)
(10.7874 0 -4.20605)
(10.4732 -2.26622e-21 -3.8121)
(10.2205 -8.05528e-22 -3.42819)
(10.0211 -6.06279e-22 -3.06127)
(9.86696 0 -2.71579)
(9.75063 -4.34773e-22 -2.39421)
(9.66543 3.18258e-24 -2.09745)
(9.60536 -1.19972e-22 -1.82527)
(9.56515 0 -1.5766)
(9.54022 0 -1.34979)
(9.52671 -8.37351e-25 -1.14286)
(9.51976 4.54981e-24 -0.953562)
(17.5509 0 5.62076)
(18.2916 -6.41838e-19 4.67459)
(18.9317 6.39905e-19 3.50241)
(19.3617 0 2.18522)
(19.5307 -9.1154e-19 0.82349)
(19.4325 8.79556e-19 -0.503313)
(19.0904 0 -1.73154)
(18.5435 3.83586e-19 -2.80742)
(17.8389 -3.73375e-19 -3.69228)
(17.0321 -1.16022e-20 -4.36851)
(16.1769 1.24348e-19 -4.83812)
(15.3193 -1.25069e-19 -5.11734)
(14.4944 -6.7459e-20 -5.23088)
(13.7263 4.13729e-20 -5.20708)
(13.0294 -4.0314e-20 -5.07453)
(12.4108 3.05251e-20 -4.85991)
(11.8718 0 -4.58689)
(11.4099 3.43458e-21 -4.27568)
(11.0204 0 -3.94296)
(10.6969 2.08557e-21 -3.60205)
(10.4324 1.69482e-21 -3.26318)
(10.2194 2.99631e-23 -2.93389)
(10.0509 7.8209e-22 -2.61936)
(9.92004 1.81022e-22 -2.32283)
(9.82059 -3.57708e-22 -2.046)
(9.74687 1.4849e-22 -1.7894)
(9.69383 9.11528e-23 -1.55263)
(9.65707 2.90256e-23 -1.33469)
(9.63289 3.05564e-23 -1.13412)
(9.61431 5.71882e-24 -0.949163)
(16.9906 0 4.68198)
(17.6225 0 3.92805)
(18.176 -9.52469e-21 2.99275)
(18.5505 -6.35845e-19 1.93129)
(18.7023 1.35742e-18 0.820834)
(18.6387 -1.39767e-18 -0.274064)
(18.3722 6.92789e-19 -1.30323)
(17.9324 0 -2.22553)
(17.355 0 -3.00899)
(16.6813 2.72662e-19 -3.63451)
(15.9532 -1.32368e-19 -4.0968)
(15.2084 -1.23117e-19 -4.40218)
(14.4778 1.37082e-20 -4.56511)
(13.7841 -4.14141e-20 -4.60478)
(13.1429 7.64892e-20 -4.54239)
(12.5633 -3.6073e-20 -4.39916)
(12.0495 0 -4.195)
(11.6019 5.11276e-22 -3.94772)
(11.2181 7.76711e-21 -3.67267)
(10.894 -1.00154e-22 -3.38258)
(10.6242 -6.73129e-23 -3.08761)
(10.403 1.33429e-21 -2.79557)
(10.2242 -5.28384e-22 -2.51212)
(10.082 0 -2.24113)
(9.97071 3.10644e-22 -1.98496)
(9.88518 -2.20232e-22 -1.74478)
(9.82074 -9.9803e-23 -1.52083)
(9.77325 5.30447e-24 -1.31268)
(9.73923 -1.62141e-23 -1.11939)
(9.70979 -5.57385e-24 -0.939644)
(16.3938 7.06111e-20 3.9054)
(16.8987 -2.72713e-19 3.29395)
(17.3511 -4.15833e-19 2.5473)
(17.6692 9.05222e-19 1.69812)
(17.8127 -4.94499e-19 0.798685)
(17.7845 -5.59122e-19 -0.102635)
(17.5916 2.64487e-19 -0.965468)
(17.2538 2.6176e-19 -1.75549)
(16.797 0 -2.44512)
(16.2511 -2.30138e-19 -3.01549)
(15.6477 3.3428e-19 -3.45775)
(15.0168 -1.04987e-19 -3.77212)
(14.3845 1.03588e-20 -3.96598)
(13.7719 0 -4.05159)
(13.1943 -4.90846e-20 -4.04403)
(12.6625 4.59124e-20 -3.95959)
(12.1825 -1.08277e-20 -3.81442)
(11.7571 -5.36062e-21 -3.6237)
(11.3861 -4.48944e-21 -3.40106)
(11.0675 -3.61121e-21 -3.15821)
(10.7978 1.39771e-22 -2.90488)
(10.5725 0 -2.64881)
(10.3869 0 -2.39591)
(10.2361 -1.72752e-22 -2.15043)
(10.1152 1.0014e-22 -1.91524)
(10.0196 1.7919e-22 -1.69203)
(9.9452 -8.45306e-24 -1.48161)
(9.88808 -1.85299e-23 -1.28403)
(9.84509 -3.43544e-25 -1.09881)
(9.80567 6.65874e-24 -0.925085)
(15.8446 1.89504e-19 3.28222)
(16.2411 -1.89081e-19 2.77791)
(16.6029 0 2.17426)
(16.8668 -3.63441e-19 1.48934)
(16.9978 -4.12964e-20 0.75719)
(16.9946 -2.96252e-20 0.0134735)
(16.8602 4.28635e-19 -0.709744)
(16.6062 7.6319e-21 -1.38418)
(16.2499 0 -1.98655)
(15.8129 -5.61162e-21 -2.49961)
(15.3185 8.87038e-20 -2.91312)
(14.7902 -2.92175e-21 -3.22365)
(14.2497 -1.87169e-20 -3.43373)
(13.7155 -1.04994e-19 -3.55046)
(13.2022 4.04285e-20 -3.58404)
(12.7209 -1.2245e-20 -3.54647)
(12.2788 9.34597e-21 -3.45046)
(11.8803 2.29126e-22 -3.30854)
(11.527 2.13433e-21 -3.1324)
(11.2185 0 -2.93252)
(10.9529 -1.3662e-21 -2.71788)
(10.7273 0 -2.49591)
(10.5381 -4.51914e-22 -2.27248)
(10.3814 0 -2.05205)
(10.253 -1.50011e-22 -1.83781)
(10.1493 0 -1.63188)
(10.0664 0 -1.43548)
(10.0009 0 -1.2491)
(9.94989 -1.53672e-23 -1.07268)
(9.90149 -1.26063e-23 -0.905717)
(15.3583 -7.28167e-20 2.78126)
(15.6704 -1.70261e-19 2.35904)
(15.9585 3.91122e-19 1.86314)
(16.175 -2.22196e-19 1.30385)
(16.2912 -9.85045e-22 0.703463)
(16.3029 7.39937e-22 0.0878602)
(16.2106 -7.14136e-22 -0.518557)
(16.0201 -4.73471e-21 -1.09314)
(15.7429 0 -1.61651)
(15.394 1.63728e-19 -2.07336)
(14.9905 -1.56906e-19 -2.4533)
(14.5506 -7.31396e-20 -2.75103)
(14.0917 7.19143e-20 -2.96601)
(13.6297 2.78272e-20 -3.10169)
(13.1778 -2.48543e-20 -3.16453)
(12.7467 0 -3.16303)
(12.344 9.35618e-21 -3.10684)
(11.975 -7.12332e-21 -3.00599)
(11.6426 1.75529e-21 -2.87024)
(11.3476 -1.48437e-21 -2.70866)
(11.0896 2.58248e-21 -2.52932)
(10.8669 4.80469e-22 -2.33909)
(10.6769 -4.54608e-22 -2.14363)
(10.5168 4.84176e-22 -1.94742)
(10.3833 -3.47689e-22 -1.7538)
(10.2732 5.87124e-23 -1.56517)
(10.1834 1.54734e-23 -1.38307)
(10.1108 -3.99969e-23 -1.20836)
(10.0528 1.49926e-23 -1.04129)
(9.99644 6.28838e-24 -0.881735)
(14.93 -3.94217e-22 2.37356)
(15.1779 0 2.01627)
(15.4084 -1.50824e-19 1.60363)
(15.5854 -3.95921e-20 1.14179)
(15.6861 3.06171e-19 0.645672)
(15.7051 -1.12657e-19 0.133796)
(15.6418 -4.08814e-21 -0.375577)
(15.4984 4.75959e-21 -0.864681)
(15.2822 -1.32282e-19 -1.31763)
(15.0033 1.30725e-19 -1.72123)
(14.6744 0 -2.06574)
(14.3091 5.68192e-20 -2.34511)
(13.9213 -6.03788e-20 -2.55699)
(13.5241 2.08499e-20 -2.70234)
(13.129 -2.67692e-20 -2.78484)
(12.746 0 -2.81022)
(12.3825 8.2101e-21 -2.78554)
(12.0442 6.49784e-22 -2.71858)
(11.7346 -8.84954e-21 -2.61727)
(11.4558 1.46125e-21 -2.48926)
(11.2081 -1.77351e-21 -2.34158)
(10.9909 4.60443e-22 -2.18046)
(10.8028 4.29901e-22 -2.01116)
(10.6417 2.92642e-23 -1.838)
(10.5052 0 -1.66438)
(10.3906 0 -1.49283)
(10.2954 0 -1.32511)
(10.2171 4.69203e-23 -1.16234)
(10.1533 1.53081e-23 -1.00508)
(10.0902 -1.29316e-24 -0.85348)
(14.5516 1.10213e-20 2.03814)
(14.7505 1.76634e-20 1.73354)
(14.9364 1.83639e-20 1.38676)
(15.0812 -4.66825e-20 1.00168)
(15.1671 0 0.588547)
(15.1889 -9.07403e-20 0.160701)
(15.1452 9.29805e-20 -0.268276)
(15.0366 0 -0.684671)
(14.8672 0 -1.07569)
(14.6439 0 -1.43024)
(14.3756 -4.62635e-20 -1.73956)
(14.0727 4.60171e-20 -1.99756)
(13.7458 -4.58375e-20 -2.20093)
(13.4058 4.60202e-20 -2.34904)
(13.0624 1.7991e-20 -2.44359)
(12.7243 -1.60259e-20 -2.48815)
(12.3986 -7.09094e-21 -2.48771)
(12.091 5.32822e-21 -2.44811)
(11.8054 0 -2.37562)
(11.5443 0 -2.27653)
(11.309 5.45294e-22 -2.15683)
(11.0997 -1.23606e-21 -2.02198)
(10.9157 7.34571e-22 -1.87678)
(10.7558 -4.54639e-22 -1.72528)
(10.6182 1.07237e-22 -1.57078)
(10.5009 0 -1.41586)
(10.4019 -1.34022e-23 -1.2624)
(10.3191 -3.01812e-23 -1.11171)
(10.2507 6.43741e-25 -0.964549)
(10.1819 -1.23202e-24 -0.821323)
(14.216 0 1.75947)
(14.3771 7.71208e-21 1.49836)
(14.5281 -3.12007e-20 1.20469)
(14.647 6.20742e-20 0.881047)
(14.7199 -3.86918e-20 0.534665)
(14.7417 9.35128e-22 0.175258)
(14.7115 -2.14422e-21 -0.187133)
(14.6286 0 -0.541973)
(14.4952 3.91599e-20 -0.879077)
(14.3159 -7.80255e-20 -1.18928)
(14.0968 3.61666e-20 -1.46496)
(13.8457 -3.4482e-20 -1.70037)
(13.5708 3.94602e-20 -1.89182)
(13.2806 -1.63217e-20 -2.03773)
(12.9833 1.80458e-20 -2.13844)
(12.6865 -1.70652e-20 -2.19595)
(12.3966 1.49478e-20 -2.21358)
(12.1189 0 -2.19558)
(11.8574 -5.70992e-22 -2.14677)
(11.615 0 -2.07219)
(11.3936 0 -1.97682)
(11.1938 -3.55023e-22 -1.86536)
(11.0158 0 -1.74206)
(10.8589 -9.41139e-23 -1.61063)
(10.7219 1.21694e-22 -1.47418)
(10.6036 3.36952e-23 -1.33524)
(10.5023 -9.25649e-24 -1.19573)
(10.4163 7.35932e-24 -1.05709)
(10.3444 -4.67726e-24 -0.92021)
(10.2711 5.96192e-24 -0.785697)
(13.9172 5.92524e-20 1.52585)
(14.049 -1.33131e-20 1.3011)
(14.1726 -1.38762e-20 1.05094)
(14.2708 4.38772e-21 0.777194)
(14.3324 0 0.485075)
(14.3532 -3.65735e-22 0.181674)
(14.3323 4.89001e-20 -0.125469)
(14.2686 -4.70083e-20 -0.428277)
(14.163 7.21931e-22 -0.718727)
(14.0185 0 -0.989349)
(13.8393 0 -1.23365)
(13.6311 2.96611e-20 -1.44644)
(13.4001 -2.70984e-20 -1.62402)
(13.153 1.30703e-20 -1.7643)
(12.8966 -2.54857e-20 -1.86674)
(12.6371 6.84591e-21 -1.93222)
(12.3803 4.07789e-21 -1.96278)
(12.131 -5.35659e-22 -1.9614)
(11.8932 5.62765e-22 -1.93166)
(11.6699 0 -1.87751)
(11.4632 7.11987e-22 -1.803)
(11.2742 -3.62526e-22 -1.71208)
(11.1036 0 -1.60844)
(10.9512 0 -1.49537)
(10.8165 0 -1.37576)
(10.6986 0 -1.25199)
(10.5963 -2.39774e-23 -1.12598)
(10.5085 -1.86753e-23 -0.999193)
(10.4341 -8.6887e-24 -0.872638)
(10.3574 -7.9529e-24 -0.747044)
(13.6506 4.77789e-20 1.32832)
(13.7592 2.38405e-20 1.13428)
(13.8613 -2.35303e-20 0.920236)
(13.943 0 0.687506)
(13.9953 0 0.439926)
(14.0147 0 0.182717)
(14.0004 -1.43359e-20 -0.0783696)
(13.9511 1.39876e-20 -0.337164)
(13.8671 -7.17361e-22 -0.587376)
(13.7503 0 -0.82297)
(13.6034 0 -1.03851)
(13.4305 -1.36209e-21 -1.22942)
(13.2364 -1.54779e-21 -1.39223)
(13.0264 -5.62689e-22 -1.52463)
(12.8056 -1.39646e-21 -1.62556)
(12.5796 1.29237e-21 -1.69513)
(12.3531 0 -1.73443)
(12.1305 5.28421e-22 -1.74544)
(11.9155 -1.59451e-21 -1.73074)
(11.711 2.01856e-22 -1.69334)
(11.5194 4.97115e-22 -1.63646)
(11.342 5.94187e-22 -1.56335)
(11.1799 2.08394e-22 -1.47712)
(11.0332 -2.94197e-22 -1.38067)
(10.902 0 -1.27658)
(10.7858 5.15205e-23 -1.16707)
(10.6838 -4.84066e-23 -1.05397)
(10.5953 0 -0.938724)
(10.5194 8.63404e-24 -0.822405)
(10.4405 1.93518e-24 -0.705827)
(13.4121 0 1.1599)
(13.5025 1.73691e-20 0.992026)
(13.5876 -1.75406e-20 0.808287)
(13.6561 0 0.609654)
(13.7008 0 0.398996)
(13.7188 0 0.180236)
(13.7092 -1.31158e-22 -0.0422698)
(13.671 9.11743e-21 -0.263775)
(13.6039 -8.95402e-21 -0.479343)
(13.5091 -1.33165e-20 -0.684123)
(13.3884 1.31729e-20 -0.873606)
(13.2448 5.66304e-22 -1.04386)
(13.0817 -7.99064e-21 -1.19171)
(12.9032 1.03097e-21 -1.31488)
(12.7135 7.41755e-21 -1.412)
(12.517 0 -1.48269)
(12.3179 0 -1.52737)
(12.1199 -2.83618e-21 -1.54726)
(11.9264 2.82537e-21 -1.54413)
(11.7403 0 -1.52021)
(11.5637 2.87713e-22 -1.47799)
(11.3984 0 -1.4201)
(11.2454 8.44037e-23 -1.34912)
(11.1055 8.4647e-23 -1.26753)
(10.9788 5.67338e-23 -1.1776)
(10.8653 -4.32538e-23 -1.08134)
(10.7647 4.71048e-23 -0.98047)
(10.6764 1.59483e-23 -0.876371)
(10.5999 0 -0.770118)
(10.5198 0 -0.662571)
(13.1988 0 1.01506)
(13.2748 -2.24089e-20 0.869644)
(13.3465 2.22683e-20 0.711567)
(13.4044 -1.26521e-20 0.541556)
(13.4429 1.26031e-20 0.361789)
(13.4595 -4.19037e-21 0.175242)
(13.4535 4.74318e-21 -0.014748)
(13.4239 -2.99096e-21 -0.204525)
(13.3702 7.32587e-21 -0.390216)
(13.293 -8.41673e-21 -0.567934)
(13.1937 3.36479e-21 -0.733976)
(13.0742 -1.0217e-22 -0.885004)
(12.937 3.8824e-22 -1.01821)
(12.7854 -3.92613e-22 -1.13142)
(12.6226 0 -1.22318)
(12.4521 2.43104e-21 -1.29278)
(12.2775 -2.41718e-21 -1.34021)
(12.102 1.05918e-21 -1.36609)
(11.9285 -9.36913e-23 -1.37158)
(11.7598 -8.58435e-22 -1.35829)
(11.5979 4.60762e-22 -1.32808)
(11.4446 -3.72398e-22 -1.28303)
(11.3012 -8.27749e-23 -1.22524)
(11.1686 5.40206e-23 -1.1568)
(11.0472 -5.55535e-23 -1.07967)
(10.9373 3.49547e-23 -0.995618)
(10.8389 -8.15558e-24 -0.906214)
(10.7517 -1.3033e-23 -0.812758)
(10.6755 1.50292e-24 -0.71629)
(10.595 -1.49391e-24 -0.617686)
(13.0081 -1.56351e-20 0.889362)
(13.0726 1.50184e-20 0.763376)
(13.1335 0 0.627223)
(13.1831 0 0.481467)
(13.2166 3.3923e-23 0.327775)
(13.232 3.3174e-24 0.168431)
(13.2287 0 0.00600401)
(13.2058 0 -0.156675)
(13.1628 2.8163e-22 -0.31656)
(13.1 -2.7794e-22 -0.470541)
(13.0181 8.01674e-23 -0.615592)
(12.9184 1.29678e-22 -0.748914)
(12.8031 0 -0.86806)
(12.6742 1.4998e-21 -0.971048)
(12.5345 -1.48839e-21 -1.05643)
(12.3868 1.65265e-21 -1.12333)
(12.2339 -3.09212e-23 -1.17142)
(12.0786 -7.2472e-22 -1.20095)
(11.9236 -7.95655e-22 -1.2126)
(11.7711 -9.60577e-23 -1.20746)
(11.6233 -8.52329e-23 -1.18692)
(11.4819 -2.88548e-22 -1.15255)
(11.3482 2.34605e-22 -1.10605)
(11.2232 -3.3596e-23 -1.04913)
(11.1077 -3.39101e-23 -0.983442)
(11.0021 7.33574e-23 -0.910537)
(10.9065 -3.98235e-23 -0.831801)
(10.8211 -8.9874e-26 -0.748432)
(10.7458 -3.68372e-24 -0.661414)
(10.6658 0 -0.571611)
(12.8379 2.64363e-22 0.779235)
(12.8932 2.32183e-22 0.670166)
(12.9456 -1.28754e-20 0.552902)
(12.9885 1.25705e-20 0.427884)
(13.018 -3.34468e-23 0.296402)
(13.0325 -7.01406e-21 0.160217)
(13.0314 6.95933e-21 0.0213221)
(13.0139 -4.34431e-23 -0.118079)
(12.9795 0 -0.255587)
(12.9282 0 -0.388715)
(12.8605 5.89601e-22 -0.515001)
(12.7773 -6.45636e-22 -0.632114)
(12.6801 0 -0.73796)
(12.5705 0 -0.83077)
(12.4505 1.79348e-23 -0.909171)
(12.3225 -4.63009e-23 -0.972223)
(12.1888 3.31199e-23 -1.01944)
(12.0516 3.18255e-22 -1.05076)
(11.9133 -3.18199e-22 -1.06653)
(11.776 0 -1.06747)
(11.6415 0 -1.05454)
(11.5115 5.17724e-23 -1.02893)
(11.3874 0 -0.991967)
(11.2702 -1.89488e-23 -0.945029)
(11.1609 0 -0.889496)
(11.0599 -1.25979e-23 -0.826689)
(10.9678 0 -0.757824)
(10.8848 6.49861e-24 -0.68398)
(10.8111 -3.80318e-24 -0.606061)
(10.7323 1.02821e-24 -0.524881)
(12.6861 -1.9879e-20 0.681734)
(12.7341 -1.59744e-20 0.587499)
(12.7797 1.60767e-20 0.48664)
(12.8174 0 0.379505)
(12.8437 -9.38654e-23 0.267101)
(12.8574 -8.81678e-21 0.150795)
(12.858 8.75647e-21 0.0321432)
(12.8448 7.1367e-23 -0.0871333)
(12.8174 -4.55824e-21 -0.20514)
(12.7755 4.50658e-21 -0.319892)
(12.7195 -1.23279e-21 -0.429392)
(12.65 1.25365e-21 -0.531715)
(12.5679 0 -0.625087)
(12.4746 0 -0.707962)
(12.3716 8.35997e-24 -0.779079)
(12.2606 -4.60381e-23 -0.837505)
(12.1437 -3.25943e-23 -0.882658)
(12.0226 -1.22587e-22 -0.914309)
(11.8994 1.19503e-22 -0.932561)
(11.7759 0 -0.937823)
(11.6538 8.66742e-23 -0.930755)
(11.5346 -8.61541e-23 -0.912222)
(11.4198 0 -0.883232)
(11.3103 5.30033e-24 -0.84488)
(11.2073 0 -0.798293)
(11.1113 -2.05508e-24 -0.744574)
(11.023 2.82342e-24 -0.684767)
(10.9428 -6.45881e-24 -0.619817)
(10.871 3.28513e-24 -0.550541)
(10.7938 0 -0.477702)
(12.5515 1.24239e-21 0.594538)
(12.5936 9.41809e-21 0.513411)
(12.6338 -7.59633e-21 0.426923)
(12.6673 1.42744e-20 0.335352)
(12.6911 -6.59563e-21 0.239484)
(12.7043 5.09259e-21 0.140385)
(12.7063 -5.10431e-21 0.0392719)
(12.6967 -2.81156e-23 -0.0625042)
(12.6749 0 -0.163446)
(12.6407 4.87639e-23 -0.261967)
(12.5943 0 -0.356449)
(12.5361 -1.5881e-21 -0.445309)
(12.4666 3.53803e-22 -0.527059)
(12.387 1.20698e-21 -0.600366)
(12.2983 3.13495e-22 -0.664104)
(12.202 -2.91677e-22 -0.717392)
(12.0996 0 -0.759617)
(11.9927 1.14143e-24 -0.790447)
(11.8829 9.84643e-24 -0.809823)
(11.7719 0 -0.817942)
(11.6611 4.5612e-24 -0.815227)
(11.5521 -6.0903e-24 -0.802284)
(11.446 -1.56059e-24 -0.779866)
(11.3441 2.39712e-24 -0.748822)
(11.2473 0 -0.710052)
(11.1564 2.01124e-24 -0.664464)
(11.0722 1.73551e-24 -0.612939)
(10.995 0 -0.556291)
(10.9256 -1.37404e-24 -0.495247)
(10.8506 -1.13949e-24 -0.430498)
(12.433 9.5172e-21 0.515534)
(12.4705 -9.87836e-21 0.44608)
(12.5064 -8.03303e-21 0.372291)
(12.5366 7.84893e-21 0.294392)
(12.5585 -6.45289e-21 0.212999)
(12.5713 6.40419e-21 0.128947)
(12.5745 -2.19901e-23 0.0431951)
(12.5678 0 -0.0432018)
(12.5506 0 -0.129058)
(12.5228 -1.88675e-23 -0.213109)
(12.4842 0 -0.294053)
(12.4352 0 -0.3706)
(12.3762 0 -0.441516)
(12.308 -7.17042e-22 -0.505671)
(12.2314 7.64629e-22 -0.562081)
(12.1475 4.54309e-22 -0.609941)
(12.0576 -4.74902e-22 -0.648649)
(11.963 0 -0.677821)
(11.8651 1.03944e-22 -0.697293)
(11.7652 -1.12675e-22 -0.707112)
(11.6648 4.21837e-23 -0.707518)
(11.5651 -3.2694e-23 -0.69892)
(11.4673 0 -0.68186)
(11.3726 -3.31759e-24 -0.656984)
(11.2819 4.51426e-24 -0.624998)
(11.1961 5.70293e-24 -0.58664)
(11.1159 -1.27956e-24 -0.542641)
(11.042 0 -0.493696)
(10.9751 0 -0.440438)
(10.9023 1.11307e-24 -0.383482)
(12.3289 -4.94949e-21 0.443145)
(12.3627 5.05268e-21 0.384182)
(12.3951 4.11163e-21 0.321728)
(12.4226 -4.02726e-21 0.255962)
(12.4429 5.79174e-23 0.187369)
(12.4554 4.85395e-23 0.116606)
(12.4596 2.15823e-23 0.0444181)
(12.4553 -2.43469e-21 -0.0283621)
(12.4419 2.41262e-21 -0.1008)
(12.4192 1.81245e-21 -0.171894)
(12.3871 -1.86672e-21 -0.240602)
(12.3458 0 -0.30588)
(12.2956 4.30977e-23 -0.366714)
(12.237 -1.02101e-21 -0.422159)
(12.1706 9.58199e-22 -0.471371)
(12.0974 0 -0.513635)
(12.0183 0 -0.548391)
(11.9344 2.5689e-22 -0.575243)
(11.8468 -2.35957e-22 -0.593971)
(11.7568 0 -0.604525)
(11.6656 5.123e-23 -0.607014)
(11.5743 -6.41195e-23 -0.601696)
(11.484 -7.18222e-24 -0.58895)
(11.3959 1.29403e-23 -0.569251)
(11.3109 -1.39192e-23 -0.543146)
(11.23 0 -0.511219)
(11.1539 1.45513e-24 -0.474067)
(11.0833 -3.2261e-24 -0.432268)
(11.0191 1.60971e-25 -0.386362)
(10.949 3.4252e-25 -0.33689)
(12.2385 1.0444e-20 0.37608)
(12.2693 -9.72189e-21 0.326634)
(12.299 8.99167e-21 0.274398)
(12.3244 -8.13732e-21 0.219513)
(12.3436 3.85088e-21 0.162358)
(12.3559 3.26044e-21 0.103444)
(12.361 -3.26085e-21 0.0433504)
(12.3585 -2.63384e-21 -0.0172695)
(12.3482 4.94273e-21 -0.0776827)
(12.3298 -4.37101e-21 -0.137098)
(12.303 2.57673e-22 -0.194687)
(12.268 1.80076e-21 -0.249613)
(12.225 -4.23131e-23 -0.301051)
(12.1744 0 -0.348223)
(12.1166 0 -0.390418)
(12.0523 0 -0.427019)
(11.9823 0 -0.457523)
(11.9075 -1.8551e-23 -0.481551)
(11.8289 -1.32341e-22 -0.498861)
(11.7475 1.31202e-22 -0.509348)
(11.6644 -1.41637e-23 -0.513038)
(11.5805 1.17912e-23 -0.510079)
(11.4971 -2.36943e-23 -0.500728)
(11.4151 3.0466e-23 -0.485332)
(11.3354 -4.37527e-24 -0.464304)
(11.2589 6.91799e-24 -0.438098)
(11.1866 -9.68656e-24 -0.40719)
(11.1192 2.77914e-24 -0.372049)
(11.0574 9.65583e-25 -0.333122)
(10.9898 -3.34352e-25 -0.290864)
(12.162 -1.21465e-22 0.313015)
(12.1905 1.52075e-22 0.272303)
(12.2181 -7.16946e-23 0.229386)
(12.2419 -6.40854e-23 0.184379)
(12.2602 3.06131e-23 0.137575)
(12.2724 0 0.0893676)
(12.2782 2.43629e-23 0.0402055)
(12.2775 -1.16874e-23 -0.00940503)
(12.2697 -5.28002e-24 -0.0588953)
(12.2546 -1.11782e-21 -0.107648)
(12.2322 1.04011e-22 -0.155015)
(12.2023 9.82779e-22 -0.200333)
(12.1652 -1.34098e-23 -0.242947)
(12.121 0 -0.282226)
(12.0702 5.68493e-22 -0.317587)
(12.0133 -5.83769e-22 -0.348514)
(11.9509 0 -0.374572)
(11.8838 -2.02414e-22 -0.395418)
(11.8127 1.75458e-22 -0.410815)
(11.7386 -1.26454e-22 -0.42063)
(11.6625 1.49115e-22 -0.424837)
(11.5852 -6.64007e-23 -0.423508)
(11.5077 8.65379e-23 -0.416808)
(11.431 -3.88662e-23 -0.404978)
(11.3561 0 -0.388323)
(11.2838 0 -0.367189)
(11.2151 1.64083e-24 -0.341948)
(11.1506 -1.00321e-24 -0.312978)
(11.0914 5.91412e-25 -0.280643)
(11.0262 0 -0.245326)
(12.0972 4.03036e-23 0.253054)
(12.1239 -7.55468e-23 0.220447)
(12.1499 2.27896e-21 0.18614)
(12.1724 -2.15556e-21 0.150219)
(12.19 1.8569e-21 0.112909)
(12.2021 -1.87083e-21 0.0745064)
(12.2086 0 0.0353522)
(12.209 1.14511e-23 -0.00416893)
(12.2032 1.06316e-23 -0.0436252)
(12.1909 -1.17507e-21 -0.0825451)
(12.1718 1.17272e-21 -0.120431)
(12.1461 -9.40585e-22 -0.15677)
(12.1137 1.02337e-22 -0.191052)
(12.0748 1.55224e-21 -0.222781)
(12.0297 -1.37042e-21 -0.251494)
(11.9788 9.26404e-22 -0.27677)
(11.9226 -2.81133e-22 -0.298251)
(11.8618 1.33272e-23 -0.315643)
(11.797 1.8228e-22 -0.328731)
(11.729 -1.91955e-22 -0.337381)
(11.6587 -9.53291e-24 -0.341537)
(11.5869 1.50164e-23 -0.341227)
(11.5145 0 -0.336549)
(11.4425 5.52282e-24 -0.327668)
(11.3718 2.21378e-24 -0.314804)
(11.3031 -5.51861e-24 -0.298214)
(11.2375 4.21841e-25 -0.27818)
(11.1758 3.7644e-24 -0.254995)
(11.1187 -7.19445e-25 -0.228948)
(11.0559 1.39928e-25 -0.200347)
(12.0459 -1.32959e-21 0.195165)
(12.0712 0 0.170199)
(12.0959 0 0.14397)
(12.1176 -4.95204e-23 0.116543)
(12.1347 0 0.0880821)
(12.1468 0 0.0588048)
(12.1538 0 0.0289598)
(12.1553 0 -0.00116972)
(12.151 2.14805e-25 -0.0312663)
(12.1408 0 -0.0609817)
(12.1245 5.48206e-22 -0.0899478)
(12.1019 -5.4476e-22 -0.117785)
(12.0732 6.98183e-24 -0.144111)
(12.0384 1.24072e-23 -0.168554)
(11.9977 3.62683e-22 -0.190762)
(11.9516 -3.42613e-22 -0.21041)
(11.9003 9.15173e-24 -0.227218)
(11.8445 -2.40191e-22 -0.240952)
(11.7847 2.35838e-22 -0.25143)
(11.7217 0 -0.258534)
(11.6561 -6.41321e-23 -0.262201)
(11.5888 6.49114e-23 -0.262433)
(11.5207 2.56897e-23 -0.259284)
(11.4525 -3.08582e-23 -0.252862)
(11.3852 -1.8697e-23 -0.243318)
(11.3196 2.44956e-23 -0.230834)
(11.2566 -4.9621e-24 -0.215619)
(11.1971 -3.67623e-25 -0.19789)
(11.142 1.25214e-24 -0.177869)
(11.0811 1.46743e-26 -0.155797)
(12.0069 -6.46738e-22 0.138848)
(12.0313 6.20792e-22 0.121171)
(12.0551 -1.78114e-23 0.102624)
(12.0761 3.30177e-23 0.0832511)
(12.0929 -1.54744e-23 0.0631622)
(12.105 0 0.0425067)
(12.1123 6.633e-24 0.0214528)
(12.1146 0 0.000192688)
(12.1115 -5.43979e-24 -0.0210546)
(12.1028 0 -0.042047)
(12.0885 -5.60035e-22 -0.0625287)
(12.0683 5.18133e-23 -0.0822362)
(12.0422 4.7e-23 -0.100904)
(12.0105 8.49718e-22 -0.118272)
(11.9731 -4.06468e-22 -0.134093)
(11.9305 -1.64313e-22 -0.148138)
(11.8829 1.4853e-22 -0.160205)
(11.8308 -1.14387e-22 -0.170124)
(11.7748 2.17659e-23 -0.177762)
(11.7155 1.05205e-22 -0.183023)
(11.6535 -3.91014e-23 -0.185856)
(11.5896 3.87419e-23 -0.18625)
(11.5247 2.75069e-23 -0.184235)
(11.4595 -2.72483e-23 -0.179876)
(11.3948 0 -0.173271)
(11.3316 -2.8409e-24 -0.164543)
(11.2708 -7.31283e-25 -0.153834)
(11.2131 -8.7766e-25 -0.141299)
(11.1595 0 -0.127099)
(11.1002 -1.13999e-26 -0.11142)
(11.9798 -3.04618e-22 0.082554)
(12.0035 0 0.0720144)
(12.0268 2.62168e-23 0.0609704)
(12.0474 -8.06404e-24 0.0494384)
(12.0639 2.27864e-23 0.037486)
(12.076 0 0.0252041)
(12.0835 -6.48594e-24 0.0126952)
(12.0862 3.0282e-24 7.42013e-05)
(12.0838 0 -0.0125346)
(12.0761 0 -0.0249948)
(12.0629 -2.81651e-22 -0.0371591)
(12.0441 2.78983e-22 -0.0488739)
(12.0197 -2.29116e-22 -0.0599831)
(11.9897 2.31997e-22 -0.0703334)
(11.9544 -1.84442e-22 -0.079778)
(11.9139 1.83791e-22 -0.0881806)
(11.8686 2.39146e-24 -0.0954199)
(11.8188 0 -0.101392)
(11.7652 1.83896e-24 -0.106015)
(11.7083 0 -0.109229)
(11.6486 0 -0.110998)
(11.587 0 -0.111314)
(11.5242 -9.83522e-25 -0.110189)
(11.461 8.1283e-25 -0.107659)
(11.3983 -5.28301e-24 -0.103778)
(11.3368 9.06958e-24 -0.0986178)
(11.2775 -3.61888e-24 -0.0922612)
(11.2212 4.84931e-25 -0.0848023)
(11.1688 8.53781e-25 -0.0763456)
(11.1108 -1.28257e-25 -0.0670342)
(11.8552 1.52702e-22 0.0272087)
(11.8779 -2.95011e-22 0.0236586)
(11.9002 1.3373e-22 0.0199455)
(11.9199 -8.06847e-24 0.0160729)
(11.9356 1.09429e-22 0.0120668)
(11.9471 -1.1582e-22 0.00796204)
(11.954 0 0.00379826)
(11.9563 -2.97384e-24 -0.000382655)
(11.9538 -8.45139e-23 -0.00454431)
(11.9461 6.55614e-24 -0.00864914)
(11.9331 7.64311e-23 -0.0126539)
(11.9148 0 -0.0165114)
(11.8911 0 -0.0201726)
(11.862 -1.67036e-24 -0.0235885)
(11.8277 1.49351e-24 -0.0267114)
(11.7884 2.65731e-24 -0.0294962)
(11.7444 -2.35134e-24 -0.0319019)
(11.6961 0 -0.0338925)
(11.644 -1.80819e-24 -0.0354389)
(11.5886 0 -0.0365194)
(11.5305 1.01823e-23 -0.0371202)
(11.4705 -1.46225e-24 -0.0372358)
(11.4092 -3.97754e-24 -0.036869)
(11.3475 -4.36316e-24 -0.0360302)
(11.2861 -1.69382e-24 -0.0347367)
(11.2259 2.31467e-24 -0.0330118)
(11.1678 -3.68174e-25 -0.0308836)
(11.1126 -1.86546e-25 -0.0283851)
(11.0611 1.51703e-25 -0.0255536)
(11.004 3.24317e-26 -0.0224654)
)
;

boundaryField
{
    inlet
    {
        type            fixedValue;
        value           uniform (10 0 0);
    }
    outlet
    {
        type            zeroGradient;
    }
    flap
    {
        type            movingWallVelocity;
        value           nonuniform List<vector> 
33
(
(0.00207397 -2.77556e-15 0.00241329)
(0.0099779 2.77556e-15 0.00718426)
(0.0253248 -2.77556e-15 0.0119828)
(0.0497135 -5.55112e-15 0.0164811)
(0.0830462 -2.77556e-15 0.018088)
(0.117539 0 0.0154095)
(0.147111 0 0.0111336)
(0.173294 -2.77556e-15 0.00660245)
(0.196951 -2.77556e-15 0.000459473)
(0.214354 2.77556e-15 -0.00691947)
(0.224107 4.05123e-24 -0.0122255)
(0.23279 -2.77556e-15 -0.0134879)
(0.245284 2.77556e-15 -0.0125159)
(0.259514 -2.77556e-15 -0.0114553)
(0.273856 0 -0.0107239)
(0.281194 2.77556e-15 -0.0146111)
(0.28126 0 -0.0224272)
(0.28138 2.77556e-15 -0.0302661)
(0.00195141 -8.00368e-35 -0.00319847)
(0.00905195 -2.77556e-15 -0.00975804)
(0.0230123 -2.77556e-15 -0.0169129)
(0.0461053 -5.55112e-15 -0.0245443)
(0.0787336 2.77556e-15 -0.0300673)
(0.113488 0 -0.0314644)
(0.144225 4.38404e-23 -0.0312346)
(0.171798 2.77556e-15 -0.0314253)
(0.196441 2.58291e-23 -0.0306947)
(0.214602 -2.77556e-15 -0.0286206)
(0.224845 0 -0.0280211)
(0.233298 -2.77556e-15 -0.0301509)
(0.24519 0 -0.0325814)
(0.259243 -2.77556e-15 -0.0336401)
(0.273901 -6.22758e-24 -0.0338159)
)
;
    }
    upperWall
    {
        type            noSlip;
    }
    lowerWall
    {
        type            noSlip;
    }
    frontAndBack
    {
        type            empty;
    }
}


// ************************************************************************* //
