/*--------------------------------*- C++ -*----------------------------------*\
| =========                 |                                                 |
| \\      /  F ield         | OpenFOAM: The Open Source CFD Toolbox           |
|  \\    /   O peration     | Version:  2012                                  |
|   \\  /    A nd           | Website:  www.openfoam.com                      |
|    \\/     M anipulation  |                                                 |
\*---------------------------------------------------------------------------*/
FoamFile
{
    version     2.0;
    format      ascii;
    class       surfaceScalarField;
    location    "0.2";
    object      meshPhi;
}
// * * * * * * * * * * * * * * * * * * * * * * * * * * * * * * * * * * * * * //

dimensions      [0 3 -1 0 0 0 0];
oriented        oriented;


internalField   nonuniform List<scalar> 
5457
(
3.35099e-07
5.61202e-09
7.8099e-07
1.84024e-08
1.50184e-06
3.73029e-08
2.71277e-06
6.85249e-08
4.71299e-06
1.20377e-07
7.92197e-06
2.0444e-07
1.29101e-05
3.36684e-07
2.04227e-05
5.38407e-07
3.13907e-05
8.36868e-07
4.69202e-05
1.2654e-06
6.82515e-05
1.8627e-06
9.66766e-05
2.67094e-06
0.000133406
3.73244e-06
0.000179381
5.08493e-06
0.000235034
6.75588e-06
0.000300011
8.75757e-06
0.000372894
1.1086e-05
0.000450972
1.37279e-05
0.000530118
1.66817e-05
0.000604858
1.99947e-05
0.000668663
2.38168e-05
0.000714503
2.84572e-05
0.000735593
3.4424e-05
0.000726254
4.24136e-05
0.00068276
5.32255e-05
0.000604214
6.75935e-05
0.000493995
8.59181e-05
0.000363359
0.000107739
0.000242021
0.000130237
0.000154361
3.148e-07
1.08447e-08
7.37707e-07
3.56245e-08
1.42555e-06
7.23723e-08
2.58613e-06
1.33204e-07
4.51142e-06
2.34403e-07
7.61297e-06
3.98724e-07
1.24534e-05
6.57603e-07
1.97717e-05
1.05301e-06
3.04968e-05
1.63874e-06
4.57402e-05
2.48062e-06
6.676e-05
3.65514e-06
9.48838e-05
5.2457e-06
0.000131382
7.33602e-06
0.000177288
1.00004e-05
0.000233159
1.32918e-05
0.000298808
1.72315e-05
0.00037302
2.18041e-05
0.000453314
2.697e-05
0.000535826
3.27023e-05
0.000615356
3.90585e-05
0.000685669
4.62843e-05
0.00074005
5.49271e-05
0.000772086
6.59129e-05
0.000776588
8.05152e-05
0.00075053
0.000100143
0.000694068
0.000125893
0.000612109
0.000157813
0.000517629
0.00019376
0.000438243
0.000227788
0.000251301
2.99078e-07
1.5732e-08
7.04242e-07
5.17589e-08
1.36662e-06
1.05336e-07
2.48872e-06
1.94149e-07
4.35745e-06
3.42047e-07
7.37948e-06
5.82415e-07
1.21138e-05
9.61393e-07
1.92992e-05
1.54059e-06
2.98709e-05
2.39892e-06
4.49582e-05
3.63291e-06
6.58547e-05
5.35455e-06
9.39498e-05
7.6857e-06
0.000130612
1.07481e-05
0.00017702
1.46484e-05
0.000233934
1.94601e-05
0.000301436
2.52056e-05
0.000378654
3.18466e-05
0.000463522
3.92968e-05
0.000552661
4.74701e-05
0.000641413
5.63803e-05
0.000724128
6.62884e-05
0.000794697
7.78711e-05
0.000847323
9.23404e-05
0.00087744
0.000111405
0.000882667
0.000136942
0.000863768
0.000170277
0.00082586
0.000210988
0.000780267
0.000255222
0.00074669
0.000293998
0.000316869
2.90854e-07
2.03557e-08
6.86632e-07
6.70369e-08
1.33571e-06
1.36564e-07
2.43832e-06
2.51866e-07
4.27963e-06
4.43911e-07
7.26569e-06
7.56053e-07
1.19574e-05
1.24816e-06
1.91004e-05
2.00006e-06
2.96452e-05
3.11378e-06
4.47508e-05
4.7138e-06
6.57618e-05
6.94401e-06
9.41504e-05
9.96011e-06
0.000131412
1.39161e-05
0.000178909
1.89446e-05
0.000237663
2.51314e-05
0.000308102
3.249e-05
0.0003898
4.0945e-05
0.000481252
5.03409e-05
0.000579741
6.04959e-05
0.000681368
7.13181e-05
0.000781302
8.29882e-05
0.000874249
9.61773e-05
0.00095513
0.000112219
0.00101987
0.0001331
0.00106615
0.000161084
0.00109404
0.000197813
0.00110649
0.000242802
0.00110971
0.000291394
0.00111347
0.000333028
0.00035827
2.8369e-07
2.46981e-08
6.71101e-07
8.13824e-08
1.30851e-06
1.65859e-07
2.39442e-06
3.05924e-07
4.21303e-06
5.39124e-07
7.171e-06
9.17972e-07
1.18331e-05
1.51485e-06
1.89548e-05
2.42601e-06
2.9507e-05
3.77413e-06
4.46856e-05
5.70817e-06
6.58974e-05
8.39939e-06
9.47136e-05
1.20316e-05
0.00013278
1.67843e-05
0.000181679
2.28079e-05
0.000242734
3.01915e-05
0.000316785
3.89293e-05
0.000403932
4.88953e-05
0.000503328
5.98444e-05
0.00061304
7.14631e-05
0.000730068
8.34925e-05
0.000850535
9.59311e-05
0.000970075
0.000109293
0.00108434
0.000124841
0.00118956
0.000144644
0.00128289
0.000171253
0.00136256
0.000206759
0.00142769
0.000251091
0.00147822
0.000299621
0.00151534
0.000341122
0.000365867
2.77439e-07
2.87476e-08
6.57452e-07
9.47447e-08
1.28463e-06
1.93084e-07
2.35617e-06
3.56009e-07
4.15585e-06
6.27032e-07
7.09171e-06
1.06689e-06
1.17336e-05
1.75909e-06
1.88488e-05
2.8143e-06
2.94312e-05
4.37293e-06
4.47177e-05
6.60455e-06
6.61836e-05
9.70267e-06
9.55083e-05
1.38729e-05
0.000134501
1.93128e-05
0.000184978
2.61822e-05
0.000248592
3.4565e-05
0.00032662
4.44274e-05
0.000419727
5.55823e-05
0.000527763
6.76799e-05
0.00064963
8.02485e-05
0.000783267
9.28102e-05
0.000925801
0.000105089
0.00107381
0.00011729
0.00122365
0.000130392
0.00137169
0.000146306
0.00151421
0.000167676
0.00164687
0.00019706
0.00176395
0.000235208
0.00185814
0.000278387
0.00192245
0.000315839
0.000338129
2.71999e-07
3.25014e-08
6.45498e-07
1.07104e-07
1.26367e-06
2.1817e-07
2.32269e-06
4.01939e-07
4.10615e-06
7.07226e-07
7.02386e-06
1.20199e-06
1.16511e-05
1.97933e-06
1.87675e-05
3.16214e-06
2.93905e-05
4.9055e-06
4.47989e-05
7.39547e-06
6.65373e-05
1.08425e-05
9.63939e-05
1.54676e-05
0.000136342
2.1479e-05
0.000188433
2.90385e-05
0.000254648
3.82177e-05
0.000336696
4.89489e-05
0.000435799
6.09794e-05
0.000552487
7.38491e-05
0.000686464
8.69144e-05
0.000836572
9.94459e-05
0.00100087
0.000110821
0.00117682
0.000120808
0.0013614
0.000129895
0.00155104
0.000139558
0.00174111
0.000152257
0.00192465
0.000170884
0.00209093
0.000197288
0.00222505
0.000229597
0.00231172
0.000259088
0.0002773
2.67298e-07
3.5967e-08
6.35086e-07
1.18477e-07
1.24529e-06
2.41121e-07
2.29313e-06
4.43674e-07
4.06209e-06
7.79556e-07
6.96355e-06
1.32289e-06
1.15779e-05
2.17482e-06
1.86962e-05
3.46818e-06
2.93581e-05
5.36962e-06
4.48814e-05
8.07756e-06
6.68759e-05
1.18143e-05
9.72321e-05
1.681e-05
0.000138077
2.32771e-05
0.000191683
3.13732e-05
0.000260333
4.11532e-05
0.000346138
5.25136e-05
0.000450825
6.51386e-05
0.000575538
7.84625e-05
0.000720687
9.16733e-05
0.000885886
0.000103781
0.00106999
0.000113779
0.00127115
0.000120903
0.00148685
0.000124981
0.00171359
0.000126786
0.00194602
0.000128264
0.00217521
0.000132365
0.0023865
0.00014207
0.00255864
0.000158082
0.0026685
0.000175294
0.000187864
2.63301e-07
3.91632e-08
6.26116e-07
1.28916e-07
1.2292e-06
2.62022e-07
2.26682e-06
4.81322e-07
4.02209e-06
8.44144e-07
6.90742e-06
1.42971e-06
1.15072e-05
2.34563e-06
1.86217e-05
3.73247e-06
2.93094e-05
5.76539e-06
4.49217e-05
8.65125e-06
6.71245e-05
1.26193e-05
9.78973e-05
1.79038e-05
0.0001395
2.47158e-05
0.000194399
3.32045e-05
0.000265138
4.34061e-05
0.000354172
5.51845e-05
0.000463654
6.81694e-05
0.000595233
8.17057e-05
0.000749883
9.48326e-05
0.000927805
0.000106316
0.00112841
0.000114762
0.00135032
0.000118831
0.00159131
0.000117567
0.00184788
0.000110822
0.0021143
9.97026e-05
0.00238059
8.68526e-05
0.00262992
7.61785e-05
0.00283682
7.12639e-05
0.00297116
7.1847e-05
7.46453e-05
2.60009e-07
4.21207e-08
6.18569e-07
1.38515e-07
1.21528e-06
2.81039e-07
2.24334e-06
5.15146e-07
3.98505e-06
9.01384e-07
6.85294e-06
1.52304e-06
1.14336e-05
2.49265e-06
1.85335e-05
3.95638e-06
2.92248e-05
6.09507e-06
4.48841e-05
9.1204e-06
6.7221e-05
1.32645e-05
9.82851e-05
1.87609e-05
0.000140443
2.58155e-05
0.000196314
3.45667e-05
0.000268652
4.50331e-05
0.00036018
5.70524e-05
0.000473383
7.0215e-05
0.000610285
8.38009e-05
0.000772255
9.67347e-05
0.000959869
0.000107578
0.00117284
0.000114581
0.00140995
0.000115832
0.00166897
0.000109536
0.00194626
9.44722e-05
0.00223582
7.06367e-05
0.00252745
4.00116e-05
0.00280374
7.12645e-06
0.00303695
-2.14722e-05
0.00319083
-4.0316e-05
-4.85505e-05
2.57467e-07
4.48828e-08
6.12522e-07
1.47408e-07
1.20361e-06
2.98421e-07
2.22264e-06
5.45558e-07
3.95054e-06
9.51937e-07
6.79874e-06
1.60391e-06
1.13537e-05
2.61753e-06
1.84246e-05
4.14253e-06
2.90902e-05
6.36282e-06
4.47428e-05
9.49177e-06
6.71203e-05
1.37607e-05
9.832e-05
1.93991e-05
0.000140783
2.6605e-05
0.000197236
3.55049e-05
0.000270582
4.61034e-05
0.000363736
5.82214e-05
0.000479407
7.14284e-05
0.000619862
8.49699e-05
0.000786701
9.77007e-05
0.000980666
0.000108034
0.00120151
0.00011393
0.0014479
0.000112955
0.00171725
0.000102485
0.00200546
8.01487e-05
0.0023062
4.46264e-05
0.00260938
-3.0939e-06
0.00289826
-5.81671e-05
0.003145
-0.000110935
0.00330913
-0.000149129
-0.000168389
2.55774e-07
4.75056e-08
6.08175e-07
1.55773e-07
1.19449e-06
3.14502e-07
2.2051e-06
5.73122e-07
3.9189e-06
9.96719e-07
6.74488e-06
1.6738e-06
1.12669e-05
2.72257e-06
1.8292e-05
4.29456e-06
2.88992e-05
6.57442e-06
4.44847e-05
9.77445e-06
6.67977e-05
1.41223e-05
9.79585e-05
1.98406e-05
0.000140448
2.71179e-05
0.000197053
3.60697e-05
0.000270765
4.66904e-05
0.000364607
5.87951e-05
0.000481415
7.19517e-05
0.000623579
8.54043e-05
0.000792784
9.7987e-05
0.000989769
0.000108036
0.00121413
0.000113307
0.00146413
0.000110946
0.00173657
9.75833e-05
0.00202649
6.97014e-05
0.0023268
2.45118e-05
0.00262738
-3.83964e-05
0.00291293
-0.000114464
0.00315839
-0.000191218
0.00332419
-0.000248638
-0.000272345
2.55083e-07
5.00581e-08
6.05857e-07
1.63825e-07
1.18847e-06
3.29693e-07
2.19157e-06
5.98545e-07
3.89137e-06
1.03689e-06
6.69298e-06
1.73456e-06
1.1175e-05
2.81073e-06
1.81379e-05
4.41708e-06
2.86531e-05
6.737e-06
4.41092e-05
9.97939e-06
6.62494e-05
1.43658e-05
9.71917e-05
2.01103e-05
0.000139421
2.73907e-05
0.000195739
3.63129e-05
0.000269162
4.68657e-05
0.000362749
5.88681e-05
0.000479374
7.1905e-05
0.00062145
8.52491e-05
0.000790636
9.77635e-05
0.000987552
0.000107781
0.00121151
0.000112967
0.00146025
0.000110193
0.00172971
9.55153e-05
0.00201375
6.4417e-05
0.00230392
1.26174e-05
0.00258908
-6.21354e-05
0.00285457
-0.000156753
0.00307935
-0.000257836
0.00323158
-0.000338661
-0.000376363
2.55611e-07
5.26222e-08
6.06044e-07
1.71824e-07
1.1864e-06
3.4449e-07
2.18344e-06
6.22672e-07
3.87012e-06
1.07384e-06
6.64633e-06
1.78841e-06
1.10829e-05
2.88548e-06
1.79691e-05
4.51547e-06
2.83615e-05
6.85876e-06
4.36296e-05
1.01189e-05
6.54935e-05
1.45095e-05
9.60441e-05
2.02344e-05
0.000137737
2.74606e-05
0.000193344
3.62851e-05
0.000265851
4.66954e-05
0.000358285
5.85221e-05
0.000473485
7.13814e-05
0.000613808
8.45994e-05
0.000780819
9.71105e-05
0.000974959
0.000107318
0.00119522
0.000112917
0.00143882
0.000110698
0.00170083
9.64258e-05
0.00197382
6.4945e-05
0.00224755
1.08268e-05
0.00250866
-7.00009e-05
0.00274033
-0.000176905
0.00292115
-0.000298499
0.00302602
-0.000405331
-0.000469463
2.57654e-07
5.53178e-08
6.09381e-07
1.80144e-07
1.18943e-06
3.5959e-07
2.18262e-06
6.46677e-07
3.85818e-06
1.10945e-06
6.6096e-06
1.83828e-06
1.09975e-05
2.95125e-06
1.77959e-05
4.5963e-06
2.80395e-05
6.94921e-06
4.30677e-05
1.02065e-05
6.45611e-05
1.45722e-05
9.45609e-05
2.02387e-05
0.000135462
2.73615e-05
0.000189964
3.60297e-05
0.000260972
4.62318e-05
0.000351425
5.78151e-05
0.000464061
7.04359e-05
0.000601125
8.34907e-05
0.000764041
9.60174e-05
0.000953064
0.000106552
0.00116691
0.000112937
0.00140238
0.000112097
0.00165391
9.98726e-05
0.0019131
7.10627e-05
0.00216827
1.9971e-05
0.002404
-5.81493e-05
0.00260074
-0.000164014
0.00273475
-0.000288627
0.00278351
-0.000402524
-0.000491976
0.000245613
-0.000140178
0.000391464
-0.000117329
0.000543366
-0.000101092
0.000667479
-8.5562e-05
0.000752067
-7.13729e-05
0.00079421
-5.7688e-05
0.000796764
-4.44729e-05
0.000765959
-3.22592e-05
0.000709548
-2.16676e-05
0.000635636
-1.31075e-05
0.000551947
-6.68434e-06
0.000465308
-2.24206e-06
0.000381278
5.40299e-07
0.000303935
2.05e-06
0.000235856
2.66548e-06
0.000178252
2.71107e-06
0.000131231
2.43793e-06
9.41102e-05
2.02354e-06
6.57228e-05
1.5817e-06
4.46736e-05
1.1769e-06
2.95353e-05
8.38828e-07
1.89767e-05
5.74861e-07
1.18382e-05
3.79661e-07
7.16283e-06
2.4196e-07
4.19818e-06
1.48888e-07
2.37812e-06
8.84272e-08
1.29354e-06
5.05457e-08
6.58283e-07
2.74588e-08
2.74201e-07
1.33781e-08
4.01029e-09
0.000443974
-0.000208362
0.000553242
-0.000194837
0.000670394
-0.000176237
0.000765866
-0.000154746
0.000827119
-0.000131746
0.000850306
-0.00010748
0.00083763
-8.3096e-05
0.000794807
-6.02053e-05
0.000729126
-4.02432e-05
0.000648257
-2.40856e-05
0.000559516
-1.19689e-05
0.000469356
-3.61014e-06
0.000382995
1.59562e-06
0.000304215
4.38323e-06
0.000235337
5.47304e-06
0.000177366
5.48369e-06
0.00013025
4.89501e-06
9.31902e-05
4.0463e-06
6.49382e-05
3.15501e-06
4.40481e-05
2.34394e-06
2.90626e-05
1.66897e-06
1.86357e-05
1.14302e-06
1.16024e-05
7.54568e-07
7.00625e-06
4.80751e-07
4.09833e-06
2.9577e-07
2.31715e-06
1.75646e-07
1.25831e-06
1.00404e-07
6.39881e-07
5.45623e-08
2.67036e-07
2.66133e-08
7.99063e-09
0.000758192
-0.000244291
0.00082925
-0.000238082
0.000899532
-0.000223987
0.000949871
-0.000202725
0.000971204
-0.000175649
0.000960583
-0.000144421
0.000920137
-0.000111807
0.000855093
-8.07207e-05
0.000772075
-5.3463e-05
0.000678019
-3.13733e-05
0.000579512
-1.48301e-05
0.00048232
-3.46505e-06
0.000391053
3.54671e-06
0.000308966
7.21686e-06
0.000237948
8.54228e-06
0.000178656
8.38265e-06
0.000130772
7.40694e-06
9.33003e-05
6.08927e-06
6.48545e-05
4.73363e-06
4.38951e-05
3.51104e-06
2.89049e-05
2.49809e-06
1.85017e-05
1.71049e-06
1.15004e-05
1.12935e-06
6.93439e-06
7.19823e-07
4.05082e-06
4.43115e-07
2.28755e-06
2.63345e-07
1.24111e-06
1.50673e-07
6.31008e-07
8.19789e-08
2.63691e-07
4.00583e-08
1.20503e-08
0.00113514
-0.000264975
0.00117401
-0.000260566
0.00119628
-0.000250154
0.00119453
-0.000230387
0.00116654
-0.000201559
0.0011125
-0.000166185
0.00103557
-0.000128305
0.000940907
-9.18702e-05
0.000834511
-5.98442e-05
0.000722473
-3.39087e-05
0.000610469
-1.45487e-05
0.000503388
-1.34384e-06
0.000405051
6.6775e-06
0.000318037
1.07172e-05
0.000243673
1.19667e-05
0.000182171
1.14589e-05
0.000132868
1.00012e-05
9.4513e-05
8.16777e-06
6.55342e-05
6.32682e-06
4.42639e-05
4.68448e-06
2.90984e-05
3.33083e-06
1.86001e-05
2.28088e-06
1.15489e-05
1.50683e-06
6.95775e-06
9.61326e-07
4.06197e-06
5.92496e-07
2.29295e-06
3.52625e-07
1.24386e-06
2.02082e-07
6.32522e-07
1.10153e-07
2.6444e-07
5.39421e-08
1.62571e-08
0.0015504
-0.00026762
0.00155518
-0.000268016
0.00152849
-0.000259938
0.0014721
-0.000240694
0.00139075
-0.000210483
0.00128864
-0.000172659
0.00117062
-0.000132007
0.00104216
-9.29664e-05
0.000908813
-5.87652e-05
0.000775846
-3.1196e-05
0.000647986
-1.07615e-05
0.00052918
3.00109e-06
0.000422379
1.11453e-05
0.000329406
1.49767e-05
0.000250951
1.57953e-05
0.000186714
1.47347e-05
0.000135632
1.26852e-05
9.61516e-05
1.02818e-05
6.64806e-05
7.93169e-06
4.47967e-05
5.86082e-06
2.93912e-05
4.1643e-06
1.87575e-05
2.85211e-06
1.16321e-05
1.88568e-06
7.00117e-06
1.20449e-06
4.0845e-06
7.43517e-07
2.30465e-06
4.4331e-07
1.24998e-06
2.54571e-07
6.35688e-07
1.39076e-07
2.65831e-07
6.82672e-08
2.06124e-08
0.00197343
-0.000266434
0.00194333
-0.000268232
0.00186811
-0.000259003
0.00175762
-0.00023738
0.00162311
-0.000204741
0.00147263
-0.000165239
0.00131286
-0.000123739
0.0011497
-8.44914e-05
0.0009884
-5.04984e-05
0.000833499
-2.33821e-05
0.000688856
-3.54401e-06
0.000557517
9.53143e-06
0.000441586
1.69286e-05
0.000342124
1.99797e-05
0.000259175
2.00142e-05
0.000191906
1.81968e-05
0.000138831
1.54464e-05
9.8076e-05
1.24205e-05
6.76115e-05
9.53948e-06
4.54468e-05
7.03348e-06
2.97575e-05
4.99385e-06
1.89604e-05
3.42111e-06
1.17429e-05
2.264e-06
7.06112e-06
1.44823e-06
4.11678e-06
8.95622e-07
2.32199e-06
5.35146e-07
1.25923e-06
3.08043e-07
6.40466e-07
1.68721e-07
2.6789e-07
8.30319e-08
2.51174e-08
0.0023774
-0.000270045
0.00231318
-0.000266834
0.00219118
-0.000251241
0.00202941
-0.000223554
0.00184516
-0.000187018
0.0016496
-0.000146209
0.00145075
-0.000105349
0.00125487
-6.78581e-05
0.00106692
-3.6067e-05
0.000890875
-1.11725e-05
0.000729873
6.63715e-06
0.00058619
1.79482e-05
0.000461176
2.38393e-05
0.000355202
2.56085e-05
0.000267703
2.45487e-05
0.000197338
2.17967e-05
0.000142212
1.82528e-05
0.000100133
1.45622e-05
6.8837e-05
1.11355e-05
4.61626e-05
8.19265e-06
3.01685e-05
5.81307e-06
1.91931e-05
3.98386e-06
1.18733e-05
2.63939e-06
7.13369e-06
1.69121e-06
4.15699e-06
1.0481e-06
2.34418e-06
6.278e-07
1.27134e-06
3.62365e-07
6.46789e-07
1.99048e-07
2.7062e-07
9.82305e-08
2.97728e-08
0.00274204
-0.000272322
0.00264377
-0.000260535
0.0024776
-0.000235927
0.00226954
-0.000200471
0.00204173
-0.000159661
0.00180721
-0.000118218
0.00157462
-7.92979e-05
0.00135025
-4.51019e-05
0.00113883
-1.70246e-05
0.000943921
4.31777e-06
0.000768132
1.90201e-05
0.000613157
2.77504e-05
0.000479746
3.15575e-05
0.000367693
3.16624e-05
0.000275912
2.9274e-05
0.000202611
2.54566e-05
0.000145524
2.10555e-05
0.000102171
1.66759e-05
7.0066e-05
1.27e-05
4.68916e-05
9.32569e-06
3.05949e-05
6.61405e-06
1.94399e-05
4.53552e-06
1.20151e-05
3.00901e-06
7.2149e-06
1.93184e-06
4.20333e-06
1.20014e-06
2.37047e-06
7.20884e-07
1.28603e-06
4.17381e-07
6.54599e-07
2.3001e-07
2.74024e-07
1.13856e-07
3.45798e-08
0.00304315
-0.000258668
0.00291398
-0.000241377
0.0027098
-0.000209765
0.00246373
-0.000168267
0.0022013
-0.000124712
0.00193626
-8.40253e-05
0.00167718
-4.83192e-05
0.00143018
-1.85666e-05
0.0011998
4.79546e-06
0.000989374
2.17466e-05
0.000801228
3.26712e-05
0.000636685
3.83145e-05
0.000496076
3.96796e-05
0.000378763
3.78862e-05
0.000283245
3.40312e-05
0.00020736
2.90783e-05
0.000148537
2.37936e-05
0.000104046
1.87238e-05
7.12136e-05
1.42094e-05
4.75845e-05
1.0418e-05
3.10092e-05
7.38783e-06
1.96861e-05
5.07073e-06
1.21609e-05
3.36975e-06
7.30113e-06
2.1684e-06
4.25419e-06
1.35085e-06
2.40026e-06
8.13994e-07
1.30313e-06
4.72933e-07
6.63882e-07
2.61564e-07
2.78121e-07
1.29907e-07
3.95413e-08
0.00325293
-0.00022329
0.00310342
-0.000205578
0.00287337
-0.000171478
0.00260176
-0.000127875
0.00231633
-8.44796e-05
0.00203093
-4.64659e-05
0.00175381
-1.51762e-05
0.00149094
9.37686e-06
0.00124685
2.75233e-05
0.0010249
3.97285e-05
0.000827376
4.6613e-05
0.000655445
4.89781e-05
0.000509206
4.7771e-05
0.000387735
4.40023e-05
0.000289238
3.86458e-05
0.000211282
3.25535e-05
0.000151055
2.64003e-05
0.000105637
2.06649e-05
7.22066e-05
1.56384e-05
4.8199e-05
1.14541e-05
3.13878e-05
8.12506e-06
1.99191e-05
5.58395e-06
1.23045e-05
3.71846e-06
7.38952e-06
2.39919e-06
4.30842e-06
1.49937e-06
2.43317e-06
9.06747e-07
1.32261e-06
5.28884e-07
6.74694e-07
2.93682e-07
2.82962e-07
1.46393e-07
4.46644e-08
0.00335715
-0.000172367
0.00320052
-0.000156758
0.00296035
-0.000123597
0.00267857
-8.1878e-05
0.0023835
-4.18003e-05
0.00208875
-8.38318e-06
0.00180244
1.75526e-05
0.00153068
3.65706e-05
0.00127835
4.94636e-05
0.00104911
5.6998e-05
0.000845435
5.99417e-05
0.000668541
5.91191e-05
0.000518457
5.54174e-05
0.000394117
4.97416e-05
0.000293551
4.29473e-05
0.000214143
3.57755e-05
0.000152928
2.88098e-05
0.00010685
2.24584e-05
7.29884e-05
1.69623e-05
4.87025e-05
1.24191e-05
3.1713e-05
8.81677e-06
2.01299e-05
6.06995e-06
1.24415e-05
4.0522e-06
7.47834e-06
2.62266e-06
4.36551e-06
1.64498e-06
2.46921e-06
9.98845e-07
1.34461e-06
5.85153e-07
6.872e-07
3.26376e-07
2.8864e-07
1.63342e-07
4.99627e-08
0.00335805
-0.00011552
0.00320428
-9.85722e-05
0.00297022
-6.96925e-05
0.0026947
-3.37398e-05
0.00240369
1.87659e-07
0.00211036
2.753e-05
0.00182325
4.76466e-05
0.00154923
6.12424e-05
0.00129388
6.92457e-05
0.00106148
7.25291e-05
0.000854873
7.19138e-05
0.000675499
6.82166e-05
0.000523445
6.22648e-05
0.000397616
5.48707e-05
0.000295967
4.6785e-05
0.000215798
3.86493e-05
0.000154058
3.09627e-05
0.000107624
2.40682e-05
7.35227e-05
1.8159e-05
4.90747e-05
1.32995e-05
3.19742e-05
9.45516e-06
2.03137e-05
6.52431e-06
1.25701e-05
4.36858e-06
7.5673e-06
2.83762e-06
4.42577e-06
1.78715e-06
2.50885e-06
1.09013e-06
1.36958e-06
6.4175e-07
7.01698e-07
3.59708e-07
2.95311e-07
1.80814e-07
5.54598e-08
0.00325284
-4.11017e-05
0.0031171
-3.28497e-05
0.00290843
-1.42582e-05
0.00265586
1.209e-05
0.00238152
3.80382e-05
0.00209899
5.87997e-05
0.00181828
7.33338e-05
0.0015477
8.20935e-05
0.00129397
8.59001e-05
0.00106217
8.55971e-05
0.000855681
8.19958e-05
0.000676231
7.58876e-05
0.000524058
6.80466e-05
0.000398128
5.92094e-05
0.000296406
5.00408e-05
0.000216185
4.10994e-05
0.000154404
3.2812e-05
0.000107934
2.54652e-05
7.3796e-05
1.92109e-05
4.93093e-05
1.40853e-05
3.21694e-05
1.00344e-05
2.04705e-05
6.94384e-06
1.26916e-05
4.66601e-06
7.65781e-06
3.04339e-06
4.49049e-06
1.92571e-06
2.55312e-06
1.18066e-06
1.39824e-06
6.98814e-07
7.1865e-07
3.93822e-07
3.032e-07
1.98911e-07
6.11926e-08
0.00303965
3.47954e-05
0.00295247
2.50817e-05
0.00279043
3.16247e-05
0.00257409
4.89025e-05
0.00232521
6.79909e-05
0.00205992
8.33386e-05
0.00179082
9.33989e-05
0.00152811
9.83482e-05
0.00127983
9.88819e-05
0.00105192
9.57954e-05
0.000848281
8.98798e-05
0.000670975
8.19022e-05
0.00052043
7.25964e-05
0.000395725
6.26417e-05
0.000294906
5.2637e-05
0.000215329
4.30753e-05
0.000153984
3.43261e-05
0.000107793
2.66304e-05
7.38181e-05
2.01072e-05
4.94145e-05
1.47702e-05
3.23055e-05
1.05513e-05
2.06062e-05
7.32711e-06
1.28104e-05
4.94402e-06
7.75319e-06
3.24001e-06
4.56208e-06
2.0609e-06
2.60367e-06
1.27075e-06
1.43167e-06
7.56649e-07
7.38709e-07
4.28958e-07
3.12614e-07
2.17787e-07
6.72152e-08
0.00279353
5.85348e-05
0.00276122
4.08141e-05
0.00264676
5.32639e-05
0.00246693
7.10762e-05
0.00224478
8.79783e-05
0.00199902
0.000100423
0.0017444
0.000107611
0.00149267
0.000109936
0.00125289
0.000108156
0.00103165
0.000103085
0.000833288
9.5519e-05
0.000660141
8.62134e-05
0.000512831
7.58733e-05
0.000390587
6.51365e-05
0.000291589
5.45527e-05
0.000213309
4.45651e-05
0.000152853
3.54996e-05
0.000107239
2.75628e-05
7.36163e-05
2.08492e-05
4.94102e-05
1.53569e-05
3.23969e-05
1.10089e-05
2.07311e-05
7.6771e-06
1.29339e-05
5.20526e-06
7.85876e-06
3.42967e-06
4.64419e-06
2.19448e-06
2.66294e-06
1.36173e-06
1.47143e-06
8.16208e-07
7.62795e-07
4.65752e-07
3.23983e-07
2.37809e-07
7.36488e-08
2.71148e-07
5.81086e-08
6.39273e-07
1.88671e-07
1.24301e-06
3.74772e-07
2.27212e-06
6.70163e-07
4.00166e-06
1.14305e-06
6.83212e-06
1.88312e-06
1.13324e-05
3.00651e-06
1.82855e-05
4.6574e-06
2.87356e-05
7.00555e-06
4.40309e-05
1.02388e-05
6.58586e-05
1.45502e-05
9.62627e-05
2.01192e-05
0.000137635
2.70897e-05
0.000192665
3.5543e-05
0.000264234
4.54699e-05
0.000355247
5.67372e-05
0.000468388
6.90467e-05
0.000605819
8.18757e-05
0.000768841
9.43884e-05
0.000957533
0.000105303
0.00117037
0.000112714
0.00140376
0.000113884
0.00165163
0.0001051
0.00190491
8.17569e-05
0.00215113
3.89403e-05
0.00237425
-2.72296e-05
0.00255486
-0.000116945
0.00267208
-0.000222112
0.00270968
-0.000317194
-0.000360147
0.00262485
2.82072e-07
6.07683e-08
6.62608e-07
1.96695e-07
1.28259e-06
3.88705e-07
2.33356e-06
6.90903e-07
4.09146e-06
1.17112e-06
6.95611e-06
1.9176e-06
1.14929e-05
3.04352e-06
1.84772e-05
4.68808e-06
2.89386e-05
7.01357e-06
4.42016e-05
1.01978e-05
6.59172e-05
1.44212e-05
9.60776e-05
1.98501e-05
0.000137004
2.66157e-05
0.000191293
3.47923e-05
0.000261714
4.43731e-05
0.000351039
5.52453e-05
0.000461804
6.7158e-05
0.000596005
7.96735e-05
0.000754762
9.2093e-05
0.000937977
0.000103348
0.00114397
0.000111852
0.00136901
0.000115346
0.00160687
0.000110809
0.00184865
9.46084e-05
0.00208235
6.31386e-05
0.00229333
1.41345e-05
0.00246561
-5.12894e-05
0.00258497
-0.000125728
0.002643
-0.000190508
-0.000211123
0.00264122
2.92948e-07
6.31265e-08
6.85445e-07
2.03684e-07
1.32017e-06
4.00392e-07
2.3894e-06
7.07254e-07
4.16804e-06
1.19112e-06
7.05209e-06
1.938e-06
1.15986e-05
3.05709e-06
1.85677e-05
4.68141e-06
2.89634e-05
6.96452e-06
4.40715e-05
1.00729e-05
6.5486e-05
1.41736e-05
9.51196e-05
1.94188e-05
0.000135188
2.59271e-05
0.000188153
3.37649e-05
0.000256621
4.29277e-05
0.000343175
5.3321e-05
0.000450163
6.47387e-05
0.000579368
7.68246e-05
0.000731676
8.90128e-05
0.000906802
0.000100448
0.00110301
0.000109881
0.00131657
0.000115562
0.0015414
0.000115211
0.0017691
0.000106205
0.00198883
8.61729e-05
0.00218781
5.41675e-05
0.00235323
1.21859e-05
0.00247489
-3.33597e-05
0.00254677
-6.91135e-05
-7.4643e-05
0.00256719
3.02986e-07
6.5054e-08
7.05984e-07
2.09236e-07
1.35244e-06
4.09097e-07
2.43389e-06
7.18038e-07
4.22193e-06
1.2013e-06
7.10511e-06
1.94184e-06
1.16266e-05
3.04393e-06
1.85231e-05
4.63329e-06
2.87623e-05
6.85363e-06
4.35751e-05
9.85905e-06
6.44782e-05
1.38026e-05
9.3279e-05
1.88215e-05
0.000132054
2.50216e-05
0.000183093
3.24609e-05
0.00024879
4.11352e-05
0.000331486
5.09637e-05
0.000433305
6.17781e-05
0.000555802
7.32969e-05
0.000699588
8.50724e-05
0.000864161
9.64371e-05
0.00104774
0.000106447
0.00124677
0.000113814
0.00145544
0.000116911
0.00166601
0.000113956
0.00186893
0.000103488
0.00205319
8.51927e-05
0.00220792
6.0967e-05
0.00232432
3.58157e-05
0.00239607
1.86976e-05
1.98141e-05
0.00242011
3.11459e-07
6.64245e-08
7.22591e-07
2.12962e-07
1.37641e-06
4.14125e-07
2.46201e-06
7.22167e-07
4.24503e-06
1.20007e-06
7.10261e-06
1.92698e-06
1.15583e-05
3.00129e-06
1.83172e-05
4.54046e-06
2.8299e-05
6.67738e-06
4.26655e-05
9.553e-06
6.28368e-05
1.33056e-05
9.04911e-05
1.80576e-05
0.000127539
2.39014e-05
0.000176063
3.08864e-05
0.000238213
3.90069e-05
0.000316044
4.81928e-05
0.000411402
5.83031e-05
0.000525599
6.91123e-05
0.000658989
8.02714e-05
0.000810872
9.12716e-05
0.000979372
0.000101414
0.00116106
0.000109778
0.00135062
0.000115244
0.00154102
0.000116638
0.00172379
0.000113064
0.00188946
0.00010445
0.00202845
9.22064e-05
0.00213246
7.97005e-05
0.00219494
7.228e-05
7.45756e-05
0.00221311
3.17697e-07
6.71443e-08
7.33772e-07
2.14579e-07
1.38943e-06
4.14984e-07
2.46938e-06
7.18919e-07
4.23052e-06
1.18649e-06
7.03446e-06
1.89227e-06
1.13793e-05
2.92799e-06
1.79305e-05
4.40201e-06
2.75495e-05
6.43562e-06
4.1315e-05
9.15602e-06
6.05342e-05
1.26864e-05
8.67363e-05
1.71342e-05
0.000121643
2.25785e-05
0.000167109
2.90594e-05
0.000225014
3.6569e-05
0.000297126
4.50448e-05
0.000384954
5.43652e-05
0.000489503
6.4341e-05
0.000610926
7.4697e-05
0.000748379
8.50483e-05
0.00089989
9.48804e-05
0.00106214
0.000103539
0.00123027
0.000110255
0.001398
0.000114253
0.00155782
0.000114971
0.00170146
0.000112381
0.00182051
0.000107358
0.00190734
0.000101879
0.00195575
9.88257e-05
0.000100183
0.0019643
3.21103e-07
6.71207e-08
7.38235e-07
2.13817e-07
1.38929e-06
4.11238e-07
2.45261e-06
7.0772e-07
4.17352e-06
1.15991e-06
6.89419e-06
1.83721e-06
1.10817e-05
2.824e-06
1.73551e-05
4.21892e-06
2.65079e-05
6.13116e-06
3.9525e-05
8.67389e-06
5.75873e-05
1.19552e-05
8.20607e-05
1.60676e-05
0.000114463
2.10773e-05
0.000156405
2.70147e-05
0.000209489
3.38682e-05
0.000275185
4.15794e-05
0.000354667
5.00402e-05
0.000448618
5.90888e-05
0.00055699
6.85007e-05
0.00067882
7.79765e-05
0.000812104
8.7131e-05
0.000953661
9.5492e-05
0.00109906
0.000102524
0.0012427
0.000107699
0.00137801
0.000110636
0.00149783
0.000111275
0.00159493
0.000110071
0.0016627
0.000108056
0.00169579
0.000106654
0.000106713
0.00169454
3.21124e-07
6.62832e-08
7.34842e-07
2.10481e-07
1.37418e-06
4.02604e-07
2.40915e-06
6.88273e-07
4.07087e-06
1.12019e-06
6.67849e-06
1.76204e-06
1.06636e-05
2.69041e-06
1.65925e-05
3.99383e-06
2.51845e-05
5.76919e-06
3.73222e-05
8.11568e-06
5.4052e-05
1.11266e-05
7.65683e-05
1.488e-05
0.000106178
1.94295e-05
0.000144243
2.47966e-05
0.000192085
3.0965e-05
0.000250876
3.78777e-05
0.000321482
4.54359e-05
0.000404304
5.34974e-05
0.000499087
6.1873e-05
0.000604767
7.03216e-05
0.000719362
7.85459e-05
0.00083989
8.61951e-05
0.000962351
9.28833e-05
0.00108182
9.8236e-05
0.00119265
0.000101969
0.00128878
0.000103987
0.00136423
0.000104475
0.00141357
0.00010391
0.00143261
0.000102955
0.000102007
0.00142333
3.17384e-07
6.46182e-08
7.22866e-07
2.0455e-07
1.34308e-06
3.89126e-07
2.33788e-06
6.60816e-07
3.92186e-06
1.06796e-06
6.38819e-06
1.66821e-06
1.01293e-05
2.53005e-06
1.56547e-05
3.73173e-06
2.36047e-05
5.35792e-06
3.47555e-05
7.49413e-06
5.00154e-05
1.02194e-05
7.04054e-05
1.35983e-05
9.70234e-05
1.76727e-05
0.000130986
2.24554e-05
0.000173349
2.79257e-05
0.000224997
3.40275e-05
0.000286523
4.06686e-05
0.000358083
4.77212e-05
0.000439253
5.50218e-05
0.000528911
6.23702e-05
0.000625148
6.95294e-05
0.000725234
7.62297e-05
0.000825632
8.21831e-05
0.000922107
8.71116e-05
0.00100992
9.07935e-05
0.00108412
9.31161e-05
0.00113992
9.41189e-05
0.00117317
9.39976e-05
0.00118078
9.30456e-05
9.15016e-05
0.001166
3.09717e-07
6.21431e-08
7.0206e-07
1.96105e-07
1.29588e-06
3.71031e-07
2.23927e-06
6.25898e-07
3.72843e-06
1.00441e-06
6.02836e-06
1.55794e-06
9.48984e-06
2.34678e-06
1.45633e-05
3.43904e-06
2.18079e-05
4.90746e-06
3.18929e-05
6.82446e-06
4.55895e-05
9.25572e-06
6.37502e-05
1.22532e-05
8.7272e-05
1.58482e-05
0.000117043
2.0046e-05
0.000153871
2.48224e-05
0.000198387
3.01218e-05
0.000250946
3.58582e-05
0.00031151
4.1916e-05
0.000379536
4.81517e-05
0.000453892
5.43958e-05
0.000532801
6.04546e-05
0.000613827
6.61153e-05
0.000693926
7.11568e-05
0.000769553
7.53677e-05
0.000836854
7.85729e-05
0.000891918
8.06628e-05
0.000931096
8.16154e-05
0.000951356
8.14986e-05
0.000950624
8.04441e-05
7.86374e-05
0.000932848
2.98138e-07
5.89137e-08
6.7259e-07
1.85342e-07
1.23322e-06
3.48769e-07
2.11512e-06
5.84421e-07
3.49475e-06
9.31195e-07
5.60757e-06
1.43416e-06
8.76161e-06
2.14554e-06
1.33476e-05
3.12357e-06
1.98443e-05
4.42965e-06
2.88166e-05
6.12392e-06
4.09046e-05
8.25978e-06
5.68019e-05
1.08778e-05
7.72207e-05
1.40002e-05
0.000102843
1.7626e-05
0.000134256
2.17284e-05
0.000171879
2.62536e-05
0.000215874
3.11218e-05
0.000266057
3.62288e-05
0.000321824
4.14489e-05
0.000382083
4.66372e-05
0.000445233
5.16339e-05
0.000509167
5.62688e-05
0.000571339
6.03696e-05
0.000628877
6.37745e-05
0.000678747
6.63475e-05
0.000717975
6.79952e-05
0.000743897
6.86793e-05
0.000754424
6.84192e-05
0.000748275
6.72812e-05
6.5431e-05
0.000729622
2.82864e-07
5.50217e-08
6.35074e-07
1.72571e-07
1.15658e-06
3.22981e-07
1.96859e-06
5.3759e-07
3.2271e-06
8.50456e-07
5.13761e-06
1.30045e-06
7.96554e-06
1.93202e-06
1.20433e-05
2.79405e-06
1.77722e-05
3.93737e-06
2.56186e-05
5.41091e-06
3.61011e-05
7.257e-06
4.97689e-05
9.50636e-06
6.71697e-05
1.21733e-05
8.88065e-05
1.52523e-05
0.000115084
1.87151e-05
0.000146247
2.25109e-05
0.000182313
2.65669e-05
0.000223008
3.07905e-05
0.000267711
3.50722e-05
0.000315417
3.92895e-05
0.00036473
4.33102e-05
0.000413887
4.69982e-05
0.000460826
5.02193e-05
0.000503291
5.28503e-05
0.00053898
5.47886e-05
0.000565715
5.59621e-05
0.000581638
5.63366e-05
0.000585393
5.59183e-05
0.000576279
5.47492e-05
5.29832e-05
0.000558322
2.64305e-07
5.05895e-08
5.90552e-07
1.58191e-07
1.06816e-06
2.94471e-07
1.804e-06
4.86842e-07
2.93352e-06
7.64623e-07
4.6327e-06
1.16074e-06
7.12581e-06
1.71232e-06
1.06897e-05
2.45962e-06
1.56539e-05
3.44384e-06
2.2394e-05
4.70386e-06
3.13198e-05
6.27234e-06
4.28536e-05
8.17157e-06
5.74023e-05
1.04096e-05
7.532e-05
1.29775e-05
9.68649e-05
1.58473e-05
0.00012215
1.8972e-05
0.000151095
2.22866e-05
0.00018338
2.57103e-05
0.000218408
2.91497e-05
0.000255291
3.25019e-05
0.000292855
3.56595e-05
0.000329672
3.85141e-05
0.000364125
4.09626e-05
0.000394503
4.29125e-05
0.000419117
4.4289e-05
0.000436436
4.50408e-05
0.000445225
4.51444e-05
0.000444665
4.4606e-05
0.000434444
4.34594e-05
4.18461e-05
0.000418201
2.43043e-07
4.57633e-08
5.40423e-07
1.4267e-07
9.70733e-07
2.64148e-07
1.62654e-06
4.33761e-07
2.62321e-06
6.76294e-07
4.10853e-06
1.01912e-06
6.2681e-06
1.49264e-06
9.32766e-06
2.12931e-06
1.35513e-05
2.96179e-06
1.92346e-05
4.02019e-06
2.66923e-05
5.32893e-06
3.62394e-05
6.90334e-06
4.81663e-05
8.74671e-06
6.27088e-05
1.0848e-05
8.00137e-05
1.31805e-05
0.000100102
1.57021e-05
0.000122835
1.83561e-05
0.000147881
2.10735e-05
0.000174702
2.37762e-05
0.000202541
2.63799e-05
0.000230445
2.87982e-05
0.000257293
3.09468e-05
0.00028186
3.27473e-05
0.00030289
3.41322e-05
0.000319192
3.5049e-05
0.000329731
3.54638e-05
0.00033373
3.53642e-05
0.000330738
3.47596e-05
0.000320686
3.36807e-05
3.22548e-05
0.000306694
2.19786e-07
4.07031e-08
4.86346e-07
1.26516e-07
8.675e-07
2.32977e-07
1.44191e-06
3.79974e-07
2.30595e-06
5.88066e-07
3.58115e-06
8.79562e-07
5.41785e-06
1.27883e-06
7.99596e-06
1.81148e-06
1.15222e-05
2.50274e-06
1.6223e-05
3.3753e-06
2.23332e-05
4.44673e-06
3.00797e-05
5.72686e-06
3.96609e-05
7.2155e-06
5.12224e-05
8.9007e-06
6.48314e-05
1.0758e-05
8.04504e-05
1.27504e-05
9.79131e-05
1.48299e-05
0.000116908
1.69392e-05
0.000136967
1.90141e-05
0.000157473
2.09874e-05
0.000177676
2.27912e-05
0.000196726
2.43611e-05
0.000213724
2.56391e-05
0.000227781
2.65773e-05
0.000238086
2.71403e-05
0.000243972
2.73079e-05
0.000244981
2.70763e-05
0.0002409
2.64582e-05
0.000231792
2.54817e-05
2.42584e-05
0.000220222
1.95329e-07
3.55724e-08
4.30131e-07
1.10241e-07
7.61821e-07
2.0191e-07
1.25595e-06
3.2705e-07
1.99136e-06
5.02378e-07
3.06589e-06
7.457e-07
4.5986e-06
1.07612e-06
6.72946e-06
1.51335e-06
9.61619e-06
2.07638e-06
1.34276e-05
2.78176e-06
1.83335e-05
3.64157e-06
2.4491e-05
4.66148e-06
3.20284e-05
5.83894e-06
4.10264e-05
7.16209e-06
5.14994e-05
8.60914e-06
6.33777e-05
1.01488e-05
7.64922e-05
1.17412e-05
9.05662e-05
1.33399e-05
0.000105213
1.48939e-05
0.000119945
1.63506e-05
0.000134192
1.76583e-05
0.000147331
1.87689e-05
0.000158723
1.96409e-05
0.000167761
2.02413e-05
0.000173915
2.05477e-05
0.000176777
2.05497e-05
0.000176098
2.02494e-05
0.000171809
1.96611e-05
0.000164034
1.88103e-05
1.77916e-05
0.000154802
1.70489e-07
3.0528e-08
3.73608e-07
9.43285e-08
6.57004e-07
1.71832e-07
1.0742e-06
2.76407e-07
1.68833e-06
4.2137e-07
2.5764e-06
6.20619e-07
3.83049e-06
8.88787e-07
5.55683e-06
1.24065e-06
7.87256e-06
1.69009e-06
1.08998e-05
2.24874e-06
1.47571e-05
2.92447e-06
1.95487e-05
3.71989e-06
2.53517e-05
4.63115e-06
3.22028e-05
5.64707e-06
4.00848e-05
6.74897e-06
4.89153e-05
7.91098e-06
5.85384e-05
9.10106e-06
6.8721e-05
1.02825e-05
7.9156e-05
1.1416e-05
8.94713e-05
1.24615e-05
9.92479e-05
1.33805e-05
0.000108043
1.41386e-05
0.000115419
1.47068e-05
0.000120976
1.50635e-05
0.000124384
1.51957e-05
0.000125406
1.50995e-05
0.000123926
1.47805e-05
0.000119953
1.4253e-05
0.000113624
1.35393e-05
1.27171e-05
0.000106495
1.46053e-07
2.57103e-08
3.18503e-07
7.92082e-08
5.56085e-07
1.43506e-07
9.01581e-07
2.29232e-07
1.40443e-06
3.46767e-07
2.12385e-06
5.06709e-07
3.12929e-06
7.19987e-07
4.4993e-06
9.97375e-07
6.3184e-06
1.34869e-06
8.67213e-06
1.78178e-06
1.16402e-05
2.30136e-06
1.5288e-05
2.90802e-06
1.96574e-05
3.59732e-06
2.47573e-05
4.3593e-06
3.05546e-05
5.17839e-06
3.69676e-05
6.03387e-06
4.38619e-05
6.90068e-06
5.10504e-05
7.7507e-06
5.82979e-05
8.55433e-06
6.53307e-05
9.28212e-06
7.18505e-05
9.90651e-06
7.75533e-05
1.04034e-05
8.215e-05
1.07536e-05
8.53874e-05
1.09437e-05
8.70691e-05
1.09671e-05
8.70706e-05
1.0824e-05
8.53507e-05
1.05214e-05
8.19543e-05
1.00727e-05
7.70093e-05
9.49632e-06
8.85405e-06
7.16696e-05
1.22727e-07
2.12352e-08
2.66334e-07
6.52293e-08
4.61641e-07
1.17537e-07
7.42107e-07
1.86428e-07
1.14556e-06
2.79813e-07
1.71642e-06
4.0558e-07
2.50576e-06
5.71673e-07
3.57003e-06
7.85716e-07
4.9684e-06
1.0544e-06
6.75869e-06
1.38275e-06
8.99211e-06
1.77329e-06
1.1707e-05
2.22534e-06
1.49224e-05
2.73445e-06
1.86312e-05
3.29211e-06
2.27953e-05
3.88579e-06
2.73415e-05
4.49936e-06
3.21603e-05
5.11379e-06
3.71077e-05
5.70819e-06
4.20102e-05
6.26099e-06
4.6673e-05
6.75123e-06
5.08912e-05
7.1598e-06
5.44631e-05
7.47061e-06
5.72045e-05
7.67148e-06
5.89624e-05
7.75484e-06
5.96273e-05
7.7181e-06
5.91413e-05
7.56371e-06
5.75035e-05
7.29886e-06
5.47691e-05
6.93497e-06
5.10454e-05
6.48692e-06
6.00181e-06
4.71633e-05
1.01094e-07
1.71893e-08
2.1832e-07
5.26467e-08
3.75665e-07
9.43471e-08
5.98707e-07
1.48583e-07
9.15694e-07
2.21241e-07
1.35912e-06
3.18044e-07
1.96553e-06
4.44605e-07
2.7743e-06
6.06142e-07
3.82551e-06
8.07032e-07
5.15673e-06
1.05028e-06
6.79915e-06
1.33696e-06
8.77315e-06
1.66574e-06
1.10838e-05
2.03253e-06
1.37168e-05
2.43035e-06
1.66355e-05
2.84944e-06
1.97787e-05
3.27762e-06
2.30617e-05
3.70089e-06
2.6378e-05
4.1042e-06
2.96039e-05
4.47238e-06
3.26057e-05
4.79101e-06
3.52474e-05
5.04737e-06
3.74e-05
5.23121e-06
3.89509e-05
5.33528e-06
3.98125e-05
5.3558e-06
3.99285e-05
5.29257e-06
3.92786e-05
5.14893e-06
3.78796e-05
4.93138e-06
3.57839e-05
4.64921e-06
3.30752e-05
4.31379e-06
3.95975e-06
3.03342e-05
8.15876e-08
1.36272e-08
1.75335e-07
4.1615e-08
2.99491e-07
7.41703e-08
4.73155e-07
1.15971e-07
7.169e-07
1.71292e-07
1.05387e-06
2.44172e-07
1.50946e-06
3.3846e-07
2.11032e-06
4.576e-07
2.88259e-06
6.04318e-07
3.84961e-06
7.80253e-07
5.02913e-06
9.85595e-07
6.43028e-06
1.21878e-06
8.05071e-06
1.47629e-06
9.8741e-06
1.75263e-06
1.18686e-05
2.04043e-06
1.39863e-05
2.3308e-06
1.61642e-05
2.61376e-06
1.83266e-05
2.87884e-06
2.03885e-05
3.11571e-06
2.22613e-05
3.31487e-06
2.3858e-05
3.4682e-06
2.50992e-05
3.56951e-06
2.59194e-05
3.61485e-06
2.62713e-05
3.60275e-06
2.61298e-05
3.53421e-06
2.54934e-05
3.4126e-06
2.43842e-05
3.24337e-06
2.28457e-05
3.03363e-06
2.09395e-05
2.79172e-06
2.54214e-06
1.906e-05
6.44788e-08
1.05717e-08
1.3789e-07
3.21908e-08
2.33795e-07
5.70611e-08
3.66112e-07
8.8577e-08
5.49439e-07
1.29764e-07
7.99806e-07
1.83395e-07
1.13434e-06
2.52021e-07
1.57046e-06
3.37826e-07
2.12454e-06
4.42408e-07
2.81033e-06
5.66538e-07
3.637e-06
7.09929e-07
4.60718e-06
8.71058e-07
5.71526e-06
1.04707e-06
6.94594e-06
1.23378e-06
8.27364e-06
1.42584e-06
9.66256e-06
1.61695e-06
1.10679e-05
1.80024e-06
1.24376e-05
1.96868e-06
1.37156e-05
2.11551e-06
1.48453e-05
2.23472e-06
1.57729e-05
2.32137e-06
1.64519e-05
2.37198e-06
1.6846e-05
2.38465e-06
1.69321e-05
2.35917e-06
1.67016e-05
2.297e-06
1.61609e-05
2.20109e-06
1.5331e-05
2.07568e-06
1.42451e-05
1.92596e-06
1.29463e-05
1.75778e-06
1.58782e-06
1.16945e-05
4.98837e-08
8.01727e-09
1.06154e-07
2.4343e-08
1.78645e-07
4.29171e-08
2.77253e-07
6.61415e-08
4.12056e-07
9.61012e-08
5.9384e-07
1.34642e-07
8.3379e-07
1.83398e-07
1.14286e-06
2.43691e-07
1.53088e-06
3.16387e-07
2.00537e-06
4.01744e-07
2.57038e-06
4.99274e-07
3.22523e-06
6.07647e-07
3.9635e-06
7.24651e-07
4.77239e-06
8.47238e-07
5.63253e-06
9.71636e-07
6.51837e-06
1.09355e-06
7.39923e-06
1.20841e-06
8.24083e-06
1.31167e-06
9.00742e-06
1.39908e-06
9.66409e-06
1.46701e-06
1.01792e-05
1.51264e-06
1.05267e-05
1.53416e-06
1.06878e-05
1.53084e-06
1.06527e-05
1.5031e-06
1.04208e-05
1.45236e-06
1.00007e-05
1.38101e-06
9.40941e-06
1.29213e-06
8.67069e-06
1.18934e-06
7.81345e-06
1.07658e-06
9.64755e-07
7.00394e-06
3.77803e-08
5.93392e-09
7.99958e-08
1.79677e-08
1.33606e-07
3.15101e-08
2.05468e-07
4.82163e-08
3.02348e-07
6.94828e-08
4.31282e-07
9.64996e-08
5.99325e-07
1.30275e-07
8.13098e-07
1.71566e-07
1.07816e-06
2.20791e-07
1.39828e-06
2.77939e-07
1.77465e-06
3.42487e-07
2.20522e-06
4.13362e-07
2.68411e-06
4.8893e-07
3.20141e-06
5.67048e-07
3.74319e-06
6.45159e-07
4.29197e-06
7.20431e-07
4.82758e-06
7.89941e-07
5.32826e-06
8.50857e-07
5.77208e-06
9.00632e-07
6.13844e-06
9.37175e-07
6.4095e-06
9.58983e-07
6.5715e-06
9.65232e-07
6.61569e-06
9.55814e-07
6.53895e-06
9.31317e-07
6.34382e-06
8.92965e-07
6.03825e-06
8.42512e-07
5.63481e-06
7.82113e-07
5.14966e-06
7.14176e-07
4.60135e-06
6.41218e-07
5.70129e-07
4.09308e-06
2.80378e-08
4.27337e-09
5.906e-08
1.29064e-08
9.78721e-08
2.25208e-08
1.49105e-07
3.42243e-08
2.17171e-07
4.89242e-08
3.06514e-07
6.7362e-08
4.21421e-07
9.01339e-08
5.65705e-07
1.17646e-07
7.42304e-07
1.50064e-07
9.52819e-07
1.87258e-07
1.19707e-06
2.28764e-07
1.4727e-06
2.7377e-07
1.77495e-06
3.21122e-07
2.09658e-06
3.69371e-07
2.42805e-06
4.16845e-07
2.75788e-06
4.61751e-07
3.07332e-06
5.02287e-07
3.36108e-06
5.36765e-07
3.60826e-06
5.63727e-07
3.80322e-06
5.8204e-07
3.93645e-06
5.90972e-07
4.0012e-06
5.9023e-07
3.99396e-06
5.79962e-07
3.91466e-06
5.6074e-07
3.76653e-06
5.33497e-07
3.55585e-06
4.99457e-07
3.29129e-06
4.60043e-07
2.9833e-06
4.16786e-07
2.64332e-06
3.71232e-07
3.27567e-07
2.33349e-06
2.04529e-08
2.97459e-09
4.28443e-08
8.96428e-09
7.04166e-08
1.55723e-08
1.06223e-07
2.35152e-08
1.53055e-07
3.33618e-08
2.13628e-07
4.55572e-08
2.90439e-07
6.04376e-08
3.85564e-07
7.8204e-08
5.00406e-07
9.88921e-08
6.35427e-07
1.22345e-07
7.899e-07
1.48196e-07
9.61719e-07
1.75864e-07
1.14731e-06
2.04572e-07
1.34167e-06
2.33382e-07
1.53851e-06
2.61244e-07
1.73062e-06
2.87064e-07
1.91024e-06
3.0978e-07
2.06958e-06
3.28429e-07
2.20138e-06
3.4222e-07
2.29938e-06
3.50583e-07
2.35882e-06
3.53201e-07
2.37674e-06
3.50033e-07
2.35215e-06
3.41297e-07
2.28608e-06
3.27455e-07
2.18139e-06
3.09163e-07
2.04257e-06
2.87227e-07
1.87528e-06
2.62541e-07
1.68599e-06
2.36034e-07
1.48146e-06
2.08617e-07
1.82734e-07
1.29802e-06
1.47895e-08
1.96901e-09
3.07878e-08
5.92532e-09
5.01465e-08
1.02584e-08
7.48406e-08
1.54096e-08
1.0659e-07
2.1719e-08
1.46994e-07
2.94417e-08
1.97442e-07
3.87574e-08
2.58983e-07
4.97554e-08
3.32178e-07
6.2418e-08
4.16951e-07
7.66076e-08
5.12465e-07
9.20602e-08
6.17045e-07
1.08389e-07
7.28161e-07
1.25098e-07
8.42492e-07
1.41608e-07
9.56075e-07
1.57291e-07
1.06452e-06
1.71513e-07
1.1633e-06
1.83676e-07
1.24804e-06
1.93258e-07
1.31482e-06
1.99856e-07
1.3605e-06
2.03204e-07
1.38288e-06
2.03193e-07
1.38089e-06
1.99873e-07
1.35462e-06
1.93444e-07
1.30526e-06
1.84232e-07
1.23502e-06
1.72666e-07
1.14687e-06
1.59245e-07
1.04435e-06
1.445e-07
9.31303e-07
1.28968e-07
8.11595e-07
1.13158e-07
9.8437e-08
7.05857e-07
1.08164e-08
1.1846e-09
2.23558e-08
3.56472e-09
3.60491e-08
6.16281e-09
5.3172e-08
9.22671e-09
7.47655e-08
1.29432e-08
1.01747e-07
1.7448e-08
1.34849e-07
2.28305e-08
1.74544e-07
2.91252e-08
2.20963e-07
3.63036e-08
2.73816e-07
4.42683e-08
3.32341e-07
5.28518e-08
3.95279e-07
6.18205e-08
4.60898e-07
7.0885e-08
5.27053e-07
7.97164e-08
5.91304e-07
8.79672e-08
6.51058e-07
9.5295e-08
7.03748e-07
1.01387e-07
7.47008e-07
1.0598e-07
7.78842e-07
1.08884e-07
7.97769e-07
1.09986e-07
8.02919e-07
1.09265e-07
7.94082e-07
1.06783e-07
7.71704e-07
1.02679e-07
7.36829e-07
9.7159e-08
6.91002e-07
9.04748e-08
6.36138e-07
8.29085e-08
5.74377e-07
7.47522e-08
5.07933e-07
6.62915e-08
4.38964e-07
5.77906e-08
4.99652e-08
3.7897e-07
8.3412e-09
5.49392e-10
1.71165e-08
1.65719e-09
2.73298e-08
2.86992e-09
3.98394e-08
4.29512e-09
5.52914e-08
6.01383e-09
7.42166e-08
8.08469e-09
9.69901e-08
1.05447e-08
1.23786e-07
1.3405e-08
1.5453e-07
1.66476e-08
1.88869e-07
2.02232e-08
2.26148e-07
2.40512e-08
2.65415e-07
2.80218e-08
3.05459e-07
3.20022e-08
3.44861e-07
3.58434e-08
3.82085e-07
3.93908e-08
4.15575e-07
4.24947e-08
4.43862e-07
4.50208e-08
4.65671e-07
4.68605e-08
4.80011e-07
4.79376e-08
4.86242e-07
4.82133e-08
4.84115e-07
4.76883e-08
4.73776e-07
4.64002e-08
4.55745e-07
4.44203e-08
4.30857e-07
4.18463e-08
4.00198e-07
3.87947e-08
3.65012e-07
3.53923e-08
3.26618e-07
3.17676e-08
2.86325e-07
2.80435e-08
2.45357e-07
2.43304e-08
2.09375e-08
2.10271e-07
7.22246e-09
1.47536e-08
2.34091e-08
3.38536e-08
4.65532e-08
6.18673e-08
8.00159e-08
1.01046e-07
1.24805e-07
1.50921e-07
1.78801e-07
2.07649e-07
2.36496e-07
2.64262e-07
2.89818e-07
3.1207e-07
3.30032e-07
3.42898e-07
3.50102e-07
3.51347e-07
3.46627e-07
3.36212e-07
3.20619e-07
3.00563e-07
2.76904e-07
2.50575e-07
2.22528e-07
1.93676e-07
1.64847e-07
1.40458e-07
0.00260849
-0.000160499
0.00261013
-0.000103272
-4.01987e-05
0.00262638
0.00262488
-8.86433e-05
0.00262566
-5.8243e-05
-2.79598e-05
0.00264629
0.0025636
-2.51603e-05
0.00256498
-9.21847e-06
3.7373e-06
0.00257426
0.00241921
1.76614e-05
0.00242085
2.60139e-05
3.10148e-05
0.00242867
0.00220951
4.15674e-05
0.00221117
4.5847e-05
4.74935e-05
0.00222249
0.00195629
5.19507e-05
0.00195785
5.40221e-05
5.4404e-05
0.00197401
0.0016825
5.37146e-05
0.00168392
5.4619e-05
5.46384e-05
0.00170418
0.00140856
5.0539e-05
0.00140978
5.08567e-05
5.08598e-05
0.00143248
0.00114994
4.49056e-05
0.00115096
4.49481e-05
4.50322e-05
0.00117429
0.000916812
3.83518e-05
0.000917625
3.82768e-05
3.84413e-05
0.000940096
0.000714574
3.17639e-05
0.000715206
3.16457e-05
3.18615e-05
0.000735759
0.000544888
2.56198e-05
0.000545373
2.5491e-05
2.57281e-05
0.000563384
0.000406699
2.0157e-05
0.000407067
2.00315e-05
2.02673e-05
0.000422282
0.000297197
1.5474e-05
0.000297475
1.53582e-05
1.55779e-05
0.000309918
0.000212628
1.15864e-05
0.000212838
1.14836e-05
1.16786e-05
0.000222721
0.00014891
8.45683e-06
0.000149069
8.36896e-06
8.53522e-06
0.000156707
0.00010205
6.01343e-06
0.000102172
5.9412e-06
6.07788e-06
0.000107924
6.84084e-05
4.16372e-06
6.85019e-05
4.10672e-06
4.21527e-06
7.27255e-05
4.48353e-05
2.80627e-06
4.49074e-05
2.76312e-06
2.84648e-06
4.79322e-05
2.87176e-05
1.84062e-06
2.87731e-05
1.80928e-06
1.87121e-06
3.08857e-05
1.79682e-05
1.17467e-06
1.80106e-05
1.15284e-06
1.19737e-06
1.94492e-05
1.09778e-05
7.29378e-07
1.10098e-05
7.14783e-07
7.45792e-07
1.19647e-05
6.54676e-06
4.406e-07
6.57042e-06
4.31233e-07
4.52151e-07
7.18799e-06
3.80982e-06
2.58909e-07
3.82689e-06
2.53138e-07
2.66811e-07
4.21602e-06
2.16305e-06
1.47952e-07
2.17506e-06
1.44538e-07
1.53195e-07
2.41394e-06
1.19843e-06
8.21118e-08
1.20668e-06
8.01735e-08
8.54709e-08
1.34967e-06
6.49238e-07
4.40213e-08
6.54819e-07
4.29659e-08
4.60707e-08
7.38579e-07
3.47344e-07
2.22483e-08
3.5115e-07
2.17041e-08
2.33885e-08
3.99819e-07
1.92074e-07
9.29107e-09
1.94744e-07
9.05514e-09
9.78442e-09
2.24095e-07
1.2793e-07
1.29969e-07
1.50839e-07
0.00272027
-5.30921e-06
0.00269802
3.11213e-05
0.00260009
5.9505e-05
0.00243722
8.28943e-05
0.00222889
0.00010026
0.00199315
0.000111382
0.0017452
0.000116804
0.00149762
0.00011739
0.00126017
0.000114054
0.00104001
0.000107659
0.000841886
9.90133e-05
0.000668421
8.88608e-05
0.000520441
7.7882e-05
0.000397328
6.66804e-05
0.00029737
5.57668e-05
0.000218122
4.55465e-05
0.000156748
3.63121e-05
0.000110306
2.8245e-05
7.59686e-05
2.14229e-05
5.11672e-05
1.58347e-05
3.36754e-05
1.13995e-05
2.16372e-05
7.98832e-06
1.35592e-05
5.44607e-06
8.27848e-06
3.6101e-06
4.91781e-06
2.32511e-06
2.83561e-06
1.4529e-06
1.57591e-06
8.77174e-07
8.21446e-07
5.04096e-07
3.50373e-07
2.58958e-07
8.04962e-08
0.00265745
-2.80426e-06
0.00261375
3.81032e-05
0.00251185
6.93269e-05
0.00235656
9.26948e-05
0.0021604
0.000108753
0.00193749
0.000118239
0.00170146
0.00012211
0.0014643
0.000121375
0.00123554
0.000116963
0.00102244
0.00010973
0.000829948
0.000100461
0.000660804
8.98711e-05
0.000516017
7.86049e-05
0.000395162
6.72312e-05
0.00029671
5.62268e-05
0.000218385
4.59647e-05
0.000157504
3.67115e-05
0.00011126
2.86304e-05
7.69335e-05
2.17886e-05
5.20383e-05
1.6171e-05
3.44045e-05
1.1697e-05
2.22135e-05
8.24094e-06
1.39932e-05
5.65186e-06
8.59151e-06
3.77096e-06
5.13455e-06
2.44577e-06
2.9795e-06
1.53966e-06
1.66672e-06
9.36681e-07
8.74155e-07
5.42311e-07
3.74629e-07
2.80369e-07
8.74885e-08
0.00256508
3.38317e-05
0.0025077
6.04605e-05
0.00240184
8.43372e-05
0.00225217
0.000102733
0.00206725
0.000115263
0.00185799
0.000122262
0.00163612
0.000124405
0.00141224
0.000122479
0.00119524
0.000117272
0.000992263
0.000109545
0.000808141
0.000100013
0.000645647
8.93246e-05
0.000505963
7.80728e-05
0.000388898
6.67883e-05
0.000293151
5.59139e-05
0.00021665
4.57919e-05
0.000156922
3.66665e-05
0.000111345
2.86879e-05
7.73536e-05
2.19177e-05
5.25805e-05
1.63407e-05
3.49442e-05
1.18808e-05
2.26866e-05
8.41859e-06
1.43754e-05
5.81015e-06
8.88154e-06
3.90309e-06
5.34328e-06
2.55002e-06
3.12235e-06
1.61768e-06
1.7591e-06
9.91948e-07
9.28783e-07
5.78718e-07
4.0009e-07
3.01147e-07
9.43421e-08
0.0024177
7.24037e-05
0.00236071
8.5464e-05
0.00225905
9.96698e-05
0.00211887
0.000111532
0.0019476
0.000119665
0.00175445
0.000123788
0.00154941
0.000124117
0.00134168
0.000121107
0.00113947
0.000115322
0.00094951
0.000107371
0.000776348
9.78567e-05
0.000622718
8.7341e-05
0.000489996
7.63558e-05
0.000378264
6.53887e-05
0.000286444
5.48442e-05
0.000212696
4.50298e-05
0.000154812
3.61693e-05
0.000110406
2.84047e-05
7.71065e-05
2.17954e-05
5.27016e-05
1.63295e-05
3.52274e-05
1.19378e-05
2.30099e-05
8.51014e-06
1.46741e-05
5.912e-06
9.12791e-06
3.9997e-06
5.53101e-06
2.63291e-06
3.25632e-06
1.68353e-06
1.8485e-06
1.0407e-06
9.82899e-07
6.11915e-07
4.25697e-07
3.20531e-07
1.00813e-07
0.00221878
9.84275e-05
0.00217141
0.000103658
0.00208154
0.000110619
0.0019561
0.000116945
0.00180228
0.000121156
0.00162833
0.000122672
0.00144288
0.000121396
0.00125411
0.000117515
0.00106945
0.000111384
0.000894979
0.000103447
0.000734991
9.41821e-05
0.000592228
8.40668e-05
0.000468211
7.35662e-05
0.000363257
6.31112e-05
0.000276509
5.30626e-05
0.000206409
4.36984e-05
0.000151057
3.52255e-05
0.000108335
2.77779e-05
7.61009e-05
2.14143e-05
5.23291e-05
1.61278e-05
3.51991e-05
1.18584e-05
2.31433e-05
8.50678e-06
1.48616e-05
5.94996e-06
9.31197e-06
4.05481e-06
5.68571e-06
2.68992e-06
3.37397e-06
1.73396e-06
1.93056e-06
1.08074e-06
1.03412e-06
6.405e-07
4.50398e-07
3.37743e-07
1.06647e-07
0.00198088
0.000110108
0.00194789
0.000112056
0.00187471
0.000114989
0.00176822
0.000117714
0.00163524
0.00011916
0.00148321
0.000118774
0.00131977
0.000116348
0.00115222
0.000111921
0.000987187
0.000105702
0.000830133
9.8002e-05
0.000685129
8.91946e-05
0.000554921
7.96749e-05
0.000441097
6.98371e-05
0.000344122
6.00499e-05
0.000263425
5.06314e-05
0.000197787
4.1837e-05
0.000145613
3.3858e-05
0.000105073
2.68189e-05
7.42774e-05
2.07782e-05
5.141e-05
1.5735e-05
3.48161e-05
1.16392e-05
2.30536e-05
8.40409e-06
1.49135e-05
5.91947e-06
9.41682e-06
4.06434e-06
5.79614e-06
2.71767e-06
3.46811e-06
1.76638e-06
2.00091e-06
1.1102e-06
1.08e-06
6.63237e-07
4.73092e-07
3.52074e-07
1.11611e-07
0.00172121
0.000110442
0.00170355
0.000111606
0.00164885
0.00011288
0.00156333
0.000113774
0.00145305
0.000113677
0.00132457
0.000112205
0.00118461
0.000109176
0.00103964
0.00010458
0.000895509
9.85455e-05
0.000757161
9.12982e-05
0.000628414
8.31273e-05
0.000511949
7.4355e-05
0.000409379
6.53115e-05
0.000321307
5.63112e-05
0.000247468
4.76332e-05
0.000186978
3.95076e-05
0.000138547
3.21094e-05
0.000100638
2.5555e-05
7.16281e-05
1.9903e-05
4.99247e-05
1.51588e-05
3.40556e-05
1.12829e-05
2.27197e-05
8.20158e-06
1.48125e-05
5.81844e-06
9.42915e-06
4.02561e-06
5.85272e-06
2.71354e-06
3.53228e-06
1.77852e-06
2.05543e-06
1.12732e-06
1.11813e-06
6.78899e-07
4.92674e-07
3.628e-07
1.15462e-07
0.0014572
0.000103336
0.00145316
0.000104742
0.00141615
0.00010567
0.00135136
0.000105931
0.00126378
0.000105238
0.00115898
0.000103378
0.00104273
0.000100242
0.000920632
9.58271e-05
0.000797823
9.02273e-05
0.000678716
8.36162e-05
0.00056683
7.62236e-05
0.000464725
6.8313e-05
0.000374028
6.016e-05
0.000295487
5.20327e-05
0.000229098
4.41739e-05
0.000174276
3.67886e-05
0.000130032
3.00358e-05
9.51232e-05
2.40246e-05
6.81943e-05
1.88135e-05
4.78855e-05
1.44141e-05
3.2915e-05
1.07973e-05
2.21326e-05
7.90252e-06
1.45479e-05
5.64742e-06
9.33925e-06
3.9377e-06
5.84769e-06
2.67603e-06
3.56078e-06
1.76882e-06
2.09027e-06
1.13075e-06
1.14619e-06
6.86467e-07
5.0804e-07
3.69289e-07
1.17984e-07
0.00120356
9.21147e-05
0.00121004
9.39912e-05
0.00118825
9.51182e-05
0.00114218
9.53869e-05
0.0010757
9.46864e-05
0.000993295
9.29206e-05
0.000899732
9.0044e-05
0.000799745
8.60756e-05
0.000697747
8.11e-05
0.000597613
7.52597e-05
0.000502517
6.87428e-05
0.000414854
6.1767e-05
0.00033623
5.45635e-05
0.000267506
4.73603e-05
0.000208889
4.03678e-05
0.000160058
3.37672e-05
0.000120305
2.77023e-05
8.86693e-05
2.22745e-05
6.40548e-05
1.75422e-05
4.53312e-05
1.35224e-05
3.14097e-05
1.01959e-05
2.1295e-05
7.51473e-06
1.41166e-05
5.41039e-06
9.14207e-06
3.80224e-06
5.77598e-06
2.60538e-06
3.54938e-06
1.73686e-06
2.10234e-06
1.11986e-06
1.16218e-06
6.8535e-07
5.18212e-07
3.71131e-07
1.19026e-07
0.000970939
7.91672e-05
0.000984491
8.14045e-05
0.000974632
8.28452e-05
0.000944267
8.33722e-05
0.000896175
8.29494e-05
0.000833785
8.15399e-05
0.000760884
7.91375e-05
0.000681331
7.57772e-05
0.000598819
7.15389e-05
0.000516667
6.65445e-05
0.000437669
6.09512e-05
0.00036401
5.49409e-05
0.000297236
4.87077e-05
0.000238271
4.24455e-05
0.000187479
3.6336e-05
0.00014476
3.05382e-05
0.000109656
2.5181e-05
8.14602e-05
2.03584e-05
5.93205e-05
1.61277e-05
4.23253e-05
1.25104e-05
2.95729e-05
9.49635e-06
2.02221e-05
7.04931e-06
1.35238e-05
5.11386e-06
8.83772e-06
3.62263e-06
5.63562e-06
2.50311e-06
3.49569e-06
1.68309e-06
2.08953e-06
1.09455e-06
1.1646e-06
6.75272e-07
5.22415e-07
3.68078e-07
1.18493e-07
0.000765803
6.60387e-05
0.000783255
6.84392e-05
0.000781957
7.01192e-05
0.0007639
7.09344e-05
0.00073094
7.08705e-05
0.000685555
6.99117e-05
0.000630619
6.80672e-05
0.00056917
6.53767e-05
0.000504196
6.19126e-05
0.000438459
5.77795e-05
0.000374353
5.31092e-05
0.000313818
4.80536e-05
0.000258292
4.27756e-05
0.000208709
3.74396e-05
0.000165541
3.22013e-05
0.000128859
2.71993e-05
9.84106e-05
2.25483e-05
7.37127e-05
1.83344e-05
5.41301e-05
1.46129e-05
3.89522e-05
1.1409e-05
2.74534e-05
8.72006e-06
1.89402e-05
6.5204e-06
1.27822e-05
4.76671e-06
8.43123e-06
3.40416e-06
5.42774e-06
2.37208e-06
3.39909e-06
1.60887e-06
2.05073e-06
1.05534e-06
1.15247e-06
6.56339e-07
5.2009e-07
3.60092e-07
1.16352e-07
0.000590978
5.36541e-05
0.000609777
5.60394e-05
0.000614018
5.78304e-05
0.000604989
5.88641e-05
0.000583824
5.9127e-05
0.000552214
5.86052e-05
0.000512241
5.73083e-05
0.000466201
5.52711e-05
0.00041643
5.25551e-05
0.000365154
4.92472e-05
0.000314365
4.54565e-05
0.000265731
4.13086e-05
0.000220544
3.69392e-05
0.000179705
3.24863e-05
0.000143739
2.80823e-05
0.000112838
2.38467e-05
8.69135e-05
1.98806e-05
6.56638e-05
1.62618e-05
4.86415e-05
1.3043e-05
3.53134e-05
1.02514e-05
2.51137e-05
7.89075e-06
1.74856e-05
5.94436e-06
1.19117e-05
4.37978e-06
7.9326e-06
3.15362e-06
5.15669e-06
2.21634e-06
3.26099e-06
1.51643e-06
1.98604e-06
1.00335e-06
1.12547e-06
6.29037e-07
5.10962e-07
3.47346e-07
1.12644e-07
0.000446463
4.25238e-05
0.000464767
4.47649e-05
0.000472093
4.65457e-05
0.000469226
4.76993e-05
0.00045678
4.82073e-05
0.000435832
4.80516e-05
0.000407817
4.72351e-05
0.000374401
4.57834e-05
0.000337344
4.37444e-05
0.000298382
4.11872e-05
0.000259118
3.81996e-05
0.000220941
3.48836e-05
0.000184972
3.13506e-05
0.00015204
2.77148e-05
0.000122681
2.40873e-05
9.71586e-05
2.05701e-05
7.55021e-05
1.72506e-05
5.75543e-05
1.41985e-05
4.3021e-05
1.14627e-05
3.152e-05
9.07149e-06
2.26252e-05
7.03325e-06
1.59027e-05
5.33884e-06
1.09383e-05
3.96516e-06
7.35624e-06
2.87898e-06
4.82985e-06
2.04089e-06
3.08481e-06
1.40874e-06
1.89676e-06
9.40244e-07
1.08394e-06
5.94218e-07
4.9507e-07
3.30225e-07
1.07477e-07
0.00033029
3.28902e-05
0.000346925
3.49064e-05
0.000355512
3.65839e-05
0.000356495
3.77636e-05
0.000350139
3.84236e-05
0.000337076
3.85411e-05
0.000318243
3.81115e-05
0.000294795
3.71499e-05
0.00026801
3.56904e-05
0.000239193
3.37852e-05
0.000209592
3.15025e-05
0.000180327
2.8923e-05
0.000152337
2.6136e-05
0.000126353
2.32344e-05
0.000102883
2.03101e-05
8.2225e-05
1.74482e-05
6.44856e-05
1.47236e-05
4.96128e-05
1.21973e-05
3.74324e-05
9.91407e-06
2.76855e-05
7.90181e-06
2.0064e-05
6.1721e-06
1.42403e-05
4.72178e-06
9.89226e-06
3.53553e-06
6.72003e-06
2.58889e-06
4.45722e-06
1.85138e-06
2.87573e-06
1.28935e-06
1.78538e-06
8.6811e-07
1.02896e-06
5.53044e-07
4.72772e-07
3.09299e-07
1.01023e-07
0.000239303
2.48219e-05
0.000253651
2.65707e-05
0.000262257
2.80819e-05
0.000265351
2.92126e-05
0.000262983
2.99396e-05
0.000255481
3.02372e-05
0.00024342
3.00953e-05
0.000227562
2.95195e-05
0.000208797
2.85317e-05
0.000188073
2.71689e-05
0.00016633
2.54819e-05
0.000144438
2.35326e-05
0.000123158
2.13907e-05
0.000103107
1.91302e-05
8.47441e-05
1.68252e-05
6.83677e-05
1.45458e-05
5.41271e-05
1.23547e-05
4.20417e-05
1.03043e-05
3.20263e-05
8.43449e-06
2.39183e-05
6.772e-06
1.75053e-05
5.33021e-06
1.2549e-05
4.11039e-06
8.80627e-06
3.10343e-06
6.04415e-06
2.29217e-06
4.05071e-06
1.65381e-06
2.64045e-06
1.16215e-06
1.65541e-06
7.89368e-07
9.62192e-07
5.06922e-07
4.44737e-07
2.85295e-07
9.35082e-08
0.000169792
1.82707e-05
0.000181648
1.9738e-05
0.000189519
2.10473e-05
0.000193504
2.20757e-05
0.000193538
2.28011e-05
0.000189758
2.31975e-05
0.000182485
2.32512e-05
0.000172198
2.29609e-05
0.000159489
2.23384e-05
0.00014502
2.14082e-05
0.000129474
2.02063e-05
0.000113506
1.87785e-05
9.77107e-05
1.71775e-05
8.25894e-05
1.54607e-05
6.85361e-05
1.36865e-05
5.58283e-05
1.19112e-05
4.4631e-05
1.01864e-05
3.50068e-05
8.55599e-06
2.69318e-05
7.05481e-06
2.03153e-05
5.70737e-06
1.50192e-05
4.52777e-06
1.08776e-05
3.52029e-06
7.71303e-06
2.68057e-06
5.34975e-06
1.99732e-06
3.62341e-06
1.45412e-06
2.38668e-06
1.03114e-06
1.51117e-06
7.06601e-07
8.85876e-07
4.57418e-07
4.11897e-07
2.59048e-07
8.51974e-08
0.000117955
1.31109e-05
0.000127396
1.43031e-05
0.000134146
1.5397e-05
0.000138234
1.62912e-05
0.000139546
1.69656e-05
0.000138103
1.73962e-05
0.000134066
1.75676e-05
0.000127713
1.7474e-05
0.000119422
1.71201e-05
0.000109636
1.65204e-05
9.88332e-05
1.5699e-05
8.74893e-05
1.46883e-05
7.6052e-05
1.35269e-05
6.49152e-05
1.22578e-05
5.44021e-05
1.0926e-05
4.47557e-05
9.57564e-06
3.61373e-05
8.24793e-06
2.86304e-05
6.97902e-06
2.22504e-05
5.79839e-06
1.69565e-05
4.72788e-06
1.26664e-05
3.78131e-06
9.27026e-06
2.96475e-06
6.64343e-06
2.27727e-06
4.65756e-06
1.71209e-06
3.1887e-06
1.25791e-06
2.12268e-06
9.00245e-07
1.35748e-06
6.22411e-07
8.02623e-07
4.06157e-07
3.75396e-07
2.31449e-07
7.63787e-08
8.02078e-05
9.16831e-06
8.74786e-05
1.01069e-05
9.29833e-05
1.09895e-05
9.67187e-05
1.17356e-05
9.85576e-05
1.23283e-05
9.84654e-05
1.27464e-05
9.6502e-05
1.29746e-05
9.2817e-05
1.3005e-05
8.76364e-05
1.28371e-05
8.12444e-05
1.24784e-05
7.39619e-05
1.19439e-05
6.6123e-05
1.12553e-05
5.80532e-05
1.04397e-05
5.005e-05
9.52851e-06
4.23682e-05
8.55509e-06
3.521e-05
7.55318e-06
2.87209e-05
6.55495e-06
2.29896e-05
5.5893e-06
1.80526e-05
4.68058e-06
1.39022e-05
3.84758e-06
1.04954e-05
3.10316e-06
7.76407e-06
2.45416e-06
5.62468e-06
1.90194e-06
3.98669e-06
1.44305e-06
2.75942e-06
1.07016e-06
1.85672e-06
7.73026e-07
1.1994e-06
5.3926e-07
7.15265e-07
3.54729e-07
3.36507e-07
2.03393e-07
6.73448e-08
5.3365e-05
6.24595e-06
5.87924e-05
6.96166e-06
6.30959e-05
7.64998e-06
6.62592e-05
8.24908e-06
6.81656e-05
8.74534e-06
6.87573e-05
9.12101e-06
6.80399e-05
9.36237e-06
6.60819e-05
9.46065e-06
6.30091e-05
9.41258e-06
5.89946e-05
9.22074e-06
5.42451e-05
8.89347e-06
4.89857e-05
8.44446e-06
4.34448e-05
7.89204e-06
3.78391e-05
7.25803e-06
3.23616e-05
6.56654e-06
2.71733e-05
5.84254e-06
2.23973e-05
5.1104e-06
1.81169e-05
4.39266e-06
1.43778e-05
3.7088e-06
1.11914e-05
3.07453e-06
8.54075e-06
2.50121e-06
6.38762e-06
1.99578e-06
4.67896e-06
1.56089e-06
3.35352e-06
1.19539e-06
2.34711e-06
8.94925e-07
1.59654e-06
6.52561e-07
1.04183e-06
4.59347e-07
6.26667e-07
3.04595e-07
2.96551e-07
1.75722e-07
5.83751e-08
3.4727e-05
4.14447e-06
3.8659e-05
4.67316e-06
4.18994e-05
5.19216e-06
4.44294e-05
5.6558e-06
4.61523e-05
6.05361e-06
4.70072e-05
6.37144e-06
4.69737e-05
6.59766e-06
4.60739e-05
6.72387e-06
4.43707e-05
6.7455e-06
4.19628e-05
6.66212e-06
3.89771e-05
6.4776e-06
3.55592e-05
6.19989e-06
3.18632e-05
5.84064e-06
2.80411e-05
5.41445e-06
2.42339e-05
4.93808e-06
2.05641e-05
4.42938e-06
1.71306e-05
3.90631e-06
1.4006e-05
3.38586e-06
1.12362e-05
2.88323e-06
8.84207e-06
2.41108e-06
6.82283e-06
1.97907e-06
5.16009e-06
1.59366e-06
3.82265e-06
1.25811e-06
2.77103e-06
9.72747e-07
1.96145e-06
7.35289e-07
1.34894e-06
5.41292e-07
8.89302e-07
3.84499e-07
5.39545e-07
2.57019e-07
2.56809e-07
1.49182e-07
4.97204e-08
2.20941e-05
2.67824e-06
2.4861e-05
3.05654e-06
2.72178e-05
3.43506e-06
2.91482e-05
3.7813e-06
3.05778e-05
4.08757e-06
3.14525e-05
4.34311e-06
3.17429e-05
4.53859e-06
3.14473e-05
4.66666e-06
3.05916e-05
4.72252e-06
2.92273e-05
4.70416e-06
2.74279e-05
4.61266e-06
2.52835e-05
4.45207e-06
2.28937e-05
4.22929e-06
2.03611e-05
3.95362e-06
1.77848e-05
3.63621e-06
1.52545e-05
3.28939e-06
1.28458e-05
2.92592e-06
1.06181e-05
2.55825e-06
8.61284e-06
2.19785e-06
6.85369e-06
1.85459e-06
5.34848e-06
1.53638e-06
4.09138e-06
1.24887e-06
3.06597e-06
9.95425e-07
2.24831e-06
7.77175e-07
1.60979e-06
5.93237e-07
1.11948e-06
4.4095e-07
7.45656e-07
3.16098e-07
4.56313e-07
2.13e-07
2.18449e-07
1.24384e-07
4.15896e-08
1.37378e-05
1.68544e-06
1.56298e-05
1.94768e-06
1.72886e-05
2.2148e-06
1.87023e-05
2.46453e-06
1.98165e-05
2.6915e-06
2.05879e-05
2.88787e-06
2.09877e-05
3.04653e-06
2.10037e-05
3.16152e-06
2.06419e-05
3.2284e-06
1.99258e-05
3.24463e-06
1.88949e-05
3.20968e-06
1.76019e-05
3.1252e-06
1.61084e-05
2.99486e-06
1.44809e-05
2.82423e-06
1.27864e-05
2.62038e-06
1.10877e-05
2.39149e-06
9.44056e-06
2.1463e-06
7.89088e-06
1.89364e-06
6.47311e-06
1.64185e-06
5.20995e-06
1.39841e-06
4.11277e-06
1.16951e-06
3.18288e-06
9.59882e-07
2.41327e-06
7.72628e-07
1.79058e-06
6.09245e-07
1.29707e-06
4.69695e-07
9.1222e-07
3.5254e-07
6.13933e-07
2.55051e-07
3.78963e-07
1.73249e-07
1.82463e-07
1.01782e-07
3.41411e-08
8.34521e-06
1.03286e-06
9.60261e-06
1.209e-06
1.07339e-05
1.39147e-06
1.17312e-05
1.56557e-06
1.25568e-05
1.72773e-06
1.31784e-05
1.87249e-06
1.35717e-05
1.99469e-06
1.37221e-05
2.08977e-06
1.3626e-05
2.15403e-06
1.32917e-05
2.18495e-06
1.2738e-05
2.1813e-06
1.19938e-05
2.14331e-06
1.10953e-05
2.07268e-06
1.00838e-05
1.97244e-06
9.0025e-06
1.84684e-06
7.89394e-06
1.70106e-06
6.79733e-06
1.54085e-06
5.74652e-06
1.37223e-06
4.76853e-06
1.20109e-06
3.88287e-06
1.03286e-06
3.10138e-06
8.72256e-07
2.42881e-06
7.2302e-07
1.86368e-06
5.87827e-07
1.39946e-06
4.6822e-07
1.02581e-06
3.64618e-07
7.29725e-07
2.76368e-07
4.96273e-07
2.01788e-07
3.08999e-07
1.38169e-07
1.4963e-07
8.16582e-08
2.74775e-08
4.9512e-06
6.1631e-07
5.76358e-06
7.30956e-07
6.51184e-06
8.51635e-07
7.19125e-06
9.69e-07
7.7769e-06
1.0808e-06
8.24617e-06
1.18341e-06
8.58033e-06
1.27326e-06
8.76609e-06
1.34704e-06
8.79668e-06
1.40188e-06
8.67245e-06
1.4356e-06
8.401e-06
1.44681e-06
7.99663e-06
1.43506e-06
7.47937e-06
1.40086e-06
6.87349e-06
1.3457e-06
6.20581e-06
1.27195e-06
5.50385e-06
1.18269e-06
4.79406e-06
1.08156e-06
4.10034e-06
9.72507e-07
3.44276e-06
8.59524e-07
2.83688e-06
7.46433e-07
2.29334e-06
6.36659e-07
1.81796e-06
5.3306e-07
1.41213e-06
4.37802e-07
1.07345e-06
3.52285e-07
7.96408e-07
2.77117e-07
5.73146e-07
2.12111e-07
3.93931e-07
1.56292e-07
2.47424e-07
1.07865e-07
1.20497e-07
6.4125e-08
2.16449e-08
2.86864e-06
3.5795e-07
3.37904e-06
4.30237e-07
3.85942e-06
5.07488e-07
4.3073e-06
5.83987e-07
4.70693e-06
6.5839e-07
5.04322e-06
7.28399e-07
5.30284e-06
7.91658e-07
5.47521e-06
8.45881e-07
5.55333e-06
8.88994e-07
5.53443e-06
9.19267e-07
5.42022e-06
9.35439e-07
5.21685e-06
9.36814e-07
4.9345e-06
9.23321e-07
4.58662e-06
8.95532e-07
4.18902e-06
8.54639e-07
3.75872e-06
8.02381e-07
3.31285e-06
7.40932e-07
2.86751e-06
6.72764e-07
2.43695e-06
6.00484e-07
2.03282e-06
5.26674e-07
1.66384e-06
4.53734e-07
1.33557e-06
3.83749e-07
1.0506e-06
3.18379e-07
8.08752e-07
2.58792e-07
6.07523e-07
2.05615e-07
4.4244e-07
1.58906e-07
3.07392e-07
1.18141e-07
1.9478e-07
8.21669e-08
9.54019e-08
4.91297e-08
1.66342e-08
1.62367e-06
2.02049e-07
1.93583e-06
2.46117e-07
2.23561e-06
2.93891e-07
2.52196e-06
3.42009e-07
2.78534e-06
3.89719e-07
3.01617e-06
4.3563e-07
3.2055e-06
4.78263e-07
3.34561e-06
5.1612e-07
3.43064e-06
5.4778e-07
3.45706e-06
5.71982e-07
3.42398e-06
5.87716e-07
3.33329e-06
5.94294e-07
3.18954e-06
5.91408e-07
2.99965e-06
5.7916e-07
2.7724e-06
5.58063e-07
2.51781e-06
5.29017e-07
2.24645e-06
4.93248e-07
1.96875e-06
4.52231e-07
1.69433e-06
4.07593e-07
1.43151e-06
3.61004e-07
1.18692e-06
3.14075e-07
9.6529e-07
2.68259e-07
7.69393e-07
2.24764e-07
6.00126e-07
1.84494e-07
4.56674e-07
1.47998e-07
3.36708e-07
1.1544e-07
2.3655e-07
8.65624e-08
1.51248e-07
6.06507e-08
7.45063e-08
3.6467e-08
1.2384e-08
9.00007e-07
1.10158e-07
1.08651e-06
1.35933e-07
1.26909e-06
1.64253e-07
1.4475e-06
1.93227e-07
1.6162e-06
2.22462e-07
1.76938e-06
2.5116e-07
1.90131e-06
2.78442e-07
2.00672e-06
3.03383e-07
2.0812e-06
3.25067e-07
2.12155e-06
3.42644e-07
2.12603e-06
3.55383e-07
2.09454e-06
3.62725e-07
2.02865e-06
3.64329e-07
1.93153e-06
3.60099e-07
1.80771e-06
3.50196e-07
1.66275e-06
3.35038e-07
1.50287e-06
3.15268e-07
1.33453e-06
2.91716e-07
1.16397e-06
2.65344e-07
9.96863e-07
2.37178e-07
8.38003e-07
2.08245e-07
6.91091e-07
1.79499e-07
5.58625e-07
1.51769e-07
4.4187e-07
1.25702e-07
3.40892e-07
1.01727e-07
2.54636e-07
8.00199e-08
1.80988e-07
6.04735e-08
1.16807e-07
4.26617e-08
5.78756e-08
2.57871e-08
8.78335e-09
4.94028e-07
5.64894e-08
6.04332e-07
7.05182e-08
7.14347e-07
8.61238e-08
8.24249e-07
1.02311e-07
9.30944e-07
1.18889e-07
1.03102e-06
1.35435e-07
1.12093e-06
1.51467e-07
1.19722e-06
1.66461e-07
1.25679e-06
1.7988e-07
1.29706e-06
1.91206e-07
1.31625e-06
1.9997e-07
1.31349e-06
2.05791e-07
1.2889e-06
2.08397e-07
1.24364e-06
2.07654e-07
1.17979e-06
2.03575e-07
1.10026e-06
1.96324e-07
1.00853e-06
1.8621e-07
9.08437e-07
1.73662e-07
8.03915e-07
1.59204e-07
6.98719e-07
1.43416e-07
5.96206e-07
1.26898e-07
4.99154e-07
1.10223e-07
4.09634e-07
9.39046e-08
3.28929e-07
7.83595e-08
2.57509e-07
6.38783e-08
1.95029e-07
5.06011e-08
1.40335e-07
3.84933e-08
9.14584e-08
2.73176e-08
4.55888e-08
1.65946e-08
5.66969e-09
2.81135e-07
2.37904e-08
3.48791e-07
2.99502e-08
4.17528e-07
3.68786e-08
4.8772e-07
4.41416e-08
5.57632e-07
5.16593e-08
6.25236e-07
5.92505e-08
6.88314e-07
6.6702e-08
7.44583e-07
7.37771e-08
7.91833e-07
8.02271e-08
8.28088e-07
8.58056e-08
8.51744e-07
9.02838e-08
8.61704e-07
9.34661e-08
8.57469e-07
9.52052e-08
8.39191e-07
9.54131e-08
8.07677e-07
9.40699e-08
7.64336e-07
9.12265e-08
7.11087e-07
8.70028e-08
6.50215e-07
8.15798e-08
5.84215e-07
7.51874e-08
5.15619e-07
6.80882e-08
4.46819e-07
6.05589e-08
3.79926e-07
5.28708e-08
3.16638e-07
4.52708e-08
2.58151e-07
3.7964e-08
2.05094e-07
3.10985e-08
1.57491e-07
2.47514e-08
1.14727e-07
1.89159e-08
7.55253e-08
1.34852e-08
3.79166e-08
8.22799e-09
2.81993e-09
1.91671e-07
2.40641e-07
2.91129e-07
3.43594e-07
3.96889e-07
4.49609e-07
5.00145e-07
5.46765e-07
5.8771e-07
6.21312e-07
6.46109e-07
6.60954e-07
6.65113e-07
6.5833e-07
6.40855e-07
6.13443e-07
5.77297e-07
5.33991e-07
4.85348e-07
4.33317e-07
3.79824e-07
3.2665e-07
2.75299e-07
2.2691e-07
1.82172e-07
1.41267e-07
1.03825e-07
6.88794e-08
3.48192e-08
)
;

boundaryField
{
    inlet
    {
        type            calculated;
        value           uniform 0;
    }
    outlet
    {
        type            calculated;
        value           uniform 0;
    }
    flap
    {
        type            calculated;
        value           nonuniform List<scalar> 
33
(
0.000119061
0.000391312
0.00072138
0.00110622
0.00153125
0.00195258
0.00234756
0.00271679
0.00303814
0.0032715
0.00339027
0.00340641
0.00332143
0.00308962
0.00272401
0.000223017
0.000121074
1.96219e-05
-0.000115685
-0.000381871
-0.000710997
-0.00110234
-0.00153921
-0.0019829
-0.00240219
-0.00278627
-0.00311011
-0.00333282
-0.00343412
-0.00343486
-0.00333448
-0.00309135
-0.00273335
)
;
    }
    upperWall
    {
        type            calculated;
        value           nonuniform List<scalar> 
63
(
0
0
0
0
5.49428e-16
0
0
0
0
0
9.52047e-16
-9.29561e-16
0
0
0
8.44805e-16
0
0
0
0
0
7.31938e-16
7.14651e-16
0
0
0
0
0
0
0
0
0
0
0
0
0
0
0
0
0
0
7.31939e-16
0
0
7.8635e-16
0
-4.12426e-16
0
0
8.8617e-16
0
0
0
-1.05781e-22
0
0
0
0
0
0
0
0
0
)
;
    }
    lowerWall
    {
        type            calculated;
        value           uniform 0;
    }
    frontAndBack
    {
        type            empty;
        value           nonuniform List<scalar> 0();
    }
}


// ************************************************************************* //
