/*--------------------------------*- C++ -*----------------------------------*\
| =========                 |                                                 |
| \\      /  F ield         | OpenFOAM: The Open Source CFD Toolbox           |
|  \\    /   O peration     | Version:  2012                                  |
|   \\  /    A nd           | Website:  www.openfoam.com                      |
|    \\/     M anipulation  |                                                 |
\*---------------------------------------------------------------------------*/
FoamFile
{
    version     2.0;
    format      ascii;
    class       surfaceScalarField;
    location    "0.2";
    object      phi;
}
// * * * * * * * * * * * * * * * * * * * * * * * * * * * * * * * * * * * * * //

dimensions      [0 3 -1 0 0 0 0];
oriented        oriented;


internalField   nonuniform List<scalar> 
5457
(
0.198463
0.0015363
0.196612
0.00185109
0.194445
0.00216598
0.191919
0.00252433
0.189044
0.00287311
0.185842
0.00319869
0.182334
0.00350274
0.178535
0.0037906
0.174454
0.00406928
0.17009
0.00434731
0.165433
0.00463382
0.160465
0.00493739
0.155159
0.00526524
0.149485
0.00562275
0.14341
0.00601328
0.136898
0.00643803
0.129918
0.00689604
0.122442
0.00738392
0.114451
0.00789567
0.105933
0.00842237
0.0968938
0.00895202
0.0873499
0.00946958
0.0773371
0.00995727
0.0669083
0.0103957
0.0561325
0.0107661
0.0450906
0.0110529
0.0338671
0.0112478
0.022539
0.011351
0.0111342
0.0113959
0.0111028
0.199962
0.00157354
0.199258
0.00255557
0.198082
0.00334091
0.196454
0.00415114
0.194365
0.00495968
0.191825
0.00573518
0.188854
0.00646943
0.185471
0.00716527
0.181697
0.00783201
0.177544
0.00848407
0.173016
0.00913883
0.168108
0.00981414
0.162807
0.0105261
0.157092
0.0112877
0.150934
0.012108
0.144306
0.0129921
0.137177
0.0139403
0.129519
0.0149481
0.121311
0.0160056
0.112538
0.0170971
0.103197
0.0182001
0.0932996
0.0192859
0.0828735
0.0203199
0.0719626
0.021264
0.0606273
0.0220805
0.0489392
0.0227392
0.0369716
0.0232255
0.0247832
0.0235478
0.0123882
0.0237728
0.023441
0.199814
0.00175969
0.199164
0.00320449
0.198053
0.00445181
0.196507
0.00569568
0.194523
0.00694168
0.192103
0.00815239
0.189258
0.00930845
0.186008
0.0104078
0.182368
0.0114605
0.178351
0.0124856
0.173959
0.0135078
0.169189
0.0145535
0.164028
0.0156473
0.158454
0.0168102
0.152442
0.0180575
0.145959
0.019399
0.138975
0.0208378
0.131455
0.02237
0.123373
0.0239841
0.114704
0.0256598
0.105435
0.027367
0.0955608
0.029066
0.0850942
0.0307075
0.0740623
0.0322348
0.0625109
0.0335899
0.0505041
0.0347205
0.0381238
0.0355907
0.0254709
0.0361847
0.0126677
0.0365434
0.0360684
0.199736
0.00202371
0.199084
0.00385615
0.197992
0.00554243
0.196473
0.0072139
0.194528
0.00888509
0.192159
0.0105176
0.189379
0.0120834
0.186204
0.0135752
0.18265
0.0150037
0.178727
0.0163925
0.174439
0.0177731
0.169781
0.0191805
0.164741
0.0206476
0.159296
0.0222032
0.153419
0.0238696
0.147079
0.0256618
0.140239
0.027587
0.132863
0.0296436
0.124915
0.0318204
0.116363
0.0340955
0.107179
0.0364343
0.0973444
0.0387891
0.0868531
0.0410979
0.0757151
0.0432864
0.0639628
0.0452717
0.0516588
0.046969
0.0389062
0.0482991
0.0258647
0.0491868
0.0127672
0.0495981
0.0488015
0.199699
0.00232395
0.199039
0.00451652
0.197967
0.00661347
0.196479
0.00870078
0.194577
0.0107852
0.192265
0.0128262
0.189555
0.014789
0.186461
0.0166616
0.182999
0.0184546
0.179179
0.0201959
0.175005
0.0219243
0.170472
0.0236826
0.165566
0.0255124
0.160266
0.0274505
0.154543
0.0295264
0.148363
0.0317616
0.141687
0.0341683
0.134473
0.036749
0.126677
0.0394956
0.118256
0.0423871
0.109169
0.045388
0.0993798
0.0484454
0.0888633
0.0514876
0.0776109
0.0544221
0.0656424
0.0571367
0.0530209
0.0595019
0.0398728
0.0613738
0.0264128
0.062588
0.0129627
0.063003
0.0617407
0.199684
0.00263948
0.199023
0.0051778
0.197975
0.00766069
0.196526
0.0101478
0.194678
0.0126321
0.192433
0.0150677
0.189804
0.0174134
0.186805
0.0196531
0.183451
0.0217973
0.179753
0.0238781
0.175713
0.025941
0.171328
0.0280369
0.166582
0.030216
0.161456
0.0325235
0.155917
0.0349966
0.149931
0.0376641
0.143455
0.0405448
0.136441
0.0436474
0.128837
0.0469691
0.120587
0.0504936
0.111636
0.0541879
0.101927
0.0579982
0.0914132
0.0618458
0.0800642
0.0656214
0.0678818
0.0691801
0.054923
0.0723378
0.0413288
0.0748668
0.0273561
0.0764877
0.0133911
0.0769289
0.0751294
0.199681
0.00295832
0.199027
0.00583114
0.198008
0.008679
0.196607
0.0115479
0.194821
0.0144167
0.192654
0.0172311
0.190119
0.0199439
0.18723
0.0225349
0.184001
0.0250147
0.180443
0.0274194
0.176561
0.0298009
0.172348
0.0322182
0.167792
0.0347301
0.16287
0.0373902
0.157552
0.0402442
0.151801
0.0433289
0.14557
0.0466713
0.138806
0.0502883
0.131449
0.0541855
0.123431
0.0583547
0.114679
0.06277
0.105116
0.067382
0.0946677
0.0721101
0.0832742
0.0768319
0.0709087
0.0813711
0.057606
0.0854831
0.0435019
0.0888425
0.0288748
0.0910295
0.0141551
0.0916187
0.0893095
0.199685
0.00327315
0.199047
0.00646892
0.198062
0.00966274
0.196715
0.0128944
0.195
0.0161299
0.192922
0.0193057
0.190493
0.0223679
0.187728
0.0252926
0.184641
0.0280904
0.181244
0.0308009
0.177539
0.0334825
0.173524
0.0362019
0.169185
0.0390264
0.164501
0.0420181
0.159442
0.0452317
0.153969
0.0487128
0.148033
0.052498
0.141578
0.0566143
0.134535
0.0610785
0.126825
0.0658947
0.118359
0.0710494
0.109035
0.0765044
0.0987489
0.0821855
0.0874007
0.0879662
0.0749176
0.0936458
0.0612871
0.0989229
0.0466065
0.103367
0.0311439
0.106392
0.0153549
0.107382
0.104706
0.199694
0.003579
0.199078
0.00708458
0.198134
0.0106058
0.196847
0.0141803
0.195212
0.0177633
0.193233
0.0212813
0.190923
0.0246736
0.188296
0.0279124
0.185367
0.0310084
0.182147
0.0340046
0.178641
0.0369651
0.174847
0.0399643
0.170753
0.0430775
0.166338
0.0463757
0.161575
0.0499222
0.156424
0.0537722
0.150836
0.0579728
0.144753
0.0625631
0.1381
0.0675737
0.130789
0.0730251
0.122715
0.0789222
0.113752
0.0852468
0.103762
0.0919428
0.0925923
0.0988948
0.0801041
0.105896
0.0662011
0.112605
0.0508922
0.118492
0.034381
0.122783
0.0171198
0.124612
0.121872
0.199706
0.00387238
0.199118
0.00767285
0.19822
0.0115027
0.197
0.0153994
0.195453
0.019309
0.193582
0.0231485
0.191401
0.0268499
0.188925
0.0303816
0.186168
0.0337542
0.183143
0.0370137
0.179855
0.0402296
0.176304
0.0434833
0.172481
0.0468579
0.168367
0.0504325
0.163936
0.0542794
0.159151
0.0584636
0.153965
0.063043
0.14832
0.0680698
0.142138
0.0735911
0.135328
0.0796469
0.12777
0.0862672
0.119319
0.0934634
0.109798
0.101213
0.0989966
0.109435
0.086684
0.117948
0.0726355
0.126409
0.0566973
0.134223
0.0389132
0.140426
0.019665
0.143818
0.141579
0.199721
0.00415068
0.199164
0.00822945
0.198318
0.0123485
0.19717
0.016546
0.195717
0.0207603
0.193964
0.0248989
0.191922
0.0288869
0.189608
0.0326889
0.187036
0.0363148
0.184221
0.0398132
0.181169
0.0432586
0.177882
0.0467387
0.174353
0.0503437
0.170567
0.0541605
0.166503
0.0582697
0.162126
0.0627454
0.157396
0.0676567
0.152255
0.0730694
0.14663
0.0790474
0.140429
0.0856538
0.133528
0.0929484
0.125766
0.100982
0.116933
0.109783
0.106759
0.119335
0.0949038
0.129529
0.0809637
0.140089
0.0645202
0.150443
0.0452867
0.159503
0.0233826
0.165667
0.165001
0.199739
0.00441181
0.199217
0.00875076
0.198426
0.0131386
0.197356
0.0176147
0.196004
0.0221106
0.194375
0.0265252
0.192481
0.0307762
0.190339
0.0348243
0.187964
0.0386787
0.185371
0.0423901
0.18257
0.0460372
0.179564
0.0497131
0.17635
0.0535144
0.172919
0.0575349
0.169252
0.0618625
0.165323
0.0665799
0.161096
0.0717661
0.156523
0.0774995
0.15154
0.0838611
0.14606
0.0909372
0.139964
0.0988201
0.133091
0.107607
0.125212
0.117394
0.116009
0.128259
0.105033
0.140225
0.0916682
0.153188
0.075112
0.16677
0.0544646
0.179985
0.0291027
0.190963
0.194125
0.199757
0.00465418
0.199274
0.00923393
0.198542
0.0138695
0.197555
0.0186013
0.196309
0.0233549
0.19481
0.0280209
0.193072
0.0325102
0.19111
0.0367793
0.188941
0.0408363
0.186582
0.0447333
0.184044
0.0485526
0.181335
0.0523918
0.178454
0.0563528
0.175397
0.0605349
0.172154
0.0650325
0.168705
0.0699347
0.165025
0.0753291
0.161078
0.0813047
0.156813
0.0879571
0.152161
0.0953933
0.14702
0.103737
0.141246
0.113133
0.134623
0.123751
0.126819
0.135784
0.117321
0.149445
0.105322
0.164925
0.0895662
0.182303
0.0681678
0.201225
0.0386732
0.220395
0.232812
0.199777
0.00487661
0.199334
0.00967676
0.198665
0.0145381
0.197763
0.0195021
0.196627
0.0244889
0.195264
0.0293811
0.193687
0.0340832
0.191912
0.0385474
0.189957
0.0427801
0.187841
0.0468344
0.185576
0.0507951
0.183174
0.0547635
0.18064
0.0588455
0.177974
0.0631447
0.175175
0.0677597
0.172233
0.0727847
0.169134
0.0783128
0.165859
0.0844404
0.162376
0.0912732
0.158643
0.0989334
0.154591
0.107568
0.150119
0.117361
0.14506
0.128546
0.139141
0.141431
0.131888
0.156426
0.12246
0.1741
0.109296
0.195256
0.0893744
0.221006
0.056595
0.253136
0.289437
0.199798
0.00507812
0.199397
0.0100774
0.198793
0.015142
0.197979
0.0203143
0.196958
0.0255091
0.195734
0.030602
0.194322
0.0354908
0.192739
0.0401235
0.191004
0.0445045
0.189136
0.0486873
0.187152
0.0527581
0.185064
0.0568207
0.182885
0.0609838
0.180622
0.0653537
0.17828
0.0700315
0.175861
0.0751137
0.173366
0.0806958
0.170794
0.086877
0.168138
0.093767
0.165389
0.101494
0.162528
0.110216
0.159518
0.120134
0.156292
0.131517
0.152721
0.144737
0.148549
0.160333
0.143251
0.17915
0.135659
0.202638
0.122788
0.233734
0.0948369
0.281036
0.384356
-0.00817267
0.00818292
-0.0168334
0.00863224
-0.0254956
0.00861138
-0.0335936
0.00805941
-0.0406742
0.00706737
-0.0461774
0.00551881
-0.0496607
0.00352517
-0.0506326
0.00103498
-0.0487883
-0.00176626
-0.0440087
-0.00469259
-0.0361024
-0.00781589
-0.0254291
-0.0105844
-0.0125282
-0.0128175
0.00196026
-0.0144131
0.0173323
-0.0153067
0.0329942
-0.015607
0.0484564
-0.0154176
0.0633347
-0.0148432
0.0773475
-0.013986
0.0903092
-0.0129418
0.102091
-0.0117676
0.112665
-0.0105636
0.122058
-0.0093862
0.13032
-0.0082576
0.137515
-0.00719246
0.143723
-0.00620606
0.149032
-0.00530783
0.153531
-0.0044984
0.157308
-0.00377723
-0.00319609
-0.00864771
0.0168367
-0.0176274
0.0175802
-0.0265286
0.0174706
-0.0349198
0.0164242
-0.0422042
0.0143509
-0.0478842
0.0112255
-0.0514316
0.00712381
-0.0523431
0.00201724
-0.0502657
-0.00375935
-0.0450899
-0.00977655
-0.0367001
-0.0161117
-0.0253737
-0.0218193
-0.011867
-0.0262389
0.00316306
-0.0293668
0.0190316
-0.0311091
0.0351459
-0.0316662
0.0510221
-0.0312491
0.066283
-0.0300691
0.0806543
-0.0283306
0.0939526
-0.0262204
0.106087
-0.0238878
0.117012
-0.0214791
0.126745
-0.0191125
0.135336
-0.0168444
0.142852
-0.0147056
0.149371
-0.0127232
0.154978
-0.0109133
0.159756
-0.00927631
0.163783
-0.00780372
-0.00650504
-0.00941886
0.0262443
-0.019104
0.0272375
-0.0286354
0.0269795
-0.0375738
0.0253603
-0.0453897
0.0221893
-0.0515142
0.0173976
-0.0553214
0.0110002
-0.0563121
0.00309346
-0.0540494
-0.00592581
-0.0482789
-0.0154457
-0.0390249
-0.0252644
-0.026973
-0.0337741
-0.0126763
-0.0404462
0.00304716
-0.045011
0.0194438
-0.0474378
0.0359391
-0.048105
0.0520679
-0.0473325
0.0674739
-0.0454397
0.0819059
-0.0427358
0.0952011
-0.0394958
0.107277
-0.0359496
0.118118
-0.0323098
0.12775
-0.0287382
0.136232
-0.0253223
0.14364
-0.022111
0.150059
-0.0191402
0.155576
-0.016429
0.160275
-0.0139749
0.164231
-0.01176
-0.00977211
-0.0106398
0.036872
-0.0213849
0.0379663
-0.031864
0.0374625
-0.0417245
0.0352502
-0.0504383
0.030957
-0.0572301
0.0242651
-0.0614368
0.0153003
-0.0624425
0.00420495
-0.0596601
-0.00859538
-0.0528996
-0.0220916
-0.0424627
-0.0355895
-0.0290639
-0.0470679
-0.0135539
-0.055861
0.00314762
-0.061629
0.0202635
-0.0644828
0.0372583
-0.0650414
0.0537019
-0.0637293
0.0692726
-0.0609741
0.0837519
-0.0571877
0.097006
-0.0527298
0.10898
-0.0479092
0.119682
-0.0430024
0.129157
-0.0382062
0.137474
-0.0336343
0.144718
-0.029353
0.150985
-0.0254048
0.156364
-0.0218077
0.160944
-0.0185534
0.164798
-0.0156143
-0.0129614
-0.012204
0.0490674
-0.0244721
0.050237
-0.0364109
0.0494377
-0.047605
0.046511
-0.0574228
0.0408651
-0.065145
0.0320959
-0.0697059
0.019983
-0.0703371
0.00496573
-0.0664693
-0.012331
-0.0580472
-0.0303834
-0.0457786
-0.047734
-0.0306776
-0.0620545
-0.0136923
-0.072744
0.00411146
-0.079344
0.0219976
-0.0822943
0.0394906
-0.0824734
0.0562122
-0.0804025
0.0718889
-0.0766134
0.0863442
-0.0716149
0.0994787
-0.0658438
0.111276
-0.0596917
0.121768
-0.0534847
0.131017
-0.0474483
0.139106
-0.0417187
0.146132
-0.0363771
0.152198
-0.031469
0.157399
-0.0270077
0.161823
-0.0229769
0.165548
-0.0193383
-0.0160486
-0.0141167
0.0631924
-0.0283384
0.064489
-0.0422021
0.0633758
-0.0551473
0.0595634
-0.0663383
0.0521848
-0.074717
0.0406176
-0.0792311
0.0246486
-0.0787754
0.00466467
-0.0729706
-0.0179828
-0.0621398
-0.0410671
-0.0475646
-0.0621718
-0.0304788
-0.0790154
-0.0119954
-0.0911173
0.00680342
-0.0980484
0.0253246
-0.100737
0.0431577
-0.100243
0.0599892
-0.0971837
0.0756043
-0.0921899
0.0898753
-0.0858571
0.102751
-0.0786982
0.114248
-0.0711739
0.124422
-0.0636489
0.133353
-0.0563723
0.141137
-0.0494987
0.147883
-0.0431194
0.153695
-0.0372795
0.158673
-0.0319849
0.162906
-0.0272095
0.166472
-0.0229034
-0.0190085
-0.0164997
0.0797205
-0.0329971
0.0810493
-0.0489452
0.0794381
-0.0636326
0.0743987
-0.0759996
0.0647184
-0.0846384
0.0494329
-0.0882062
0.0283969
-0.085609
0.00224671
-0.0769068
-0.0265115
-0.0631312
-0.0546788
-0.046038
-0.0791141
-0.0270026
-0.0979156
-0.00731342
-0.110688
0.0121294
-0.117391
0.0309573
-0.119482
0.0488143
-0.118033
0.0654553
-0.113772
0.0807307
-0.107425
0.0945699
-0.0996666
0.106975
-0.0910812
0.117993
-0.0821776
0.127702
-0.073347
0.136194
-0.0648577
0.143578
-0.0568779
0.149965
-0.0495037
0.155463
-0.0427761
0.160172
-0.0366923
0.164178
-0.0312146
0.167556
-0.0262813
-0.0218193
-0.0188894
0.0986564
-0.0376511
0.099903
-0.0555279
0.0974657
-0.0715617
0.0906175
-0.0843781
0.0777351
-0.0923528
0.0576142
-0.0938883
0.0301389
-0.0881018
-0.00333818
-0.0758178
-0.0386031
-0.0589675
-0.0713497
-0.0395526
-0.0983656
-0.0190123
-0.118311
0.00127982
-0.130855
0.0208391
-0.136844
0.0394935
-0.138049
0.0569282
-0.135398
0.0729683
-0.129758
0.0875381
-0.121954
0.100626
-0.112724
0.112289
-0.102722
0.122603
-0.0924769
0.131663
-0.0823956
0.139571
-0.0727589
0.14644
-0.0637426
0.152382
-0.0554424
0.1575
-0.0478923
0.161888
-0.0410793
0.165628
-0.0349542
0.168791
-0.0294433
-0.0244591
-0.0207598
0.11947
-0.0410392
0.120292
-0.0599652
0.11657
-0.0764292
0.107295
-0.0887468
0.0902803
-0.0950017
0.0641
-0.0933754
0.0287406
-0.0835516
-0.0129415
-0.0675448
-0.0544013
-0.0479683
-0.0907332
-0.0268808
-0.119279
-0.00586727
-0.13917
0.0142357
-0.150825
0.0333908
-0.155888
0.0513081
-0.155875
0.0677846
-0.151802
0.0827389
-0.144656
0.0961729
-0.135346
0.108152
-0.124672
0.118768
-0.113315
0.128125
-0.101818
0.136331
-0.0905905
0.143495
-0.0799157
0.149726
-0.0699692
0.155128
-0.0608415
0.159795
-0.0525577
0.163811
-0.0450941
0.167248
-0.0383905
0.170167
-0.0323619
-0.0269077
-0.0211174
0.140631
-0.0413632
0.140652
-0.0598865
0.135285
-0.0754475
0.123088
-0.0861169
0.101195
-0.0895238
0.0677548
-0.0837838
0.0232446
-0.0697716
-0.0267188
-0.0505725
-0.0733791
-0.029195
-0.111907
-0.00772813
-0.140562
0.0126905
-0.159428
0.0319417
-0.169938
0.0499749
-0.173806
0.0665027
-0.172309
0.08143
-0.166655
0.0947771
-0.157946
0.106635
-0.14716
0.117127
-0.135132
0.126382
-0.122548
0.134526
-0.109946
0.141675
-0.0977286
0.147936
-0.0861695
0.153408
-0.0754362
0.158179
-0.0656095
0.162328
-0.0567046
0.165922
-0.0486872
0.169019
-0.0414874
0.171669
-0.0350109
-0.0291461
-0.0189004
0.159558
-0.0367641
0.158623
-0.0528721
0.151585
-0.0659734
0.136425
-0.073936
0.10941
-0.0730463
0.0671218
-0.0624788
0.0129307
-0.0451579
-0.0437951
-0.0239501
-0.0943565
-0.00267595
-0.132969
0.017569
-0.160617
0.0365866
-0.178278
0.0543134
-0.187523
0.0704474
-0.189822
0.0848788
-0.186645
0.0976438
-0.179344
0.10887
-0.169114
0.118725
-0.15697
0.127378
-0.143753
0.134989
-0.130135
0.141694
-0.116635
0.147609
-0.103632
0.152829
-0.0913828
0.157436
-0.0800385
0.161498
-0.0696677
0.16507
-0.0602748
0.1682
-0.0518163
0.170927
-0.0442143
0.173285
-0.037368
-0.0311581
-0.0132648
0.172843
-0.0257179
0.171172
-0.0369602
0.163008
-0.0457384
0.14543
-0.0495642
0.113485
-0.0433059
0.0611208
-0.0277213
-0.00239687
-0.00834338
-0.0629237
0.0114546
-0.113919
0.0306449
-0.151942
0.0488923
-0.178669
0.0657825
-0.194998
0.080964
-0.202559
0.0943282
-0.203065
0.105933
-0.198152
0.115946
-0.189279
0.124581
-0.177689
0.13206
-0.164404
0.138586
-0.150246
0.14433
-0.135855
0.149427
-0.121715
0.153979
-0.108173
0.158061
-0.0954577
0.16173
-0.0837023
0.165026
-0.0729609
0.16798
-0.0632274
0.170616
-0.0544509
0.172951
-0.0465487
0.175
-0.0394165
-0.0329309
-0.00410541
0.176955
-0.00776047
0.174897
-0.0117643
0.167165
-0.0136629
0.147536
-0.00962538
0.109684
0.00259098
0.0491557
0.0191952
-0.018746
0.0368208
-0.0802997
0.0540793
-0.13094
0.0708074
-0.168452
0.0860722
-0.193738
0.099529
-0.208283
0.111068
-0.213952
0.120778
-0.212653
0.128868
-0.206144
0.135606
-0.195939
0.141265
-0.183288
0.146096
-0.16919
0.150306
-0.154422
0.154053
-0.139579
0.157453
-0.125098
0.16058
-0.111289
0.163481
-0.0983509
0.16618
-0.0863963
0.168687
-0.0754656
0.171006
-0.0655442
0.173133
-0.0565768
0.175064
-0.0484789
0.176794
-0.0411465
-0.0344565
0.00955626
0.167375
0.0177006
0.166782
0.0234825
0.161499
0.0308592
0.140338
0.0434634
0.0972984
0.0588217
0.0340383
0.0745641
-0.0342394
0.0900664
-0.0955555
0.104331
-0.144969
0.117019
-0.180922
0.127751
-0.204274
0.136465
-0.216827
0.143317
-0.220657
0.148583
-0.217798
0.152595
-0.210057
0.15568
-0.198947
0.15813
-0.185678
0.160181
-0.171196
0.162012
-0.15622
0.163744
-0.141288
0.165453
-0.12679
0.167172
-0.112997
0.168911
-0.100082
0.170658
-0.0881384
0.172391
-0.0771958
0.174084
-0.0672349
0.175707
-0.0581995
0.177236
-0.050007
0.178648
-0.0425576
-0.0357329
0.0305553
0.136736
0.0512808
0.146073
0.0662202
0.146652
0.0829733
0.123743
0.102327
0.0781468
0.120909
0.0156848
0.136661
-0.0497505
0.149548
-0.108202
0.159496
-0.154687
0.16675
-0.187962
0.171625
-0.208957
0.174522
-0.219555
0.175892
-0.221883
0.176185
-0.217971
0.175807
-0.209582
0.175094
-0.198157
0.174305
-0.18483
0.173622
-0.170469
0.173161
-0.155727
0.172983
-0.141086
0.173104
-0.126895
0.173512
-0.113393
0.17417
-0.100733
0.175031
-0.0889943
0.176041
-0.0782022
0.177144
-0.0683367
0.178291
-0.059345
0.179435
-0.0511502
0.180538
-0.04366
-0.0367642
0.207473
0.00526449
0.207103
0.0104475
0.206545
0.0156987
0.205797
0.0210611
0.20486
0.0264448
0.203741
0.031718
0.202455
0.0367724
0.20102
0.0415512
0.199457
0.0460566
0.197788
0.0503413
0.196032
0.0544924
0.194207
0.058615
0.192331
0.0628192
0.190418
0.0672121
0.188483
0.0718953
0.186542
0.076965
0.184611
0.0825152
0.18271
0.0886426
0.180862
0.0954531
0.179099
0.10307
0.17746
0.111642
0.175996
0.121362
0.174779
0.132481
0.173908
0.145344
0.173538
0.160438
0.173946
0.178488
0.175787
0.200569
0.181476
0.227861
0.20547
0.256918
0.273098
0.31668
0.212516
0.00543095
0.212186
0.0107776
0.21169
0.0161942
0.211025
0.0217241
0.210196
0.0272726
0.209209
0.0327014
0.208082
0.0378957
0.206832
0.042794
0.205482
0.0473958
0.204056
0.0517524
0.202576
0.0559507
0.201065
0.0600957
0.199547
0.0642974
0.198043
0.0686623
0.196579
0.0732899
0.195183
0.0782731
0.193889
0.0837006
0.192738
0.089661
0.191787
0.0962484
0.191107
0.103568
0.190798
0.111745
0.191006
0.120928
0.191942
0.131302
0.19394
0.143091
0.197567
0.156553
0.203885
0.171918
0.215027
0.189189
0.234814
0.207859
0.264834
0.226714
0.243611
0.294174
0.217683
0.00557528
0.217397
0.0110633
0.216968
0.0166222
0.216396
0.022295
0.215684
0.0279828
0.214842
0.0335407
0.213885
0.0388477
0.212835
0.0438378
0.211714
0.0485067
0.210547
0.052904
0.209361
0.0571153
0.208183
0.0612443
0.207042
0.0653995
0.205968
0.0696846
0.204995
0.0741953
0.204165
0.0790183
0.203528
0.0842334
0.203146
0.0899167
0.203101
0.0961437
0.203504
0.102993
0.204504
0.110551
0.206311
0.118908
0.209229
0.128154
0.213708
0.138374
0.220416
0.149601
0.230329
0.161766
0.244667
0.174622
0.264515
0.187797
0.289952
0.201084
0.211397
0.322008
0.222976
0.00569565
0.222738
0.0113011
0.222382
0.0169771
0.22191
0.0227665
0.221325
0.028566
0.220637
0.0342249
0.219864
0.0396163
0.219026
0.044669
0.218148
0.0493752
0.217256
0.0537816
0.216379
0.0579714
0.215549
0.0620463
0.214799
0.0661115
0.214167
0.0702668
0.213696
0.0746019
0.213439
0.0791952
0.213458
0.0841154
0.213834
0.0894223
0.214668
0.0951697
0.216095
0.101406
0.218293
0.108173
0.221502
0.115502
0.226043
0.123403
0.232348
0.13185
0.240978
0.140751
0.252607
0.149922
0.267986
0.15904
0.288046
0.167551
0.314235
0.174736
0.178114
0.3474
0.228398
0.00579078
0.22821
0.0114884
0.227931
0.0172553
0.227563
0.0231334
0.227112
0.0290158
0.226588
0.0347461
0.226008
0.0401919
0.225393
0.045277
0.224769
0.0499897
0.224163
0.0543732
0.223607
0.0585077
0.223135
0.0624913
0.222786
0.0664252
0.222602
0.0704039
0.222634
0.0745099
0.222942
0.0788123
0.223599
0.0833665
0.224695
0.0882159
0.226345
0.0933914
0.228692
0.0989115
0.231922
0.10478
0.236268
0.110978
0.242027
0.117456
0.249566
0.124118
0.259322
0.130803
0.271808
0.137251
0.287606
0.143072
0.307356
0.147653
0.3317
0.150276
0.149887
0.359854
0.233952
0.00585883
0.233818
0.0116218
0.233621
0.0174517
0.233364
0.0233896
0.233053
0.0293251
0.2327
0.0350965
0.232321
0.0405664
0.231938
0.0456538
0.231576
0.0503425
0.231264
0.0546718
0.231035
0.0587182
0.230925
0.0625756
0.230976
0.0663404
0.231236
0.0701008
0.231758
0.0739318
0.232609
0.0778923
0.233867
0.0820252
0.235625
0.0863574
0.238001
0.0908997
0.241136
0.0956455
0.245203
0.100567
0.250413
0.105612
0.257016
0.11069
0.2653
0.115669
0.27559
0.120351
0.288229
0.124461
0.303539
0.127627
0.321721
0.129362
0.3428
0.129122
0.12643
0.366223
0.239641
0.00589895
0.239563
0.0116994
0.23945
0.0175637
0.239307
0.0235315
0.239142
0.0294891
0.238965
0.0352707
0.238793
0.040734
0.238647
0.0457933
0.238553
0.050428
0.238539
0.0546733
0.238639
0.0586012
0.23889
0.0623009
0.239336
0.0658635
0.240026
0.0693708
0.241018
0.07289
0.242377
0.0764704
0.244184
0.0801436
0.24653
0.0839225
0.249526
0.0878015
0.253301
0.091755
0.258009
0.0957347
0.263821
0.0996658
0.270933
0.103441
0.279553
0.106912
0.289888
0.109885
0.302119
0.11211
0.316362
0.113285
0.332599
0.113051
0.350665
0.111016
0.106931
0.370158
0.245468
0.00590989
0.245448
0.011719
0.245423
0.017588
0.245398
0.023555
0.245382
0.0295037
0.245386
0.0352643
0.245426
0.0406905
0.245521
0.0456923
0.245696
0.0502446
0.24598
0.0543782
0.246405
0.0581602
0.247009
0.0616752
0.247836
0.0650083
0.248936
0.0682355
0.250365
0.0714164
0.252188
0.0745923
0.25448
0.0777851
0.257328
0.0809971
0.260831
0.0842109
0.265099
0.0873888
0.270256
0.0904712
0.276436
0.0933744
0.283777
0.0959876
0.292409
0.0981698
0.302443
0.0997484
0.313946
0.100519
0.326911
0.10025
0.341222
0.0986941
0.356624
0.0955985
0.0908554
0.372714
0.251436
0.00589107
0.251475
0.0116793
0.251539
0.0175229
0.251635
0.023458
0.251771
0.0293663
0.251958
0.035075
0.252211
0.0404343
0.252547
0.0453502
0.252991
0.0497935
0.253568
0.0537902
0.254311
0.0574029
0.255256
0.0607109
0.256446
0.0637941
0.257927
0.0667225
0.259754
0.0695497
0.261989
0.0723103
0.264698
0.075019
0.267959
0.0776708
0.271854
0.0802416
0.276473
0.0826879
0.28191
0.0849468
0.288258
0.0869358
0.295605
0.0885515
0.304018
0.0896709
0.313538
0.0901521
0.324155
0.0898388
0.335792
0.0885673
0.348284
0.0861788
0.361354
0.0825316
0.0775984
0.374636
0.257547
0.00584239
0.257646
0.0115803
0.2578
0.0173685
0.258016
0.0232409
0.258303
0.0290776
0.258672
0.0347038
0.259136
0.039967
0.259712
0.04477
0.260419
0.0490796
0.261282
0.0529173
0.262331
0.0563411
0.2636
0.0594253
0.265128
0.0622448
0.266959
0.0648645
0.269142
0.067333
0.271731
0.0696801
0.274787
0.0719158
0.278371
0.0740314
0.282552
0.0760002
0.287395
0.0777782
0.292966
0.0793057
0.299324
0.0805073
0.306512
0.0812943
0.314553
0.081566
0.323436
0.0812135
0.333107
0.0801251
0.343454
0.0781937
0.354298
0.0753273
0.365384
0.0714588
0.0666039
0.376409
0.263806
0.0057635
0.263965
0.0114215
0.264208
0.0171243
0.264545
0.0229034
0.264983
0.0286382
0.265532
0.0341525
0.266204
0.0392923
0.267012
0.0439575
0.267975
0.0481113
0.269112
0.0517715
0.270451
0.0549911
0.272022
0.0578401
0.273859
0.0603888
0.276003
0.0626981
0.278495
0.0648126
0.281382
0.066759
0.284713
0.0685454
0.288538
0.070162
0.292906
0.071583
0.297864
0.0727682
0.30345
0.0736646
0.309695
0.0742085
0.31661
0.0743279
0.324184
0.0739458
0.332376
0.0729838
0.341107
0.0713677
0.350254
0.0690338
0.359647
0.0659368
0.369069
0.0620563
0.0574299
0.378275
0.270215
0.00565494
0.270433
0.0112038
0.270765
0.0167918
0.271219
0.0224479
0.271805
0.0280512
0.27253
0.0334255
0.273404
0.0384158
0.274438
0.0429204
0.275644
0.0468995
0.277042
0.0503669
0.278651
0.0533717
0.2805
0.0559796
0.282616
0.058257
0.285033
0.0602614
0.287788
0.0620351
0.290916
0.0636032
0.294456
0.0649734
0.298445
0.0661376
0.302917
0.0670735
0.307898
0.0677469
0.313407
0.0681141
0.319451
0.0681245
0.326019
0.0677233
0.333078
0.0668551
0.34057
0.0654675
0.348407
0.063516
0.356469
0.0609682
0.364606
0.0578093
0.372637
0.0540467
0.0497272
0.38037
0.276779
0.00551675
0.277055
0.0109276
0.277474
0.0163718
0.278046
0.0218757
0.278777
0.0273193
0.279673
0.0325271
0.280742
0.0373444
0.281991
0.0416684
0.283429
0.0454569
0.28507
0.0487204
0.286929
0.0515042
0.289029
0.0538702
0.291391
0.0558817
0.294043
0.0575935
0.297013
0.0590465
0.300329
0.0602656
0.304018
0.06126
0.308104
0.0620243
0.312607
0.0625416
0.317538
0.0627851
0.322901
0.0627211
0.328685
0.0623122
0.334864
0.0615193
0.341393
0.0603058
0.348206
0.05864
0.355217
0.0564991
0.362315
0.0538723
0.369372
0.0507641
0.376244
0.0471964
0.043218
0.382781
0.283499
0.00535031
0.283831
0.0105955
0.284334
0.0158682
0.285017
0.0211924
0.285886
0.0264492
0.286946
0.0314654
0.288201
0.0360878
0.289653
0.0402133
0.291308
0.0437981
0.293174
0.0468499
0.295261
0.0494105
0.297584
0.0515385
0.300162
0.0532944
0.303012
0.0547311
0.306154
0.055889
0.30961
0.0567937
0.313394
0.0574565
0.317522
0.0578764
0.322
0.0580421
0.326828
0.0579348
0.331998
0.0575307
0.337486
0.0568042
0.343259
0.05573
0.349266
0.0542865
0.355442
0.0524577
0.361704
0.0502362
0.367956
0.0476253
0.374093
0.0446403
0.379999
0.0413099
0.0376805
0.38556
0.29038
0.00515628
0.290766
0.010209
0.29135
0.0152838
0.29214
0.0204019
0.293142
0.025447
0.294357
0.0302489
0.295786
0.0346569
0.297429
0.0385688
0.299284
0.0419398
0.301355
0.0447752
0.303646
0.047114
0.306166
0.0490116
0.308926
0.0505262
0.311938
0.0517095
0.315215
0.0526016
0.318766
0.0532293
0.322602
0.0536071
0.326725
0.053738
0.331135
0.053617
0.335822
0.0532326
0.340768
0.0525703
0.345946
0.0516144
0.351315
0.0503512
0.356824
0.0487702
0.362413
0.0468671
0.368006
0.0446447
0.373524
0.0421146
0.378879
0.0392977
0.383982
0.0362246
0.0329375
0.388745
0.297426
0.00493598
0.297864
0.00977085
0.298525
0.0146225
0.299416
0.01951
0.300543
0.02432
0.301904
0.0288867
0.303496
0.0330631
0.305315
0.0367488
0.307353
0.0398987
0.309609
0.0425162
0.312081
0.0446376
0.314772
0.0463157
0.317686
0.0476067
0.320827
0.0485608
0.324202
0.0492186
0.327813
0.0496083
0.331663
0.0497473
0.335748
0.0496431
0.340058
0.0492961
0.344579
0.0487017
0.349287
0.047853
0.354151
0.046743
0.359131
0.0453661
0.364177
0.0437208
0.369234
0.0418104
0.374239
0.0396441
0.379123
0.037238
0.383816
0.0346152
0.38825
0.0318052
0.0288452
0.392358
0.30464
0.00469106
0.305126
0.00928418
0.305859
0.0138894
0.306845
0.0185236
0.308088
0.0230771
0.309584
0.0273898
0.311326
0.0313196
0.313305
0.0347686
0.315509
0.0376924
0.31793
0.0400928
0.320561
0.0420038
0.323397
0.0434756
0.326437
0.0445623
0.329679
0.0453133
0.333122
0.0457692
0.336764
0.0459597
0.3406
0.0459048
0.34462
0.0456161
0.34881
0.0450987
0.353152
0.0443539
0.357618
0.0433809
0.362178
0.0421793
0.366791
0.04075
0.371415
0.0390973
0.375997
0.0372294
0.380487
0.0351593
0.384827
0.032905
0.388962
0.0304893
0.392839
0.0279395
0.0252876
0.396409
0.312026
0.0044227
0.312559
0.00875154
0.31336
0.0130885
0.314435
0.0174483
0.315786
0.0217259
0.317407
0.025768
0.319287
0.0294383
0.321412
0.0326428
0.323765
0.0353377
0.326332
0.037524
0.3291
0.0392335
0.332059
0.0405139
0.335201
0.0414173
0.338518
0.0419918
0.342005
0.0422779
0.345654
0.0423067
0.349453
0.0421004
0.353391
0.0416736
0.35745
0.0410357
0.361608
0.0401923
0.365838
0.0391477
0.370109
0.037906
0.374385
0.0364729
0.378627
0.0348564
0.382792
0.0330676
0.386834
0.0311211
0.39071
0.0290351
0.394376
0.0268311
0.397791
0.0245334
0.0221692
0.400918
0.31959
0.00413233
0.320165
0.00817579
0.32103
0.012224
0.322188
0.0162899
0.32364
0.0202739
0.325376
0.0240307
0.327383
0.0274308
0.329641
0.0303846
0.332127
0.0328498
0.334823
0.0348269
0.337709
0.0363453
0.340771
0.0374503
0.343994
0.0381916
0.347367
0.0386162
0.350878
0.0387639
0.354516
0.0386665
0.358265
0.0383478
0.362111
0.037825
0.366034
0.0371104
0.370011
0.0362131
0.374016
0.0351408
0.37802
0.0339011
0.381991
0.0325024
0.385894
0.030955
0.389693
0.0292714
0.393351
0.0274667
0.396833
0.025558
0.400105
0.0235649
0.403137
0.0215086
0.0194118
0.405901
0.327333
0.00382221
0.327948
0.00756129
0.328869
0.0113028
0.330101
0.0150575
0.331642
0.0187324
0.333482
0.0221908
0.335601
0.0253113
0.337976
0.0280094
0.340579
0.0302452
0.343387
0.0320184
0.346374
0.0333566
0.349521
0.0343022
0.352809
0.0349025
0.356221
0.0352025
0.359742
0.0352412
0.363356
0.0350504
0.367047
0.0346548
0.370797
0.0340732
0.374586
0.0333201
0.378391
0.0324068
0.382188
0.0313433
0.38595
0.0301393
0.389648
0.0288049
0.393253
0.0273514
0.396735
0.0257918
0.400065
0.0241403
0.403214
0.0224129
0.406156
0.0206268
0.40887
0.0188
0.0169517
0.411335
0.335263
0.00349284
0.335915
0.00690935
0.336891
0.0103268
0.338194
0.0137545
0.33982
0.0171063
0.341755
0.0202554
0.343977
0.0230889
0.346457
0.0255284
0.349165
0.0275364
0.352071
0.0291125
0.355145
0.0302818
0.358362
0.0310841
0.3617
0.0315636
0.365138
0.031763
0.368658
0.03172
0.372241
0.0314656
0.37587
0.0310248
0.379526
0.030417
0.383187
0.0296579
0.386833
0.0287603
0.390441
0.0277354
0.393987
0.026594
0.397446
0.0253469
0.400793
0.0240056
0.404004
0.0225826
0.407055
0.0210912
0.409925
0.0195455
0.412595
0.0179605
0.415047
0.0163513
0.0147336
0.417268
0.343382
0.00314631
0.344068
0.00622388
0.345092
0.00930211
0.346458
0.0123887
0.348159
0.0154051
0.350179
0.018235
0.352493
0.0207751
0.355067
0.0229535
0.357867
0.0247359
0.360858
0.0261214
0.364006
0.027133
0.367283
0.0278071
0.370661
0.0281848
0.374117
0.0283059
0.37763
0.0282059
0.381181
0.0279146
0.384749
0.0274563
0.388315
0.0268505
0.391859
0.0261133
0.395362
0.0252578
0.398802
0.0242958
0.402158
0.0232383
0.405409
0.0220962
0.408536
0.0208805
0.411517
0.0196028
0.414335
0.0182751
0.416973
0.0169097
0.419416
0.0155192
0.421653
0.0141163
0.0127139
0.423675
0.351697
0.00278272
0.352416
0.0055054
0.353488
0.00822974
0.354914
0.0109622
0.356687
0.0136321
0.358788
0.0161344
0.361186
0.0183761
0.363847
0.0202924
0.366731
0.0218519
0.369798
0.0230538
0.373012
0.0239186
0.37634
0.0244792
0.379752
0.0247727
0.383222
0.0248356
0.386726
0.0247008
0.390244
0.024396
0.393756
0.0239444
0.397242
0.0233648
0.400682
0.0226726
0.404059
0.0218809
0.407354
0.0210014
0.410548
0.0200446
0.413624
0.019021
0.416565
0.0179406
0.419355
0.0168139
0.42198
0.0156514
0.424427
0.0144635
0.426687
0.0132609
0.428751
0.0120539
0.0108529
0.430613
0.360211
0.00240352
0.36096
0.00475675
0.362075
0.0071146
0.363555
0.00948203
0.365391
0.0117959
0.367562
0.0139634
0.370036
0.015902
0.372774
0.0175549
0.375731
0.0188941
0.378866
0.0199186
0.382138
0.0206463
0.385511
0.0211061
0.388953
0.021331
0.392434
0.0213536
0.395932
0.0212033
0.399422
0.0209055
0.402885
0.0204813
0.406302
0.0199481
0.409654
0.0193204
0.412925
0.0186105
0.416097
0.0178292
0.419156
0.0169864
0.422086
0.0160915
0.424873
0.0151536
0.427506
0.0141817
0.429974
0.0131848
0.432267
0.0121716
0.434378
0.0111507
0.436302
0.0101306
0.00911956
0.438036
0.368932
0.00200753
0.369713
0.00397634
0.370872
0.00595568
0.372405
0.0079483
0.374303
0.00989811
0.376542
0.0117244
0.379087
0.0133566
0.381897
0.0147456
0.384923
0.0158672
0.388122
0.0167202
0.391448
0.0173197
0.394864
0.0176904
0.398334
0.0178605
0.401829
0.0178582
0.405323
0.0177092
0.408793
0.0174356
0.412218
0.0170561
0.41558
0.0165863
0.418862
0.016039
0.422047
0.0154253
0.425121
0.014755
0.428072
0.0140366
0.430885
0.0132784
0.433551
0.0124882
0.436059
0.0116736
0.438403
0.010842
0.440575
0.0100004
0.44257
0.00915594
0.444386
0.00831505
0.00748424
0.446022
0.377865
0.00159376
0.378678
0.00316311
0.379879
0.00475501
0.381461
0.00636592
0.383414
0.00794489
0.385714
0.00942451
0.388324
0.0107467
0.391199
0.0118709
0.394289
0.0127769
0.397546
0.0134631
0.400924
0.0139416
0.404382
0.0142326
0.407883
0.0143594
0.411396
0.0143452
0.414893
0.0142113
0.418353
0.0139764
0.421753
0.0136561
0.425075
0.0132635
0.428305
0.0128097
0.431426
0.0123041
0.434426
0.0117548
0.437294
0.0111691
0.440019
0.0105539
0.442592
0.00991553
0.445006
0.00926009
0.447255
0.00859345
0.449334
0.00792122
0.451242
0.00724876
0.452976
0.00658111
0.0059232
0.454537
0.387019
0.00115627
0.387874
0.00230811
0.389121
0.003508
0.390754
0.00473294
0.392763
0.00593558
0.395124
0.00706419
0.397796
0.00807392
0.400734
0.00893285
0.403887
0.00962466
0.407202
0.0101477
0.410632
0.0105111
0.414135
0.0107301
0.417671
0.0108228
0.42121
0.0108071
0.424721
0.0106996
0.428183
0.0105149
0.431573
0.0102654
0.434876
0.00996137
0.438074
0.00961155
0.441155
0.00922335
0.444106
0.00880322
0.446919
0.0083569
0.449583
0.00788966
0.452093
0.00740638
0.454441
0.00691169
0.456625
0.00640998
0.458641
0.00590538
0.460488
0.00540181
0.462166
0.00490291
0.00441219
0.463678
0.396407
0.000682283
0.397312
0.00140321
0.398603
0.00221617
0.400286
0.00305044
0.402351
0.00387046
0.404771
0.00464397
0.407506
0.00533895
0.410507
0.00593188
0.413721
0.00641047
0.417096
0.00677305
0.420581
0.00702553
0.424133
0.00717834
0.427712
0.00724385
0.431285
0.00723456
0.434822
0.00716207
0.438301
0.00703655
0.441699
0.00686672
0.445001
0.00665988
0.44819
0.00642218
0.451255
0.00615884
0.454184
0.00587438
0.456968
0.00557282
0.4596
0.00525777
0.462074
0.00493259
0.464385
0.00460042
0.466531
0.00426418
0.46851
0.00392665
0.470322
0.00359041
0.471967
0.00325786
0.00293133
0.473448
0.406107
8.53519e-05
0.407068
0.000442758
0.408396
0.000888055
0.410118
0.00132808
0.412225
0.00176336
0.41469
0.0021795
0.417472
0.00255637
0.420524
0.00287982
0.423792
0.00314261
0.427222
0.00334345
0.430762
0.00348528
0.434367
0.0035736
0.437995
0.00361506
0.441614
0.00361645
0.445192
0.00358408
0.448705
0.00352353
0.452132
0.00343955
0.455456
0.00333613
0.458661
0.00321663
0.461736
0.00308387
0.46467
0.0029403
0.467455
0.00278805
0.470084
0.00262905
0.472552
0.00246503
0.474854
0.00229762
0.47699
0.00212832
0.478959
0.00195854
0.48076
0.00178957
0.482395
0.00162261
0.00145883
0.483867
0.415405
0.415847
0.416735
0.418064
0.419827
0.422006
0.424563
0.427443
0.430585
0.433929
0.437414
0.440987
0.444603
0.448219
0.451803
0.455327
0.458766
0.462102
0.465319
0.468403
0.471343
0.474131
0.476761
0.479226
0.481523
0.483652
0.48561
0.4874
0.489023
0.490481
0.208793
0.107841
0.125333
0.0834404
0.065902
0.0594352
0.288183
0.113776
0.269728
0.10185
0.0906001
0.244997
0.33472
0.101005
0.339853
0.0966669
0.0911878
0.339224
0.361853
0.0865094
0.37366
0.0848237
0.0820399
0.382773
0.373415
0.0729282
0.386456
0.071761
0.069731
0.398737
0.378022
0.0611265
0.389866
0.0599075
0.0580706
0.401503
0.379926
0.0513688
0.389769
0.0500628
0.0483106
0.399508
0.380677
0.0434232
0.388646
0.0420966
0.0404376
0.3965
0.381152
0.036929
0.387609
0.0356446
0.03411
0.393919
0.381775
0.0315855
0.387045
0.0303806
0.0289866
0.392153
0.382725
0.0271575
0.387062
0.0260493
0.0247972
0.391237
0.384086
0.0234606
0.387687
0.0224544
0.0213381
0.391134
0.385907
0.0203514
0.388921
0.0194458
0.0184554
0.391793
0.388209
0.0177169
0.390752
0.016907
0.0160315
0.393168
0.391005
0.0154681
0.393168
0.0147472
0.0139754
0.395219
0.394302
0.0135335
0.396158
0.0128943
0.0122155
0.397913
0.398094
0.0118557
0.399699
0.011291
0.0106953
0.401216
0.402391
0.0103882
0.403793
0.00989096
0.00936943
0.405116
0.4072
0.00909266
0.408436
0.00865652
0.00820132
0.409602
0.412491
0.00793833
0.413591
0.00755766
0.00716199
0.414629
0.41831
0.00689872
0.4193
0.00656848
0.00622645
0.420234
0.424623
0.00595262
0.425523
0.00566851
0.00537514
0.426374
0.431485
0.00508134
0.432314
0.00483967
0.00459077
0.433098
0.438848
0.00426992
0.43962
0.00406765
0.00385975
0.440351
0.446788
0.00350453
0.447516
0.00333913
0.00316945
0.448207
0.455269
0.00277359
0.455965
0.00264311
0.00250942
0.456625
0.464385
0.00206633
0.465059
0.00196931
0.00187004
0.465698
0.474142
0.00137229
0.474803
0.00130775
0.00124168
0.475432
0.484557
0.000683151
0.485214
0.000650468
0.000617169
0.485838
0.491165
0.491815
0.492432
0.0708411
0.1253
0.0903456
0.126601
0.11637
0.12072
0.143651
0.0966128
0.170732
0.0512619
0.193702
-0.00706022
0.209806
-0.0656158
0.219486
-0.117643
0.224005
-0.158974
0.224707
-0.188449
0.222756
-0.206811
0.2191
-0.215728
0.214498
-0.217136
0.209542
-0.212893
0.204663
-0.204604
0.200156
-0.193573
0.196208
-0.18082
0.192913
-0.167128
0.190302
-0.153083
0.188361
-0.13912
0.18704
-0.125557
0.186269
-0.112611
0.185968
-0.100424
0.18605
-0.0890709
0.186429
-0.0785781
0.187025
-0.0689305
0.187764
-0.0600828
0.188582
-0.0519678
0.189426
-0.0445034
-0.0375912
0.215099
0.155184
0.209936
0.131801
0.222282
0.108466
0.243608
0.0754327
0.265013
0.0300442
0.281274
-0.0231048
0.289985
-0.0740962
0.291626
-0.11905
0.28773
-0.154852
0.280096
-0.180603
0.270318
-0.196842
0.259636
-0.204878
0.248942
-0.206297
0.23883
-0.202661
0.229663
-0.195339
0.221629
-0.185461
0.214795
-0.173925
0.209144
-0.161431
0.20461
-0.148515
0.201094
-0.13558
0.19848
-0.122926
0.196646
-0.110765
0.195468
-0.0992373
0.194825
-0.088423
0.194606
-0.0783554
0.194707
-0.06903
0.195039
-0.0604134
0.195523
-0.0524508
0.196093
-0.045073
-0.0381954
0.334793
0.159587
0.33464
0.131989
0.342466
0.10073
0.35468
0.0633591
0.365018
0.0198841
0.368585
-0.0264667
0.36557
-0.0708612
0.356644
-0.109902
0.343378
-0.14137
0.327543
-0.164565
0.310696
-0.179811
0.294021
-0.18804
0.278322
-0.190458
0.264076
-0.188298
0.251518
-0.182685
0.24071
-0.174577
0.231607
-0.164762
0.224096
-0.153875
0.21803
-0.142414
0.213245
-0.130771
0.209576
-0.119239
0.206858
-0.108035
0.204936
-0.0973076
0.203667
-0.0871482
0.202918
-0.0776033
0.202573
-0.0686825
0.202528
-0.0603673
0.202696
-0.0526176
0.203001
-0.0453781
-0.0385789
0.395902
0.14643
0.406114
0.121809
0.415773
0.0911569
0.423731
0.0555329
0.427168
0.0166138
0.423965
-0.0230716
0.414266
-0.0609567
0.399237
-0.0946646
0.380626
-0.122554
0.360188
-0.143934
0.339405
-0.158853
0.31938
-0.167859
0.300836
-0.17178
0.28418
-0.171529
0.269577
-0.167989
0.257033
-0.161958
0.24645
-0.154121
0.237675
-0.145055
0.230525
-0.135231
0.224807
-0.125028
0.22033
-0.114745
0.216912
-0.104605
0.214381
-0.0947683
0.21258
-0.0853421
0.211369
-0.0763882
0.210621
-0.0679327
0.210228
-0.059973
0.210096
-0.0524847
0.210146
-0.0454271
-0.0387442
0.418912
0.126232
0.434676
0.106075
0.446117
0.0797948
0.45265
0.0491195
0.453211
0.0162054
0.447342
-0.0170275
0.435534
-0.048961
0.419035
-0.0779729
0.399421
-0.102752
0.378239
-0.122574
0.35681
-0.13726
0.336144
-0.147047
0.316925
-0.152434
0.299552
-0.154048
0.284205
-0.152554
0.270908
-0.14859
0.259584
-0.142741
0.250093
-0.135521
0.242264
-0.127369
0.235911
-0.118651
0.230844
-0.109662
0.226883
-0.100631
0.223855
-0.0917321
0.221603
-0.0830843
0.219983
-0.0747653
0.21887
-0.0668174
0.218153
-0.059254
0.217735
-0.052066
0.217535
-0.0452267
-0.0386942
0.42214
0.105577
0.43861
0.0896288
0.449972
0.068502
0.455659
0.043538
0.455472
0.0165276
0.44964
-0.0110396
0.438721
-0.0378734
0.423694
-0.062773
0.405801
-0.0846882
0.386307
-0.102917
0.366344
-0.117146
0.346818
-0.127387
0.328387
-0.133885
0.311475
-0.137036
0.296313
-0.137308
0.282984
-0.135194
0.27147
-0.131173
0.26168
-0.12569
0.253483
-0.119141
0.246723
-0.111868
0.241235
-0.104156
0.236852
-0.0962367
0.233414
-0.0882862
0.230772
-0.0804362
0.228787
-0.0727773
0.227338
-0.0653658
0.226315
-0.0582296
0.225624
-0.0513737
0.225182
-0.0447846
-0.0384326
0.417344
0.0877241
0.431948
0.0750433
0.442174
0.0583329
0.447412
0.0383888
0.44759
0.0164655
0.442959
-0.00627297
0.433991
-0.0287583
0.421415
-0.0500451
0.406169
-0.0692906
0.38925
-0.085854
0.371594
-0.0993552
0.353991
-0.109662
0.337055
-0.116843
0.321225
-0.121113
0.306776
-0.122782
0.293855
-0.12221
0.282506
-0.119774
0.2727
-0.115845
0.264355
-0.110766
0.257358
-0.104848
0.251574
-0.0983567
0.246864
-0.0915144
0.243085
-0.084499
0.240101
-0.0774472
0.237786
-0.0704588
0.236024
-0.0636014
0.234711
-0.0569152
0.233756
-0.0504174
0.233078
-0.044106
-0.037963
0.410973
0.0732335
0.423096
0.0629312
0.431877
0.0495965
0.4367
0.0336383
0.437388
0.0158734
0.434058
-0.00282957
0.427063
-0.0216384
0.416932
-0.0397835
0.404349
-0.0565759
0.390072
-0.0714506
0.374851
-0.084015
0.359356
-0.0940587
0.344145
-0.101536
0.329647
-0.106533
0.316166
-0.109232
0.303894
-0.109881
0.29293
-0.108763
0.283297
-0.106175
0.274962
-0.102404
0.267856
-0.0977202
0.261879
-0.0923646
0.25692
-0.0865444
0.25286
-0.0804316
0.249582
-0.0741634
0.246971
-0.0678443
0.244921
-0.0615498
0.243337
-0.0553294
0.242131
-0.0492103
0.241226
-0.0432006
-0.0372922
0.405519
0.0616154
0.415365
0.0530893
0.422709
0.0422849
0.427008
0.0293958
0.42803
0.0149283
0.425766
-0.000472816
0.420435
-0.0162029
0.412396
-0.0316348
0.402137
-0.0462062
0.390227
-0.0594321
0.377255
-0.0709403
0.363778
-0.0804882
0.350288
-0.0879613
0.337186
-0.0933571
0.324781
-0.096764
0.31329
-0.0983378
0.302848
-0.0982794
0.293521
-0.0968145
0.285319
-0.0941762
0.27821
-0.0905912
0.27213
-0.0862702
0.266996
-0.0814007
0.262716
-0.0761434
0.259189
-0.0706312
0.256317
-0.0649695
0.254007
-0.0592378
0.252171
-0.0534919
0.250729
-0.0477669
0.249608
-0.0420787
-0.0364279
0.401497
0.0522535
0.409479
0.0451063
0.415562
0.0362239
0.419309
0.0256916
0.420462
0.0138343
0.418972
0.00109129
0.414929
-0.0120757
0.408568
-0.0251839
0.400231
-0.0377772
0.390337
-0.0494476
0.379343
-0.0598596
0.367703
-0.0687671
0.355834
-0.0760204
0.344102
-0.0815604
0.3328
-0.0854074
0.322154
-0.0876462
0.312321
-0.088409
0.303397
-0.0878598
0.295423
-0.0861791
0.288401
-0.0835514
0.2823
-0.0801548
0.277062
-0.0761537
0.27262
-0.071694
0.268894
-0.0669002
0.265802
-0.0618744
0.263264
-0.0566971
0.261201
-0.0514275
0.259541
-0.046106
0.258217
-0.0407545
-0.0353811
0.398839
0.044635
0.405352
0.0385888
0.41039
0.0311996
0.413611
0.0225018
0.414785
0.0127047
0.413821
0.00211235
0.410745
-0.00893334
0.405698
-0.0200653
0.398916
-0.0309202
0.390703
-0.0411602
0.381408
-0.0504925
0.371392
-0.0586845
0.361007
-0.0655737
0.35057
-0.0710682
0.340352
-0.0751425
0.330574
-0.0778281
0.321401
-0.0792028
0.312946
-0.0793784
0.305277
-0.0784885
0.298419
-0.0766776
0.292368
-0.0740917
0.287094
-0.0708707
0.28255
-0.0671428
0.278675
-0.0630212
0.275406
-0.058602
0.272674
-0.0539632
0.270413
-0.0491652
0.268559
-0.0442509
0.267052
-0.0392468
-0.0341665
0.397384
0.0383702
0.402745
0.0332214
0.406935
0.0270178
0.409688
0.0197694
0.410812
0.0116141
0.410202
0.00276516
0.407846
-0.00652713
0.403825
-0.0159873
0.398293
-0.0253292
0.39147
-0.0342775
0.383618
-0.0425824
0.375023
-0.0500337
0.36597
-0.0564701
0.356732
-0.0617842
0.347551
-0.0659213
0.338633
-0.0688757
0.330142
-0.0706834
0.3222
-0.0714138
0.314891
-0.0711605
0.30826
-0.0700322
0.302324
-0.0681444
0.297074
-0.0656122
0.292482
-0.0625454
0.288509
-0.0590438
0.285105
-0.055195
0.282216
-0.0510724
0.279787
-0.0467348
0.277763
-0.042226
0.276092
-0.037575
-0.0327997
0.396983
0.0331677
0.401436
0.0287615
0.404941
0.0235164
0.407294
0.0174309
0.408333
0.0105978
0.407963
0.00316735
0.406147
-0.00467316
0.402926
-0.0127231
0.3984
-0.0207574
0.392723
-0.0285541
0.386091
-0.035904
0.378725
-0.0426226
0.370855
-0.0485589
0.36271
-0.053601
0.3545
-0.0576781
0.346413
-0.0607597
0.338605
-0.0628513
0.331201
-0.0639894
0.324291
-0.0642344
0.317935
-0.0636639
0.312166
-0.0623658
0.306993
-0.060432
0.302407
-0.0579535
0.298383
-0.0550157
0.294887
-0.0516962
0.291878
-0.048062
0.289313
-0.0441686
0.287147
-0.0400587
0.285334
-0.0357622
-0.0312993
0.397519
0.0288058
0.401253
0.0250212
0.404208
0.0205623
0.406226
0.0154226
0.407173
0.00966625
0.406968
0.00339472
0.405561
-0.00323754
0.402968
-0.0100987
0.399252
-0.0170066
0.394519
-0.0237849
0.388913
-0.0302612
0.382602
-0.0362768
0.375772
-0.0416953
0.368609
-0.0464079
0.361295
-0.0503369
0.353996
-0.0534365
0.346856
-0.0556911
0.339996
-0.0571121
0.333509
-0.0577339
0.327464
-0.0576079
0.321904
-0.056798
0.316854
-0.0553748
0.312316
-0.0534113
0.308283
-0.0509787
0.304733
-0.0481436
0.301638
-0.0449656
0.298966
-0.0414952
0.296681
-0.0377729
0.294747
-0.0338279
-0.0296822
0.398901
0.0251148
0.402061
0.0218555
0.404574
0.0180494
0.406313
0.0136882
0.407174
0.00881642
0.407073
0.00351156
0.405981
-0.00212543
0.403886
-0.00798064
0.400826
-0.01392
0.396871
-0.0198033
0.392127
-0.0254894
0.386722
-0.0308445
0.380801
-0.0357482
0.374517
-0.0400993
0.368021
-0.0438195
0.361459
-0.0468547
0.35496
-0.0491756
0.348638
-0.0507759
0.342585
-0.0516697
0.336874
-0.0518876
0.331556
-0.0514729
0.326664
-0.0504777
0.322216
-0.0489582
0.318212
-0.0469722
0.314646
-0.0445752
0.3115
-0.0418184
0.308753
-0.0387467
0.306378
-0.0353971
0.304348
-0.0317972
-0.0279689
0.40106
0.0219612
0.403761
0.0191495
0.405919
0.0158911
0.407433
0.0121773
0.408216
0.00804014
0.408202
0.00353607
0.407353
-0.00126215
0.405655
-0.00626573
0.403126
-0.0113723
0.399814
-0.0164711
0.395794
-0.0214482
0.391162
-0.0261913
0.38603
-0.0305966
0.380522
-0.0345727
0.374764
-0.0380444
0.36888
-0.0409549
0.362985
-0.0432669
0.357182
-0.044962
0.351561
-0.0460393
0.346194
-0.0465132
0.341138
-0.0464105
0.336432
-0.0457671
0.332102
-0.0446247
0.328161
-0.0430282
0.32461
-0.0410226
0.321444
-0.0386505
0.318649
-0.0359508
0.316208
-0.032956
0.314103
-0.0296915
-0.0261782
0.403931
0.019241
0.406263
0.0168136
0.408134
0.014019
0.409464
0.0108493
0.410182
0.00732715
0.410231
0.00349406
0.409574
-0.000595703
0.408195
-0.00487492
0.406101
-0.00926436
0.403321
-0.0136769
0.399909
-0.0180204
0.395935
-0.0222023
0.391487
-0.0261338
0.386664
-0.0297345
0.381567
-0.0329347
0.376303
-0.0356784
0.370971
-0.0379244
0.365665
-0.0396468
0.360467
-0.0408344
0.35545
-0.0414894
0.350669
-0.0416253
0.346171
-0.0412646
0.341986
-0.0404368
0.338135
-0.039175
0.334629
-0.0375146
0.331469
-0.03549
0.328653
-0.0331335
0.326171
-0.0304733
0.324012
-0.0275318
-0.0243285
0.407484
0.0168702
0.409519
0.0147749
0.411161
0.0123765
0.412343
0.00966785
0.413008
0.00666519
0.413107
0.00339929
0.412607
-8.87102e-05
0.411488
-0.00374826
0.409751
-0.00751788
0.407414
-0.0113289
0.404512
-0.0151075
0.401098
-0.0187775
0.39724
-0.0222644
0.393015
-0.0254982
0.388506
-0.0284161
0.383802
-0.0309652
0.378989
-0.0331034
0.37415
-0.0348008
0.369361
-0.0360393
0.364689
-0.0368122
0.360191
-0.0371231
0.355914
-0.0369838
0.351893
-0.0364134
0.348155
-0.0354352
0.344717
-0.0340756
0.34159
-0.0323616
0.338776
-0.0303193
0.336276
-0.0279722
0.334084
-0.0253393
-0.0224385
0.411688
0.0147816
0.413485
0.0129754
0.414943
0.0109182
0.416007
0.00860378
0.41663
0.00604393
0.416771
0.00326163
0.416398
0.000288058
0.415494
-0.00283837
0.414053
-0.0060701
0.412084
-0.00935299
0.409612
-0.0126281
0.406676
-0.0158332
0.403326
-0.0189061
0.399623
-0.0217868
0.395634
-0.0244201
0.391433
-0.0267572
0.387093
-0.0287573
0.382687
-0.0303891
0.378282
-0.0316304
0.373943
-0.0324686
0.369723
-0.0329
0.36567
-0.0329284
0.361823
-0.0325643
0.358212
-0.0318228
0.35486
-0.0307226
0.351784
-0.029284
0.348992
-0.0275272
0.346492
-0.0254712
0.344284
-0.0231317
-0.020524
0.416486
0.012923
0.41809
0.0113703
0.419397
0.00960963
0.420366
0.00763556
0.420954
0.00545661
0.421128
0.00309001
0.420859
0.000559066
0.420131
-0.00210641
0.418935
-0.00486967
0.417275
-0.00768796
0.415167
-0.0105144
0.412637
-0.0132983
0.409725
-0.0159882
0.406477
-0.0185333
0.402948
-0.0208857
0.399198
-0.0230015
0.395288
-0.0248428
0.391281
-0.0263783
0.387239
-0.0275844
0.383218
-0.0284448
0.379271
-0.0289506
0.375444
-0.0290998
0.371778
-0.0288962
0.368305
-0.0283486
0.365053
-0.0274691
0.362041
-0.026272
0.359287
-0.0247725
0.356802
-0.0229852
0.354593
-0.0209229
-0.0185985
0.421908
0.011248
0.423358
0.00991913
0.424549
0.00841786
0.425445
0.00673976
0.426011
0.004891
0.426218
0.00288456
0.426041
0.000738107
0.425462
-0.00152532
0.424473
-0.00387745
0.423072
-0.00628452
0.421271
-0.00870929
0.419087
-0.0111108
0.41655
-0.0134468
0.413695
-0.0156747
0.410567
-0.0177534
0.407214
-0.0196445
0.403688
-0.0213134
0.400043
-0.0227305
0.396333
-0.0238719
0.39261
-0.0247196
0.388923
-0.0252618
0.385317
-0.0254921
0.381832
-0.0254097
0.378502
-0.025018
0.375358
-0.0243241
0.372424
-0.0233375
0.369721
-0.0220688
0.367265
-0.0205289
0.36507
-0.0187275
-0.016675
0.427899
0.00972195
0.429225
0.00859232
0.430322
0.00732041
0.431159
0.00590245
0.431708
0.0043429
0.431941
0.00265146
0.431839
0.000841475
0.431384
-0.00106889
0.430567
-0.00305822
0.429384
-0.00509978
0.427841
-0.00716402
0.425951
-0.0092181
0.423735
-0.0112274
0.42122
-0.0131568
0.418441
-0.0149716
0.415437
-0.0166384
0.412253
-0.0181268
0.408934
-0.0194095
0.405528
-0.0204637
0.402081
-0.021271
0.398638
-0.0218178
0.395243
-0.0220956
0.391935
-0.0221
0.388748
-0.0218307
0.385715
-0.0212909
0.382865
-0.0204861
0.380219
-0.0194232
0.377801
-0.0181099
0.375627
-0.0165534
-0.0147621
0.434507
0.00831274
0.435737
0.00736201
0.436763
0.00629452
0.437558
0.00510722
0.438097
0.00380335
0.438359
0.00239022
0.438323
0.000877969
0.437974
-0.000719319
0.437303
-0.00238533
0.436303
-0.00409909
0.434978
-0.00583732
0.433336
-0.00757387
0.431391
-0.00928077
0.429165
-0.0109292
0.426686
-0.0124903
0.423985
-0.0139358
0.421099
-0.0152393
0.418068
-0.0163766
0.414932
-0.0173266
0.411734
-0.0180716
0.408515
-0.0185978
0.405316
-0.0188952
0.402174
-0.0189576
0.399126
-0.018782
0.396204
-0.0183688
0.393439
-0.0177204
0.390857
-0.0168409
0.388483
-0.0157354
0.386338
-0.0144088
-0.0128674
0.441666
0.00699695
0.44282
0.00620852
0.443789
0.00532546
0.44455
0.00434525
0.445084
0.0032702
0.445368
0.0021058
0.445387
0.000859705
0.445126
-0.000457629
0.444574
-0.0018332
0.443727
-0.00325091
0.442583
-0.00469258
0.441148
-0.00613759
0.439432
-0.00756363
0.437452
-0.00894745
0.435228
-0.0102654
0.432788
-0.0114941
0.430161
-0.0126111
0.427381
-0.0135956
0.424484
-0.0144287
0.421507
-0.0150944
0.41849
-0.0155793
0.415469
-0.0158734
0.412481
-0.0159692
0.409562
-0.0158626
0.406745
-0.0155519
0.404062
-0.0150373
0.401543
-0.014321
0.399213
-0.0134059
0.3971
-0.0122951
-0.0109936
0.449452
0.00575105
0.450549
0.00511148
0.451478
0.00439657
0.452219
0.00360436
0.452752
0.00273652
0.453061
0.0017971
0.453129
0.000791874
0.452943
-0.000271372
0.452493
-0.0013827
0.451773
-0.00252985
0.45078
-0.00369882
0.449516
-0.00487367
0.44799
-0.00603691
0.446214
-0.00717017
0.444204
-0.00825456
0.441982
-0.00927114
0.439573
-0.0102015
0.437006
-0.0110281
0.434313
-0.0117351
0.431528
-0.0123083
0.428685
-0.0127357
0.42582
-0.0130077
0.422968
-0.013117
0.420164
-0.0130588
0.417443
-0.0128302
0.414836
-0.0124303
0.412375
-0.0118597
0.410089
-0.0111198
0.408006
-0.0102126
-0.00914152
0.457818
0.00455742
0.458873
0.00405616
0.459773
0.00349687
0.460499
0.00287798
0.461035
0.00220063
0.461365
0.00146775
0.461473
0.00068354
0.461348
-0.000146236
0.46098
-0.00101422
0.460362
-0.00191125
0.45949
-0.00282682
0.458366
-0.00374893
0.456994
-0.00466429
0.455383
-0.00555883
0.453547
-0.00641797
0.451503
-0.00722693
0.449273
-0.00797116
0.446882
-0.0086367
0.444358
-0.00921056
0.441731
-0.00968104
0.439034
-0.010038
0.4363
-0.0102729
0.433562
-0.0103793
0.430856
-0.0103524
0.428215
-0.0101889
0.425672
-0.00988752
0.423261
-0.00944778
0.421011
-0.00887032
0.418955
-0.00815619
-0.00730788
0.466858
0.0033977
0.467887
0.00302687
0.46877
0.00261368
0.469491
0.00215704
0.470034
0.00165767
0.470384
0.00111761
0.470528
0.000539778
0.470454
-7.17667e-05
0.470151
-0.000711826
0.469614
-0.00137387
0.468838
-0.00205039
0.467822
-0.00273279
0.46657
-0.00341149
0.465087
-0.00407628
0.463386
-0.00471651
0.461481
-0.00532133
0.45939
-0.00587994
0.457136
-0.00638186
0.454743
-0.00681725
0.452239
-0.00717711
0.449655
-0.00745349
0.447022
-0.00763967
0.444373
-0.00773021
0.441742
-0.00772104
0.439162
-0.00760932
0.436668
-0.00739344
0.434293
-0.00707275
0.43207
-0.00664738
0.430032
-0.00611799
-0.00548649
0.476573
0.00225669
0.477589
0.00201095
0.478465
0.00173775
0.479186
0.00143602
0.479737
0.00110621
0.480105
0.000749626
0.480277
0.000368113
0.480241
-3.57023e-05
0.479987
-0.000458414
0.479509
-0.000895781
0.478802
-0.00134297
0.477864
-0.00179444
0.476697
-0.00224395
0.475305
-0.00268488
0.473699
-0.00311026
0.471891
-0.00351293
0.469897
-0.00388577
0.467737
-0.00422179
0.465435
-0.00451439
0.463015
-0.00475745
0.460507
-0.00494554
0.457942
-0.00507398
0.455351
-0.00513893
0.452767
-0.00513744
0.450225
-0.0050674
0.44776
-0.0049275
0.445404
-0.00471717
0.443193
-0.00443647
0.441161
-0.00408607
-0.00366809
0.486976
0.00111903
0.48799
0.000996585
0.488868
0.000860004
0.489595
0.000709128
0.490157
0.000544445
0.49054
0.000366738
0.490731
0.000177091
0.490718
-2.31892e-05
0.490492
-0.000232696
0.490046
-0.000449545
0.489375
-0.000671404
0.488476
-0.000895556
0.487351
-0.00111895
0.486005
-0.00133833
0.484445
-0.00155025
0.482683
-0.00175118
0.480735
-0.00193755
0.478619
-0.00210588
0.476358
-0.00225283
0.473976
-0.00237531
0.471501
-0.00247052
0.468963
-0.00253606
0.466394
-0.00256992
0.463828
-0.00257055
0.461297
-0.00253681
0.458838
-0.002468
0.456484
-0.00236381
0.454272
-0.00222436
0.452237
-0.00205032
-0.00184468
0.493551
0.494548
0.495408
0.496117
0.496661
0.497028
0.497205
0.497182
0.496949
0.4965
0.495829
0.494933
0.493814
0.492476
0.490926
0.489175
0.487237
0.485132
0.482879
0.480504
0.478033
0.475497
0.472928
0.470357
0.46782
0.465352
0.462989
0.460764
0.458714
)
;

boundaryField
{
    inlet
    {
        type            calculated;
        value           nonuniform List<scalar> 
45
(
-0.2
-0.2
-0.2
-0.2
-0.2
-0.2
-0.2
-0.2
-0.2
-0.2
-0.2
-0.2
-0.2
-0.2
-0.2
-0.20766
-0.212683
-0.217828
-0.223097
-0.228493
-0.23402
-0.239681
-0.245479
-0.251417
-0.257499
-0.263728
-0.270107
-0.276641
-0.283333
-0.290186
-0.297206
-0.304395
-0.311758
-0.3193
-0.327023
-0.334934
-0.343036
-0.351334
-0.359832
-0.368536
-0.377451
-0.386582
-0.395933
-0.40551
-0.415319
)
;
    }
    outlet
    {
        type            calculated;
        value           nonuniform List<scalar> 
45
(
0.160505
0.167092
0.167499
0.167988
0.168635
0.169432
0.170367
0.171431
0.172615
0.173908
0.175297
0.176773
0.17832
0.179925
0.181569
0.190253
0.196698
0.203385
0.210311
0.217485
0.224921
0.232609
0.240556
0.248744
0.257171
0.265838
0.274726
0.283834
0.29313
0.302635
0.312313
0.322162
0.332194
0.34237
0.352668
0.363147
0.373714
0.384444
0.395226
0.406154
0.417121
0.428211
0.439343
0.450413
0.456869
)
;
    }
    flap
    {
        type            calculated;
        value           nonuniform List<scalar> 
33
(
0
-1.6263e-19
-1.0842e-19
0
2.1684e-19
0
4.33681e-19
-4.33681e-19
4.33681e-19
0
-4.33681e-19
0
0
4.33681e-19
0
-2.71051e-20
1.35525e-20
0
1.35525e-20
0
1.0842e-19
0
4.33681e-19
0
0
0
8.67362e-19
0
0
0
0
4.33681e-19
0
)
;
    }
    upperWall
    {
        type            calculated;
        value           nonuniform List<scalar> 
63
(
0
0
0
0
-5.49428e-16
0
0
0
0
0
-9.52047e-16
9.29561e-16
0
0
0
-8.44805e-16
0
0
0
0
0
-7.31938e-16
-7.14651e-16
0
0
0
0
0
0
0
0
0
0
0
0
0
0
0
0
0
0
-7.31939e-16
0
0
-7.8635e-16
0
4.12426e-16
0
0
-8.8617e-16
0
0
0
1.05781e-22
0
0
0
0
0
0
0
0
0
)
;
    }
    lowerWall
    {
        type            calculated;
        value           uniform 0;
    }
    frontAndBack
    {
        type            empty;
        value           nonuniform List<scalar> 0();
    }
}


// ************************************************************************* //
