/*--------------------------------*- C++ -*----------------------------------*\
| =========                 |                                                 |
| \\      /  F ield         | OpenFOAM: The Open Source CFD Toolbox           |
|  \\    /   O peration     | Version:  2012                                  |
|   \\  /    A nd           | Website:  www.openfoam.com                      |
|    \\/     M anipulation  |                                                 |
\*---------------------------------------------------------------------------*/
FoamFile
{
    version     2.0;
    format      ascii;
    class       volVectorField;
    location    "0.2";
    object      U;
}
// * * * * * * * * * * * * * * * * * * * * * * * * * * * * * * * * * * * * * //

dimensions      [0 1 -1 0 0 0 0];


internalField   nonuniform List<vector> 
2790
(
(9.95425 0 0.0224044)
(9.86288 0 0.0228808)
(9.7709 0 0.0238183)
(9.6766 0 0.0252184)
(9.57838 0 0.0270975)
(9.47466 0 0.0294858)
(9.36386 0 0.0324218)
(9.24433 0 0.0359796)
(9.11437 0 0.0402013)
(8.97212 1.49321e-25 0.0451868)
(8.8156 0 0.0510291)
(8.64267 0 0.0578335)
(8.451 8.66936e-25 0.0657104)
(8.23808 0 0.0748133)
(8.00122 0 0.0852446)
(7.73759 -2.55622e-24 0.0971393)
(7.44427 0 0.11059)
(7.11831 0 0.125733)
(6.75694 0 0.142518)
(6.35768 0 0.160944)
(5.91861 -1.37722e-22 0.180862)
(5.43865 -1.22826e-22 0.202003)
(4.91783 -4.68155e-23 0.223984)
(4.35754 -5.14272e-23 0.2463)
(3.76062 0 0.26838)
(3.13124 2.65131e-21 0.289677)
(2.47448 4.59442e-25 0.309819)
(1.79523 -1.51906e-21 0.328782)
(1.09642 -1.85137e-21 0.347171)
(0.376846 -6.3205e-22 0.369376)
(9.95449 0 0.0670973)
(9.8636 0 0.0685219)
(9.7721 0 0.0713252)
(9.67833 0 0.0755115)
(9.58068 0 0.0811299)
(9.4776 0 0.0882699)
(9.36753 0 0.0970585)
(9.24884 3.55975e-25 0.107667)
(9.11983 0 0.120298)
(8.9787 -2.36771e-22 0.135192)
(8.82348 -4.67112e-22 0.152656)
(8.65204 -2.31303e-22 0.17299)
(8.46209 -2.21392e-22 0.196557)
(8.25114 -2.18407e-22 0.22374)
(8.01651 -2.12196e-22 0.254927)
(7.75536 -7.67448e-24 0.290503)
(7.46476 1.97592e-22 0.330813)
(7.1417 -3.96103e-23 0.376071)
(6.78332 0 0.426423)
(6.38698 0 0.481723)
(5.95058 1.31707e-21 0.541571)
(5.47277 1.34976e-21 0.605204)
(4.95331 -1.41566e-22 0.671452)
(4.39328 -1.55712e-22 0.738801)
(3.79535 6.08065e-21 0.805465)
(3.16369 5.71286e-21 0.869665)
(2.50371 0 0.929983)
(1.82136 -8.29733e-22 0.985881)
(1.12194 -4.38211e-22 1.03824)
(0.409884 2.10512e-21 1.09231)
(9.95496 0 0.111445)
(9.86501 0 0.113804)
(9.7745 0 0.118445)
(9.68177 0 0.125376)
(9.58526 0 0.134676)
(9.48346 0 0.146493)
(9.37483 0 0.161037)
(9.2578 1.18126e-24 0.178587)
(9.13071 6.59763e-25 0.199482)
(8.99178 7.41301e-25 0.224126)
(8.83913 -3.34511e-24 0.252996)
(8.67065 -3.78908e-24 0.286626)
(8.48412 0 0.325607)
(8.27709 -1.95744e-23 0.370579)
(8.04689 0 0.4222)
(7.79069 1.80831e-22 0.481143)
(7.50552 -1.40867e-22 0.547965)
(7.18828 -4.46304e-22 0.623152)
(6.83591 1.44741e-21 0.706906)
(6.44551 1.36472e-21 0.799124)
(6.01457 0 0.899195)
(5.54123 2.12035e-22 1.00592)
(5.02465 0 1.11741)
(4.46536 7.54626e-21 1.23106)
(3.86551 5.96248e-21 1.34372)
(3.22917 -1.02454e-20 1.45201)
(2.56226 -9.89936e-21 1.55283)
(1.87226 1.09822e-20 1.64403)
(1.16771 1.4375e-20 1.72519)
(0.457864 2.69792e-21 1.80194)
(9.95566 0 0.15522)
(9.86712 0 0.15849)
(9.77806 0 0.164925)
(9.68688 0 0.174531)
(9.59207 0 0.187419)
(9.49217 0 0.20379)
(9.38569 0 0.223934)
(9.27112 1.64214e-24 0.248233)
(9.14686 9.16767e-25 0.277157)
(9.01122 0 0.311265)
(8.86237 -4.64498e-24 0.351213)
(8.6983 0 0.397746)
(8.51685 0 0.451693)
(8.31564 -5.43168e-23 0.513965)
(8.09206 -2.14193e-22 0.585474)
(7.84328 -2.42842e-22 0.667213)
(7.56629 8.02475e-23 0.760028)
(7.25785 7.68376e-22 0.864685)
(6.91467 7.3203e-22 0.981582)
(6.53344 0 1.11073)
(6.11105 0 1.25147)
(5.64492 0 1.40227)
(5.13324 0 1.56062)
(4.57555 0 1.72281)
(3.97316 0 1.88413)
(3.32968 1.11428e-20 2.03912)
(2.65138 1.39465e-20 2.18216)
(1.94736 6.3956e-21 2.30839)
(1.22954 6.71216e-21 2.41461)
(0.512034 4.97317e-21 2.50516)
(9.95658 0 0.198201)
(9.8699 0 0.202351)
(9.78276 0 0.210516)
(9.69362 0 0.222704)
(9.60105 0 0.239049)
(9.50363 0 0.259805)
(9.39998 -9.43828e-25 0.285334)
(9.28864 2.09136e-24 0.316117)
(9.1681 0 0.352747)
(9.03678 0 0.395927)
(8.89293 0 0.446488)
(8.73466 0 0.505382)
(8.55991 0 0.57367)
(8.36639 -6.89636e-23 0.652515)
(8.15157 0 0.743185)
(7.91269 -8.94036e-23 0.846882)
(7.64665 -9.11386e-22 0.964927)
(7.35012 -2.33437e-21 1.09833)
(7.0195 -1.63572e-25 1.24791)
(6.65102 1.40793e-21 1.41389)
(6.24082 0 1.59576)
(5.78527 0 1.79192)
(5.28128 -8.9193e-21 1.99934)
(4.72688 -7.97722e-21 2.21336)
(4.12193 -2.04706e-21 2.42753)
(3.46894 1.15692e-20 2.63379)
(2.77404 4.43629e-21 2.82317)
(2.04771 0 2.98668)
(1.30514 -1.31841e-21 3.117)
(0.565438 6.80601e-22 3.21541)
(9.95771 0 0.240175)
(9.87332 0 0.245166)
(9.78854 0 0.254983)
(9.70192 0 0.269631)
(9.61209 -1.91371e-24 0.28927)
(9.51774 0 0.314197)
(9.41755 -2.28145e-24 0.344842)
(9.31017 3.78822e-24 0.381774)
(9.19421 2.81597e-24 0.425701)
(9.06818 6.31474e-24 0.477458)
(8.93047 -1.42287e-23 0.538045)
(8.77932 0 0.608605)
(8.6128 -2.27976e-22 0.690437)
(8.42878 -2.64592e-22 0.784945)
(8.22483 2.17706e-22 0.893709)
(7.99824 -6.35117e-22 1.01837)
(7.74598 -1.22567e-22 1.1605)
(7.46459 7.90239e-22 1.32166)
(7.15016 0 1.50313)
(6.79842 0 1.70559)
(6.40466 0 1.92895)
(5.96398 0 2.17183)
(5.47159 0 2.43108)
(4.92342 0 2.70127)
(4.31699 -2.50973e-21 2.97426)
(3.65279 0 3.23906)
(2.9358 -1.40784e-20 3.48226)
(2.17715 -7.07946e-21 3.68932)
(1.3952 8.64453e-21 3.84695)
(0.614202 2.49639e-21 3.95133)
(9.95905 0 0.280937)
(9.87735 0 0.286722)
(9.79535 0 0.298097)
(9.71169 0 0.315064)
(9.62509 -2.23487e-24 0.337801)
(9.53434 0 0.366645)
(9.43822 -2.66024e-24 0.402084)
(9.33549 2.94212e-24 0.444762)
(9.22488 3.27788e-24 0.495504)
(9.10504 7.34421e-24 0.555245)
(8.97453 -3.30685e-23 0.625149)
(8.83173 0 0.706537)
(8.67491 0 0.800919)
(8.50208 0 0.909993)
(8.31102 0 1.0356)
(8.09912 1.24617e-22 1.17978)
(7.86343 8.32488e-22 1.3446)
(7.60046 8.04632e-22 1.53212)
(7.30611 3.68038e-22 1.74424)
(6.97558 -2.95227e-21 1.98241)
(6.60328 2.79212e-21 2.24725)
(6.18292 5.22953e-21 2.53808)
(5.7076 9.63468e-21 2.85216)
(5.17044 1.38651e-23 3.18383)
(4.56561 -7.67679e-21 3.52361)
(3.89002 0 3.85744)
(3.14587 -1.03805e-20 4.16661)
(2.34368 -1.52467e-20 4.42909)
(1.50454 -2.97237e-23 4.623)
(0.658823 1.58829e-21 4.73656)
(9.96058 0 0.320296)
(9.88196 0 0.32682)
(9.80313 0 0.339645)
(9.72284 0 0.358769)
(9.63992 0 0.384381)
(9.55326 0 0.41685)
(9.46175 -1.51088e-24 0.456715)
(9.3643 0 0.504689)
(9.25977 0 0.561667)
(9.14696 8.31664e-24 0.628721)
(9.02459 -1.8704e-23 0.707122)
(8.89129 0 0.798365)
(8.74548 -4.77978e-23 0.904157)
(8.58543 0 1.02645)
(8.40913 0 1.16738)
(8.21421 -1.40399e-22 1.32939)
(7.99785 0 1.51504)
(7.75665 0 1.72704)
(7.48643 4.15394e-22 1.96803)
(7.18202 0 2.24046)
(6.83708 3.96706e-21 2.54612)
(6.44383 -3.94052e-21 2.88556)
(5.99307 -5.06465e-21 3.25726)
(5.47442 -7.68136e-21 3.65627)
(4.87734 -1.51983e-23 4.07272)
(4.19312 1.2139e-20 4.48993)
(3.41856 7.75515e-21 4.88327)
(2.56098 0 5.22086)
(1.64322 -5.54035e-21 5.46819)
(0.703232 -1.49913e-22 5.60054)
(9.96228 0 0.358071)
(9.8871 0 0.365275)
(9.8118 0 0.379431)
(9.73527 0 0.400529)
(9.65643 0 0.428768)
(9.57431 0 0.46454)
(9.48792 0 0.508421)
(9.3963 0 0.561178)
(9.29848 0 0.62377)
(9.19342 9.22531e-24 0.697379)
(9.08008 0 0.78336)
(8.95725 0 0.883359)
(8.82364 -5.28322e-23 0.999265)
(8.6778 1.19782e-22 1.13322)
(8.51797 -2.25464e-22 1.28772)
(8.34213 -3.75615e-22 1.46552)
(8.14772 -3.52616e-22 1.66973)
(7.93159 8.39657e-22 1.90372)
(7.68967 8.14024e-22 2.17108)
(7.4167 -2.61478e-21 2.47544)
(7.10578 -3.13208e-22 2.82017)
(6.74793 -1.35443e-21 3.20777)
(6.33163 -3.81256e-21 3.63894)
(5.84254 -4.93442e-21 4.11094)
(5.26406 8.86347e-21 4.61521)
(4.57918 6.61189e-21 5.1341)
(3.77507 0 5.63749)
(2.85116 -1.60959e-22 6.08121)
(1.82899 2.31335e-21 6.4116)
(0.755761 2.04251e-21 6.58207)
(9.96415 0 0.394099)
(9.89272 0 0.401916)
(9.82128 0 0.417274)
(9.74885 0 0.440151)
(9.67446 0 0.470746)
(9.59727 0 0.50947)
(9.51643 -3.68433e-24 0.556922)
(9.43114 0 0.613911)
(9.34058 0 0.681446)
(9.24392 0 0.760765)
(9.14031 2.25695e-23 0.853332)
(9.02882 0 0.960881)
(8.90843 0 1.08545)
(8.77799 9.30179e-27 1.22937)
(8.63614 -2.28591e-22 1.39539)
(8.48125 -4.48981e-22 1.58662)
(8.31117 -6.01582e-22 1.80666)
(8.12321 0 2.05956)
(7.91369 0 2.34991)
(7.6776 -1.1327e-21 2.6827)
(7.40802 0 3.06324)
(7.09528 -3.00196e-21 3.49668)
(6.726 1.68345e-21 3.98715)
(6.28199 -3.83381e-21 4.5361)
(5.7396 -2.42349e-21 5.13919)
(5.07048 1.22323e-21 5.78135)
(4.24615 0 6.42977)
(3.24916 -3.28476e-21 7.02692)
(2.09188 -2.14137e-21 7.49074)
(0.831628 -8.19037e-22 7.73498)
(9.96616 0 0.428229)
(9.89877 0 0.436591)
(9.83149 0 0.453013)
(9.76345 0 0.477458)
(9.69384 0 0.510125)
(9.62192 0 0.551427)
(9.54701 -3.9825e-24 0.60198)
(9.46845 0 0.662612)
(9.38561 0 0.734368)
(9.29786 0 0.818522)
(9.20458 2.4244e-23 0.916598)
(9.10511 0 1.0304)
(8.99875 0 1.16207)
(8.88471 -2.77835e-22 1.31408)
(8.76206 0 1.48937)
(8.62964 0 1.69136)
(8.48594 0 1.92404)
(8.32886 4.62926e-22 2.19214)
(8.15551 5.28087e-22 2.50114)
(7.96161 -1.20668e-21 2.85751)
(7.74087 0 3.26867)
(7.48392 0 3.74293)
(7.17669 0 4.28908)
(6.79827 -3.51621e-21 4.91502)
(6.3182 -2.67261e-21 5.62476)
(5.69449 -1.8826e-21 6.41218)
(4.87521 -1.91907e-22 7.2496)
(3.81048 4.02196e-22 8.07063)
(2.48361 1.43826e-21 8.75507)
(0.954183 -2.70034e-21 9.14219)
(9.96829 0 0.460329)
(9.90519 0 0.469163)
(9.84233 0 0.486505)
(9.77894 0 0.512302)
(9.71437 0 0.546741)
(9.64802 0 0.590232)
(9.57934 0 0.643393)
(9.50785 0 0.707058)
(9.43309 0 0.782281)
(9.35464 0 0.870351)
(9.27213 0 0.972817)
(9.18519 0 1.09152)
(9.09345 0 1.22863)
(8.9965 -9.51049e-27 1.38674)
(8.89394 -2.35427e-22 1.56887)
(8.78515 -4.65096e-22 1.77866)
(8.66935 -2.29484e-22 2.02041)
(8.54533 2.59395e-22 2.29935)
(8.41126 1.08274e-22 2.62176)
(8.26416 -1.26494e-21 2.99537)
(8.09931 1.66287e-21 3.42968)
(7.90893 0 3.93634)
(7.68031 -1.50753e-21 4.52946)
(7.39247 -7.13352e-22 5.22547)
(7.0111 -1.27809e-21 6.04143)
(6.48141 6.34631e-22 6.98972)
(5.72131 -1.42961e-21 8.06392)
(4.62468 -9.91157e-22 9.20844)
(3.10013 1.08735e-21 10.2676)
(1.17191 -1.73849e-21 10.9458)
(9.97054 0 0.490286)
(9.91195 0 0.499518)
(9.8537 0 0.517631)
(9.79519 0 0.544553)
(9.73589 0 0.580458)
(9.67532 0 0.62574)
(9.61311 0 0.681006)
(9.54893 0 0.747078)
(9.4825 -1.09143e-23 0.824997)
(9.41363 0 0.916042)
(9.34218 -2.7027e-23 1.02175)
(9.26807 0 1.14395)
(9.19129 0 1.28481)
(9.11187 -9.63246e-27 1.44692)
(9.02987 -6.64001e-23 1.63336)
(8.94538 -4.73579e-22 1.84781)
(8.85841 -6.77024e-22 2.09475)
(8.76881 4.64266e-22 2.37968)
(8.67614 4.59367e-22 2.70941)
(8.57927 1.306e-21 3.09257)
(8.4759 -3.0044e-22 3.54026)
(8.36152 2.70687e-25 4.06698)
(8.22745 -1.98311e-21 4.69197)
(8.05727 -2.85831e-21 5.44078)
(7.81982 1.97637e-21 6.34701)
(7.4561 3.95493e-21 7.45194)
(6.85704 0 8.79639)
(5.83554 4.98493e-21 10.3863)
(4.13129 3.5483e-21 12.0908)
(1.58012 -2.11275e-21 13.4232)
(9.97287 0 0.518001)
(9.91896 0 0.527555)
(9.86552 0 0.54629)
(9.81205 0 0.574111)
(9.75818 0 0.611171)
(9.70358 0 0.657842)
(9.648 -4.72844e-24 0.714705)
(9.59128 0 0.782553)
(9.53334 -2.28184e-23 0.862395)
(9.47418 0 0.955469)
(9.41393 -2.77314e-22 1.06326)
(9.35277 -4.95141e-22 1.18755)
(9.29105 -1.75586e-22 1.33045)
(9.22922 -2.44311e-22 1.49446)
(9.16789 3.55681e-22 1.68261)
(9.10781 3.22087e-22 1.89851)
(9.04986 9.83934e-22 2.14659)
(8.99509 9.52508e-22 2.43235)
(8.94461 0 2.76273)
(8.89955 1.32878e-21 3.14668)
(8.8608 -1.51868e-21 3.59605)
(8.82849 3.74283e-21 4.12696)
(8.80092 5.74377e-21 4.76197)
(8.77199 0 5.53372)
(8.72516 0 6.49095)
(8.61858 8.15753e-22 7.70806)
(8.3482 0 9.29832)
(7.66075 0 11.4184)
(5.99018 -1.50295e-21 14.1909)
(2.41977 -9.10731e-22 17.2025)
(9.97527 0 0.543398)
(9.92619 0 0.553198)
(9.87767 0 0.572404)
(9.82939 0 0.600897)
(9.78107 0 0.638803)
(9.73253 0 0.686462)
(9.68367 -4.92506e-24 0.744418)
(9.6345 0 0.813419)
(9.5851 -1.18331e-23 0.894422)
(9.53567 5.22896e-23 0.988591)
(9.48657 0 1.09734)
(9.43828 0 1.22233)
(9.39147 7.22108e-23 1.36558)
(9.34701 4.09117e-22 1.52944)
(9.30601 4.27788e-22 1.71673)
(9.26987 -4.08036e-22 1.93088)
(9.24036 0 2.17606)
(9.21973 0 2.45744)
(9.21068 1.95114e-21 2.78163)
(9.21671 3.90536e-21 3.15715)
(9.24222 2.83973e-21 3.59547)
(9.29277 3.93963e-21 4.11239)
(9.37544 -3.96024e-21 4.7306)
(9.49913 -8.06462e-21 5.48418)
(9.67398 0 6.42749)
(9.90714 -1.61925e-21 7.65316)
(10.181 -2.4703e-22 9.33388)
(10.3492 0 11.8268)
(9.64848 -3.38146e-21 15.9625)
(4.40568 -1.26535e-21 23.9006)
(0.320557 -9.73897e-22 -0.303546)
(0.968636 1.64496e-21 -0.307636)
(1.62988 2.76507e-21 -0.303789)
(2.28935 1.94013e-21 -0.294581)
(2.93497 3.73026e-21 -0.280932)
(3.55752 1.01346e-25 -0.263885)
(4.15001 -9.31309e-22 -0.244521)
(4.70739 4.9845e-22 -0.223854)
(5.22637 -8.30062e-22 -0.202745)
(5.70522 -3.02035e-22 -0.181924)
(6.14349 0 -0.161932)
(6.54182 8.75287e-23 -0.143146)
(6.90163 9.13422e-23 -0.125801)
(7.22495 0 -0.110025)
(7.51415 0 -0.0958186)
(7.77181 5.49385e-25 -0.0831485)
(8.00053 0 -0.0718872)
(8.20289 -2.04781e-25 -0.0619797)
(8.3813 1.75923e-25 -0.0532335)
(8.53802 0 -0.0455479)
(8.67507 -6.41094e-26 -0.0387834)
(8.79425 -5.42503e-26 -0.0328158)
(8.89714 0 -0.0275286)
(8.98505 0 -0.0228179)
(9.05909 0 -0.0185828)
(9.1201 0 -0.0147349)
(9.16871 0 -0.0111892)
(9.20529 0 -0.0078645)
(9.22993 0 -0.00468108)
(9.24244 0 -0.00155722)
(0.319316 7.68967e-22 -0.925089)
(0.9802 -3.81164e-22 -0.930344)
(1.65052 -4.8745e-21 -0.916689)
(2.31659 7.57528e-22 -0.887379)
(2.96684 0 -0.845107)
(3.59225 -3.04651e-21 -0.792944)
(4.18603 -3.70522e-21 -0.734041)
(4.74334 -2.00958e-21 -0.671398)
(5.26115 -2.22881e-21 -0.607639)
(5.738 -5.78648e-23 -0.544877)
(6.17374 0 -0.484742)
(6.56923 2.83579e-24 -0.428338)
(6.92611 -1.83334e-22 -0.376343)
(7.24655 -1.91816e-22 -0.329052)
(7.53304 0 -0.286539)
(7.78821 4.93111e-24 -0.248592)
(8.01469 0 -0.214995)
(8.21508 6.12377e-25 -0.185313)
(8.39178 5.26515e-25 -0.159193)
(8.54702 -4.50451e-25 -0.13622)
(8.68281 1.91696e-25 -0.116)
(8.80093 -1.62354e-25 -0.0981602)
(8.90293 0 -0.0823508)
(8.99011 0 -0.0682698)
(9.06355 0 -0.0556014)
(9.12409 0 -0.0440915)
(9.17233 0 -0.0334836)
(9.20863 0 -0.0235356)
(9.2331 0 -0.0140093)
(9.24552 0 -0.00466044)
(0.319204 3.73293e-21 -1.57167)
(1.00482 6.49259e-21 -1.57283)
(1.69343 -4.543e-21 -1.54418)
(2.37278 -6.88419e-21 -1.49043)
(3.03222 -5.16685e-21 -1.41593)
(3.66324 -7.86037e-24 -1.32564)
(4.25939 7.23427e-21 -1.22479)
(4.81629 4.08366e-21 -1.11833)
(5.33148 4.73438e-21 -1.01059)
(5.80409 -9.60037e-23 -0.90507)
(6.23453 0 -0.804345)
(6.62419 0 -0.710185)
(6.9751 -7.38547e-22 -0.623599)
(7.28971 -7.71854e-22 -0.54504)
(7.57073 0 -0.474493)
(7.8209 -5.44028e-24 -0.411619)
(8.0429 2.12895e-22 -0.355962)
(8.23935 2.24181e-22 -0.306843)
(8.41262 -3.48598e-24 -0.263635)
(8.56492 -1.49253e-24 -0.225625)
(8.69821 6.35573e-25 -0.192169)
(8.81422 0 -0.162647)
(8.91446 0 -0.136485)
(9.00018 0 -0.113158)
(9.07244 0 -0.0921803)
(9.13203 0 -0.0731094)
(9.17953 0 -0.0555273)
(9.2153 0 -0.0390341)
(9.2394 0 -0.0232362)
(9.25164 0 -0.00773021)
(0.326462 -4.67771e-21 -2.25551)
(1.04653 -6.6883e-21 -2.24443)
(1.76182 -6.16091e-21 -2.19394)
(2.46094 -6.72691e-21 -2.1095)
(3.13403 0 -1.99713)
(3.77308 6.42631e-21 -1.86385)
(4.3722 7.43845e-21 -1.71707)
(4.92782 0 -1.56379)
(5.43842 -4.31165e-21 -1.40996)
(5.90408 -5.13859e-21 -1.26037)
(6.32614 -1.34001e-21 -1.11841)
(6.70671 -2.84097e-21 -0.986325)
(7.04844 -2.23911e-21 -0.865347)
(7.35419 -7.98708e-22 -0.755878)
(7.62693 -2.01886e-22 -0.657799)
(7.86957 -2.23401e-22 -0.570591)
(8.08487 -1.30477e-23 -0.493414)
(8.27542 5.62585e-24 -0.425402)
(8.44359 -4.83496e-24 -0.365561)
(8.59152 -1.03515e-24 -0.312935)
(8.72109 0 -0.266609)
(8.83398 -7.46577e-25 -0.225718)
(8.9316 0 -0.189468)
(9.01517 0 -0.157128)
(9.08567 0 -0.128033)
(9.14385 0 -0.101568)
(9.19026 0 -0.0771568)
(9.22522 0 -0.0542472)
(9.2488 0 -0.0322956)
(9.26077 0 -0.0107447)
(0.347537 -4.96193e-21 -2.98496)
(1.11051 -6.9724e-21 -2.9537)
(1.86062 0 -2.87318)
(2.58593 2.33721e-21 -2.74983)
(3.27679 0 -2.59185)
(3.92567 5.67382e-21 -2.40878)
(4.52758 7.71333e-21 -2.21055)
(5.08021 -3.88731e-21 -2.00627)
(5.58344 -4.73846e-21 -1.80357)
(6.0388 -1.70506e-22 -1.60823)
(6.44884 -3.77143e-23 -1.42428)
(6.81673 0 -1.25419)
(7.14582 -2.90759e-23 -1.09917)
(7.43954 -8.13119e-22 -0.959462)
(7.70116 -7.71293e-22 -0.834648)
(7.93375 0 -0.723863)
(8.14015 -1.65571e-23 -0.625998)
(8.32292 2.06032e-22 -0.539801)
(8.48437 4.0906e-38 -0.464001)
(8.62654 -2.2309e-22 -0.397339)
(8.75122 2.23998e-24 -0.338656)
(8.86 -9.48784e-25 -0.286831)
(8.9542 -2.37017e-22 -0.240866)
(9.03493 -2.39153e-22 -0.199823)
(9.10312 0 -0.162882)
(9.15946 0 -0.129253)
(9.20444 0 -0.0982137)
(9.23835 0 -0.0690658)
(9.26122 0 -0.0411235)
(9.27285 0 -0.0136827)
(0.387007 -2.65039e-21 -3.76806)
(1.20259 -8.84316e-21 -3.70922)
(1.99649 -1.41982e-20 -3.58902)
(2.75468 0 -3.41629)
(3.46705 0 -3.20246)
(4.12663 -8.30455e-21 -2.96063)
(4.72991 -8.63763e-21 -2.70377)
(5.27652 -3.9632e-21 -2.44334)
(5.76844 -9.55904e-21 -2.1884)
(6.20918 -5.16328e-21 -1.9455)
(6.6029 -5.68874e-23 -1.71892)
(6.95402 0 -1.51098)
(7.26678 -1.04947e-22 -1.32259)
(7.54516 0 -1.15358)
(7.79277 5.30555e-23 -1.00309)
(8.01281 -3.7821e-22 -0.869867)
(8.20816 -3.94764e-22 -0.752331)
(8.38132 -1.71638e-23 -0.648922)
(8.53447 -1.47578e-23 -0.558024)
(8.66957 1.26463e-23 -0.478087)
(8.78827 5.3935e-24 -0.407681)
(8.89201 0 -0.345473)
(8.98201 0 -0.290253)
(9.05928 0 -0.240919)
(9.12464 0 -0.196465)
(9.17871 -1.03158e-24 -0.155963)
(9.22194 0 -0.118547)
(9.25456 0 -0.083386)
(9.27658 0 -0.0496589)
(9.28777 0 -0.0165242)
(0.44801 1.91217e-21 -4.61565)
(1.3295 9.5776e-22 -4.52143)
(2.17848 0 -4.34952)
(2.97693 0 -4.11345)
(3.71386 6.37417e-21 -3.83025)
(4.38346 1.49864e-20 -3.5181)
(4.98473 8.49736e-21 -3.19382)
(5.5204 0 -2.87121)
(5.99551 5.35826e-21 -2.56045)
(6.4161 5.56232e-21 -2.26833)
(6.78838 -1.32258e-23 -1.99878)
(7.11813 9.27522e-23 -1.75358)
(7.41057 -2.61179e-26 -1.53292)
(7.67018 -8.12176e-22 -1.33599)
(7.90086 -8.36591e-22 -1.16131)
(8.10592 5.32571e-23 -1.007)
(8.28814 9.2144e-23 -0.871149)
(8.44993 0 -0.751724)
(8.59336 -1.71062e-23 -0.646748)
(8.72015 7.33368e-24 -0.554442)
(8.83184 3.1296e-24 -0.473093)
(8.92969 0 -0.401162)
(9.01477 0 -0.337252)
(9.08798 0 -0.280095)
(9.15003 0 -0.228533)
(9.20146 -1.20061e-24 -0.181506)
(9.24264 0 -0.138017)
(9.27374 0 -0.0971104)
(9.29476 0 -0.0578445)
(9.30545 0 -0.0192501)
(0.533829 4.2557e-21 -5.54393)
(1.50047 7.10993e-21 -5.40483)
(2.41948 0 -5.16435)
(3.26645 1.0267e-21 -4.84547)
(4.0295 -9.4822e-22 -4.47476)
(4.70573 0 -4.07769)
(5.29867 9.73881e-22 -3.6756)
(5.81591 -4.93926e-21 -3.28432)
(6.26665 -2.66134e-21 -2.91439)
(6.66017 2.8244e-21 -2.57194)
(7.00494 2.39042e-22 -2.25981)
(7.30822 -1.04575e-22 -1.9786)
(7.57607 8.93644e-22 -1.7274)
(7.81343 8.27398e-22 -1.50443)
(8.02434 1.38226e-22 -1.30737)
(8.21202 -2.17375e-22 -1.13381)
(8.37916 -3.39817e-22 -0.981227)
(8.52799 -2.25737e-22 -0.847163)
(8.66033 0 -0.729377)
(8.77771 0 -0.625743)
(8.88145 0 -0.53435)
(8.97263 5.99829e-24 -0.453458)
(9.05215 0 -0.381501)
(9.12077 1.04883e-24 -0.317066)
(9.17908 0 -0.258863)
(9.22751 0 -0.205707)
(9.26636 0 -0.156491)
(9.29575 0 -0.110149)
(9.31563 0 -0.0656273)
(9.32575 0 -0.0218429)
(0.646577 -1.19814e-21 -6.57911)
(1.72915 8.4454e-22 -6.38066)
(2.73903 0 -6.04543)
(3.64293 1.18977e-21 -5.61524)
(4.43043 -1.05359e-21 -5.13242)
(5.10531 0 -4.63238)
(5.67925 -4.6077e-21 -4.14096)
(6.16702 -5.23829e-21 -3.67483)
(6.58335 0 -3.24335)
(6.94128 3.0147e-22 -2.85063)
(7.25159 2.64192e-22 -2.49742)
(7.52286 -1.82427e-21 -2.18242)
(7.76174 -1.4428e-21 -1.90317)
(7.97339 5.97251e-22 -1.65661)
(8.16172 5.84324e-22 -1.4396)
(8.32984 2.20494e-22 -1.24888)
(8.48015 2.81659e-22 -1.08142)
(8.61456 4.94118e-23 -0.934374)
(8.73461 2.31206e-22 -0.805162)
(8.84161 2.34038e-22 -0.69139)
(8.93657 7.81707e-24 -0.590967)
(9.02039 6.64028e-24 -0.501966)
(9.09379 1.39828e-24 -0.422682)
(9.15735 1.16302e-24 -0.351578)
(9.21153 0 -0.287249)
(9.25665 1.51099e-24 -0.228409)
(9.29293 0 -0.173854)
(9.32043 0 -0.12242)
(9.33906 0 -0.0729593)
(9.34854 0 -0.0242868)
(0.789781 3.43802e-22 -7.76725)
(2.03925 1.98016e-22 -7.48121)
(3.16825 0 -7.00655)
(4.13513 -6.79695e-22 -6.4218)
(4.93829 -5.74792e-22 -5.79393)
(5.59614 -4.75659e-21 -5.1698)
(6.13399 -5.21028e-21 -4.57771)
(6.57681 8.52831e-22 -4.0322)
(6.94593 -7.48307e-22 -3.53883)
(7.25822 1.86553e-21 -3.09783)
(7.52641 1.02243e-21 -2.70663)
(7.75987 8.2178e-22 -2.36129)
(7.96544 1.49589e-21 -2.05739)
(8.14805 -2.42097e-22 -1.79048)
(8.31132 -1.04455e-21 -1.55631)
(8.45793 -3.04958e-22 -1.35092)
(8.58983 0 -1.17075)
(8.70857 1.07097e-22 -1.01256)
(8.81535 0 -0.873456)
(8.9111 2.35878e-22 -0.750883)
(8.99661 2.5514e-22 -0.642522)
(9.07249 0 -0.546347)
(9.13928 1.52347e-24 -0.460519)
(9.19738 0 -0.383406)
(9.24709 0 -0.313514)
(9.28865 3.30077e-24 -0.249474)
(9.32215 0 -0.190001)
(9.34759 0 -0.133852)
(9.36486 0 -0.0797982)
(9.37366 0 -0.0265678)
(0.979059 1.02892e-22 -9.18902)
(2.47656 1.18814e-21 -8.75387)
(3.7589 0 -8.05965)
(4.78485 -7.6785e-22 -7.25475)
(5.58041 -6.81481e-22 -6.43984)
(6.19298 0 -5.66967)
(6.66902 -1.05055e-21 -4.96844)
(7.04625 9.18536e-22 -4.34283)
(7.35269 -8.01592e-22 -3.79075)
(7.60813 0 -3.30628)
(7.8262 -8.29061e-22 -2.88225)
(8.01619 -8.48903e-22 -2.51153)
(8.18439 4.91339e-22 -2.18745)
(8.33506 -6.42494e-22 -1.90406)
(8.47112 -1.7506e-22 -1.65607)
(8.59455 3.79632e-22 -1.43887)
(8.7068 1.31992e-22 -1.24838)
(8.80889 -1.76003e-22 -1.08105)
(8.90156 0 -0.933768)
(8.98542 0 -0.803783)
(9.06091 9.11026e-24 -0.688682)
(9.1284 7.75665e-24 -0.586319)
(9.18819 0 -0.494781)
(9.2405 0 -0.412364)
(9.28548 0 -0.337508)
(9.32324 1.77817e-24 -0.268784)
(9.35379 0 -0.204845)
(9.37705 0 -0.144384)
(9.39287 0 -0.0861075)
(9.40095 0 -0.0286737)
(1.25183 -1.02735e-21 -10.9903)
(3.1317 -1.53545e-21 -10.2629)
(4.59763 0 -9.20275)
(5.65065 1.7099e-21 -8.08261)
(6.3879 0 -7.03358)
(6.90824 0 -6.10086)
(7.28627 -1.11846e-21 -5.28985)
(7.57235 -2.00458e-22 -4.5904)
(7.79878 1.47866e-21 -3.98807)
(7.98589 7.32755e-22 -3.46858)
(8.14626 2.01622e-25 -3.01936)
(8.28775 -3.36202e-22 -2.62981)
(8.4152 1.19098e-21 -2.29106)
(8.53157 -2.10911e-22 -1.99578)
(8.63874 0 -1.73778)
(8.73782 1.59811e-22 -1.51189)
(8.82951 1.8771e-26 -1.31368)
(8.91422 0 -1.13937)
(8.99223 5.21317e-23 -0.985686)
(9.06372 2.24757e-23 -0.849784)
(9.1288 2.4164e-22 -0.729177)
(9.18756 2.59644e-22 -0.62166)
(9.24006 0 -0.525288)
(9.28633 0 -0.438304)
(9.32638 0 -0.359113)
(9.36017 0 -0.286245)
(9.38762 -1.44418e-24 -0.218313)
(9.4086 0 -0.153965)
(9.4229 0 -0.0918573)
(9.43021 0 -0.0305946)
(1.70967 1.38894e-21 -13.4569)
(4.19383 -2.5624e-21 -12.0749)
(5.82774 -9.79902e-21 -10.3865)
(6.80718 -9.97612e-22 -8.8314)
(7.38822 3.11963e-21 -7.51285)
(7.7452 0 -6.41961)
(7.97921 0 -5.51355)
(8.14582 -1.72407e-21 -4.75716)
(8.27522 -1.09238e-23 -4.11981)
(8.38375 1.19959e-21 -3.57798)
(8.48025 2.40017e-22 -3.11377)
(8.56945 4.5348e-22 -2.71349)
(8.65377 4.99995e-22 -2.36654)
(8.73438 0 -2.06451)
(8.81167 0 -1.80065)
(8.88571 1.93613e-26 -1.56942)
(8.95632 -1.44446e-22 -1.36623)
(9.02327 0 -1.18719)
(9.0863 5.44217e-23 -1.02895)
(9.14515 4.70094e-23 -0.888666)
(9.19958 0 -0.763824)
(9.24939 1.72567e-23 -0.652227)
(9.29442 0 -0.551911)
(9.33448 1.52545e-24 -0.461118)
(9.36945 0 -0.378238)
(9.39915 1.99654e-24 -0.301785)
(9.42341 -1.52384e-24 -0.23035)
(9.44203 0 -0.162555)
(9.45475 0 -0.0970239)
(9.46127 0 -0.0323226)
(2.61422 2.96756e-22 -17.213)
(6.0759 5.06778e-21 -14.1622)
(7.67026 -4.83658e-21 -11.4321)
(8.32618 1.09696e-20 -9.35304)
(8.58558 -5.35598e-24 -7.78413)
(8.68644 -1.01122e-20 -6.5722)
(8.72736 -6.0597e-21 -5.60981)
(8.74905 -3.70033e-21 -4.82677)
(8.76817 -1.85552e-21 -4.17701)
(8.79122 -3.72144e-21 -3.6295)
(8.82026 -1.19934e-21 -3.16267)
(8.85532 5.83127e-22 -2.761)
(8.89561 -9.80536e-22 -2.41294)
(8.93996 -4.73244e-22 -2.1097)
(8.98717 2.37881e-22 -1.84434)
(9.03604 2.39156e-22 -1.61126)
(9.08554 0 -1.40588)
(9.13468 0 -1.22437)
(9.18267 -5.62387e-23 -1.06346)
(9.22881 2.43427e-23 -0.920331)
(9.27252 0 -0.79254)
(9.31331 1.79359e-23 -0.677932)
(9.35078 0 -0.574576)
(9.38456 1.59036e-24 -0.480738)
(9.41436 0 -0.394824)
(9.43989 4.17267e-24 -0.315355)
(9.4609 0 -0.240918)
(9.4771 0 -0.170128)
(9.48822 0 -0.10159)
(9.49393 0 -0.0338521)
(4.71402 -6.3828e-21 -23.8273)
(9.74233 -2.1091e-20 -15.9383)
(10.3871 -5.0189e-21 -11.8654)
(10.2047 1.25526e-20 -9.40494)
(9.92224 -1.34585e-20 -7.73531)
(9.67882 -1.90876e-20 -6.50797)
(9.49195 -1.27094e-20 -5.55565)
(9.35525 2.02214e-21 -4.78881)
(9.2593 0 -4.15495)
(9.19559 -1.52847e-21 -3.62112)
(9.15728 6.68265e-22 -3.16531)
(9.13885 9.6741e-22 -2.77213)
(9.13585 -5.13359e-22 -2.43036)
(9.1447 -1.45221e-21 -2.13152)
(9.16245 -2.42506e-22 -1.86901)
(9.18669 1.73059e-22 -1.63752)
(9.21545 2.5622e-31 -1.43273)
(9.24708 2.44763e-22 -1.251)
(9.28026 -5.7603e-23 -1.08924)
(9.31384 4.99709e-23 -0.944792)
(9.34692 -4.31174e-23 -0.815317)
(9.37874 9.24359e-24 -0.69876)
(9.40865 0 -0.593257)
(9.43615 0 -0.497137)
(9.46077 0 -0.408845)
(9.48211 2.16293e-24 -0.326929)
(9.49984 0 -0.249995)
(9.51361 0 -0.176665)
(9.52311 0 -0.105547)
(9.528 0 -0.0351794)
(9.97777 0 0.566811)
(9.93371 0 0.576784)
(9.89031 0 0.596316)
(9.84739 0 0.625262)
(9.80479 0 0.663714)
(9.76249 0 0.711974)
(9.72052 0 0.770533)
(9.67903 -4.4429e-23 0.840081)
(9.63827 0 0.921493)
(9.59866 5.37321e-23 1.01584)
(9.56074 0 1.12443)
(9.52529 0 1.24878)
(9.49326 -7.35742e-23 1.39071)
(9.46592 1.64161e-22 1.55236)
(9.44486 -1.83525e-22 1.73625)
(9.4321 -4.11128e-22 1.94545)
(9.43023 0 2.18366)
(9.44251 5.18642e-22 2.45544)
(9.47324 0 2.76649)
(9.52808 0 3.12423)
(9.61469 -1.49379e-21 3.5384)
(9.74378 -1.69854e-21 4.02225)
(9.93095 5.20912e-25 4.59459)
(10.2002 -2.23209e-21 5.28315)
(10.5913 -1.296e-21 6.13103)
(11.1781 -1.52519e-21 7.20979)
(12.119 -2.28889e-22 8.64882)
(13.8298 0 10.7063)
(17.6379 -3.23333e-20 13.9644)
(28.4875 -4.64859e-20 19.9207)
(9.98039 0 0.588327)
(9.94157 0 0.598399)
(9.90351 0 0.618111)
(9.86615 0 0.64729)
(9.82949 0 0.685988)
(9.79361 0 0.734458)
(9.75869 0 0.793128)
(9.72503 -4.56215e-23 0.86261)
(9.69303 0 0.94368)
(9.66328 0 1.0373)
(9.63655 6.05473e-23 1.1446)
(9.61383 0 1.26695)
(9.59638 -7.43775e-23 1.40589)
(9.58577 1.65316e-22 1.56329)
(9.58402 -1.84052e-22 1.74127)
(9.59367 -4.10467e-22 1.9424)
(9.618 4.58355e-22 2.16968)
(9.66113 3.10669e-28 2.42675)
(9.72859 0 2.71808)
(9.82771 -4.80927e-21 3.04915)
(9.96856 -4.22556e-21 3.42692)
(10.1654 6.99599e-21 3.86033)
(10.4392 2.65904e-20 4.36095)
(10.8226 1.62977e-20 4.94384)
(11.3685 -1.18936e-21 5.62824)
(12.1684 0 6.43656)
(13.3902 4.57326e-20 7.38393)
(15.3435 5.19562e-20 8.43416)
(18.5407 -4.93181e-22 9.31068)
(23.3154 -7.7653e-20 8.75973)
(9.98308 0 0.607565)
(9.94966 0 0.617659)
(9.91709 0 0.637398)
(9.88543 0 0.666577)
(9.85482 0 0.705208)
(9.82545 0 0.753481)
(9.79763 0 0.811757)
(9.77179 0 0.880548)
(9.7485 0 0.960523)
(9.72848 0 1.05249)
(9.71269 1.2245e-22 1.15742)
(9.7023 -1.89298e-22 1.27642)
(9.6988 -2.5673e-22 1.41079)
(9.70405 -3.48575e-22 1.56199)
(9.72039 -1.72692e-21 1.73171)
(9.75073 -1.03248e-21 1.92187)
(9.79878 4.50923e-22 2.13468)
(9.86932 2.28995e-25 2.37262)
(9.96855 0 2.63855)
(10.1046 -9.18593e-21 2.93575)
(10.2888 -1.81389e-20 3.26773)
(10.5364 -9.70497e-21 3.63823)
(10.8693 8.39898e-27 4.05048)
(11.3197 1.92448e-20 4.50584)
(11.9348 2.02943e-20 4.99998)
(12.7855 0 5.51372)
(13.9721 1.26593e-21 5.99135)
(15.6156 -5.36585e-20 6.28966)
(17.7748 -6.06252e-20 6.07215)
(20.1655 1.38859e-19 4.65678)
(9.98584 0 0.624327)
(9.95793 0 0.634364)
(9.93094 0 0.653975)
(9.90508 0 0.682922)
(9.88056 0 0.721168)
(9.85773 0 0.768844)
(9.837 0 0.82622)
(9.8189 0 0.893711)
(9.80414 0 0.971849)
(9.79357 0 1.06129)
(9.78828 1.23018e-22 1.16278)
(9.78962 1.35129e-22 1.27719)
(9.79921 -1.10779e-22 1.40549)
(9.81913 -1.29962e-21 1.54876)
(9.85187 -1.22372e-21 1.70813)
(9.9006 0 1.88486)
(9.96925 -2.1116e-21 2.08023)
(10.0628 -1.64653e-21 2.29552)
(10.1875 4.31705e-21 2.53193)
(10.3517 4.38685e-21 2.79032)
(10.5662 -1.29638e-21 3.07092)
(10.8451 -7.11687e-22 3.37258)
(11.2075 -1.55753e-21 3.6914)
(11.6786 0 4.01821)
(12.2911 9.15047e-22 4.33386)
(13.0841 -4.45571e-20 4.6002)
(14.0955 2.04883e-21 4.74506)
(15.3369 1.04515e-19 4.63975)
(16.7348 -5.70476e-20 4.07971)
(18.0351 -1.22333e-19 2.81744)
(9.98863 0 0.638426)
(9.96631 0 0.648328)
(9.94498 0 0.667656)
(9.92493 0 0.69614)
(9.90653 0 0.733693)
(9.89019 0 0.780373)
(9.87644 0 0.836366)
(9.86591 0 0.901967)
(9.8594 -2.60979e-22 0.977571)
(9.85787 -2.60939e-22 1.06364)
(9.8625 -1.99662e-22 1.16074)
(9.87474 -1.94233e-22 1.26944)
(9.89634 1.47007e-22 1.39037)
(9.92942 -3.22337e-22 1.52418)
(9.97658 0 1.67149)
(10.041 -1.93724e-22 1.83284)
(10.1265 2.12208e-22 2.0086)
(10.238 -2.3234e-22 2.19889)
(10.3814 0 2.40334)
(10.5643 0 2.62072)
(10.7958 -1.20235e-21 2.84849)
(11.0875 -6.50333e-22 3.0818)
(11.4534 0 3.31212)
(11.9099 -7.43847e-22 3.52474)
(12.4741 7.79778e-22 3.69526)
(13.1598 0 3.78439)
(13.968 7.87498e-22 3.73208)
(14.8693 -5.09671e-20 3.4547)
(15.778 -5.36402e-20 2.85555)
(16.5358 -1.97152e-22 1.86932)
(9.99144 0 0.64969)
(9.97474 0 0.659381)
(9.95907 0 0.678276)
(9.94483 0 0.706074)
(9.93249 0 0.742635)
(9.92253 0 0.787945)
(9.91558 0 0.842091)
(9.91236 0 0.905253)
(9.91371 0 0.977674)
(9.92069 0 1.05964)
(9.93453 0 1.15148)
(9.9567 -2.63556e-22 1.25349)
(9.98899 -3.36674e-22 1.36598)
(10.0335 -1.21988e-21 1.48915)
(10.0928 -3.03453e-21 1.6231)
(10.1699 -2.34063e-21 1.76773)
(10.2684 -1.16674e-25 1.9226)
(10.3927 -2.20461e-22 2.08677)
(10.548 0 2.25861)
(10.7404 0 2.43529)
(10.977 -1.10283e-21 2.61238)
(11.2661 -5.87005e-22 2.78291)
(11.6164 0 2.93622)
(12.036 1.97925e-20 3.05648)
(12.5303 2.12755e-20 3.12063)
(13.0979 0 3.09684)
(13.7241 0 2.94427)
(14.3717 -4.88446e-20 2.61734)
(14.9751 -5.08562e-20 2.07894)
(15.4435 -3.50322e-23 1.32575)
(9.99425 0 0.657969)
(9.98315 0 0.667375)
(9.97311 0 0.685693)
(9.96462 0 0.712594)
(9.95821 0 0.747881)
(9.95448 0 0.791469)
(9.95408 0 0.843347)
(9.9578 0 0.903575)
(9.96655 0 0.97224)
(9.98139 0 1.04945)
(10.0036 0 1.13531)
(10.0346 -6.50576e-23 1.22986)
(10.0761 -1.4104e-22 1.33307)
(10.1302 0 1.44476)
(10.1993 -7.49109e-22 1.56455)
(10.286 -1.08916e-21 1.69179)
(10.3935 4.20989e-21 1.82533)
(10.5256 4.45881e-21 1.96347)
(10.6864 0 2.10363)
(10.8804 0 2.24203)
(11.1127 -9.92215e-21 2.37322)
(11.388 9.65996e-21 2.48952)
(11.7106 3.97303e-20 2.5803)
(12.0824 2.04988e-20 2.63118)
(12.5019 0 2.62369)
(12.9604 2.67533e-22 2.53539)
(13.4392 0 2.34188)
(13.9066 4.76443e-20 2.02191)
(14.3179 4.85872e-20 1.56598)
(14.6221 -2.60802e-23 0.987431)
(9.99703 0 0.663129)
(9.99147 0 0.672183)
(9.98697 0 0.689792)
(9.9841 0 0.715598)
(9.98348 0 0.749357)
(9.98573 0 0.790904)
(9.99157 0 0.840138)
(10.0018 0 0.896995)
(10.0174 0 0.961424)
(10.0394 0 1.03336)
(10.069 0 1.11267)
(10.1076 -6.34333e-23 1.19919)
(10.1569 -6.06093e-22 1.29257)
(10.2187 -5.4099e-22 1.3923)
(10.295 7.91154e-23 1.49761)
(10.3884 0 1.60738)
(10.5013 -1.81752e-22 1.71999)
(10.6366 4.6998e-21 1.83318)
(10.7975 9.14903e-21 1.94388)
(10.9869 4.4388e-21 2.04785)
(11.2078 0 2.13945)
(11.4622 0 2.21133)
(11.751 1.9692e-20 2.2541)
(12.0725 1.99987e-20 2.25619)
(12.4215 -2.32696e-22 2.2042)
(12.7872 4.38352e-20 2.08391)
(13.1525 -7.71318e-24 1.88239)
(13.4935 -4.56096e-20 1.59172)
(13.7813 -4.67437e-20 1.21352)
(13.9872 2.71538e-25 0.763134)
(9.99976 0 0.665065)
(9.99963 0 0.673704)
(10.0005 0 0.690484)
(10.0031 0 0.715021)
(10.0081 -2.64914e-22 0.747021)
(10.016 -2.65124e-22 0.786253)
(10.0277 0 0.832525)
(10.044 0 0.885657)
(10.0658 0 0.945461)
(10.0941 -5.35107e-23 1.01171)
(10.1301 0 1.0841)
(10.1752 2.69338e-22 1.16222)
(10.2306 8.12427e-22 1.2455)
(10.2982 -5.45215e-22 1.33315)
(10.3796 -1.2497e-21 1.4241)
(10.4768 0 1.5169)
(10.5917 -1.70064e-22 1.60963)
(10.7266 1.79595e-22 1.69977)
(10.8832 4.70507e-21 1.78404)
(11.0635 4.49094e-21 1.85824)
(11.2684 -2.02418e-22 1.91711)
(11.4983 -9.54002e-21 1.95424)
(11.7517 -1.03755e-20 1.962)
(12.0252 -4.07473e-22 1.93186)
(12.3121 -1.95716e-22 1.85488)
(12.6023 -2.10098e-20 1.72286)
(12.8821 -2.18444e-20 1.52995)
(13.1342 3.3696e-23 1.27484)
(13.3406 -4.52572e-20 0.962828)
(13.4849 -4.56917e-20 0.60695)
(10.0024 0 0.663696)
(10.0076 0 0.671866)
(10.0137 0 0.687712)
(10.0215 0 0.710829)
(10.0318 0 0.740879)
(10.0451 0 0.777567)
(10.0622 0 0.820617)
(10.084 0 0.869748)
(10.1114 -4.89029e-23 0.92465)
(10.1452 -5.20941e-23 0.984954)
(10.1866 0 1.05019)
(10.2368 -5.92294e-23 1.11979)
(10.2969 6.31013e-23 1.19296)
(10.3685 0 1.26873)
(10.4528 -7.11903e-23 1.34582)
(10.5514 0 1.42261)
(10.6656 4.4386e-21 1.49703)
(10.7969 4.57335e-21 1.5665)
(10.9462 5.59968e-29 1.62785)
(11.1143 -1.77175e-22 1.67722)
(11.3009 -9.01044e-23 1.71004)
(11.5052 9.93234e-21 1.72108)
(11.7245 9.7564e-21 1.7046)
(11.9546 -2.00917e-20 1.65469)
(12.1892 -2.07456e-20 1.56589)
(12.4195 1.51302e-22 1.43397)
(12.6352 0 1.25709)
(12.8244 2.7397e-23 1.03682)
(12.9757 -4.11453e-23 0.779075)
(13.0798 3.93821e-23 0.494015)
(10.005 0 0.658968)
(10.0152 0 0.666624)
(10.0264 0 0.681449)
(10.0392 0 0.703023)
(10.0544 0 0.73097)
(10.0727 0 0.764937)
(10.0948 0 0.804577)
(10.1216 0 0.84952)
(10.1538 -3.16334e-22 0.899352)
(10.1923 -2.6979e-22 0.953577)
(10.2381 -2.71002e-22 1.01162)
(10.2922 -6.01607e-22 1.07274)
(10.3556 -2.74114e-22 1.13605)
(10.4295 -1.1678e-21 1.20043)
(10.5149 -3.34011e-21 1.2645)
(10.6128 -2.2475e-21 1.32655)
(10.7241 -2.34433e-21 1.38454)
(10.8496 -6.93141e-21 1.43604)
(10.9895 -9.46643e-21 1.47809)
(11.1437 -4.87973e-21 1.50739)
(11.3114 1.60673e-22 1.52019)
(11.4907 -7.99224e-23 1.51248)
(11.6787 7.82059e-23 1.48017)
(11.8712 2.24796e-22 1.41944)
(12.0625 -7.00984e-23 1.32726)
(12.2459 -3.17698e-23 1.20186)
(12.4136 -2.10392e-20 1.04346)
(12.5576 -4.25631e-20 0.854734)
(12.6708 -4.29596e-20 0.640921)
(12.7477 -2.15775e-20 0.409787)
(10.0074 0 0.650858)
(10.0225 0 0.657964)
(10.0384 0 0.671702)
(10.0559 0 0.691639)
(10.0758 0 0.71737)
(10.0987 0 0.748495)
(10.1253 0 0.784606)
(10.1564 0 0.825259)
(10.1927 0 0.869953)
(10.2351 2.70923e-22 0.918114)
(10.2843 2.72226e-22 0.969052)
(10.3412 0 1.02196)
(10.4066 -5.69013e-23 1.07585)
(10.4814 -5.97421e-23 1.12955)
(10.5663 0 1.18163)
(10.6619 0 1.23048)
(10.7687 0 1.27413)
(10.8869 -3.46526e-23 1.31034)
(11.0163 -4.73691e-21 1.33661)
(11.1561 -4.76121e-21 1.35019)
(11.3051 1.42459e-22 1.34816)
(11.4611 -9.81587e-21 1.3276)
(11.6213 -9.84627e-21 1.28575)
(11.7819 9.67096e-23 1.22036)
(11.9382 0 1.12994)
(12.0849 -2.6803e-23 1.0142)
(12.2165 2.07017e-20 0.874277)
(12.3276 -1.61921e-25 0.712984)
(12.4139 -9.03639e-27 0.534773)
(12.4719 5.69946e-26 0.345371)
(10.0097 0 0.639371)
(10.0294 0 0.645901)
(10.0498 0 0.658504)
(10.0717 0 0.676743)
(10.0958 0 0.700189)
(10.1228 0 0.728407)
(10.1534 0 0.760938)
(10.1883 0 0.797287)
(10.2281 0 0.836883)
(10.2735 0 0.879099)
(10.3252 -2.73309e-22 0.923183)
(10.3839 -2.74863e-22 0.96827)
(10.4503 0 1.01335)
(10.5248 5.59139e-23 1.05724)
(10.6079 5.81009e-23 1.09858)
(10.7 1.13296e-21 1.13582)
(10.8011 3.43105e-21 1.16721)
(10.9111 -4.07487e-26 1.19079)
(11.0294 2.30404e-21 1.20451)
(11.155 -3.20241e-23 1.20616)
(11.2864 3.1623e-23 1.19358)
(11.4215 -4.80755e-21 1.16474)
(11.5576 -5.87482e-23 1.11791)
(11.6915 9.90504e-21 1.0519)
(11.8195 0 0.966222)
(11.9376 0 0.861319)
(12.0419 0 0.738683)
(12.1289 -1.02752e-20 0.600931)
(12.1957 -2.06626e-20 0.451613)
(12.2404 -2.07374e-20 0.295026)
(10.0119 0 0.624539)
(10.0358 0 0.630479)
(10.0604 0 0.641921)
(10.0863 0 0.658431)
(10.1143 0 0.679566)
(10.1451 0 0.704865)
(10.1792 0 0.733836)
(10.2172 0 0.765942)
(10.2598 0 0.800581)
(10.3075 0 0.837079)
(10.3609 2.74254e-22 0.874666)
(10.4205 5.51664e-22 0.912454)
(10.4868 5.55172e-22 0.949455)
(10.56 8.90643e-22 0.98453)
(10.6405 1.7437e-21 1.01641)
(10.7282 1.13593e-21 1.04368)
(10.823 -2.26382e-21 1.06484)
(10.9244 -2.31345e-21 1.07824)
(11.0317 -2.86134e-23 1.08223)
(11.1438 4.72006e-21 1.07514)
(11.2592 9.50996e-21 1.05544)
(11.3758 4.87229e-21 1.02177)
(11.4913 4.86743e-21 0.973164)
(11.6031 4.89072e-21 0.909111)
(11.7084 0 0.829708)
(11.8042 9.9804e-21 0.735746)
(11.8877 1.00704e-20 0.628771)
(11.9566 0 0.511022)
(12.0091 1.01728e-20 0.385321)
(12.0441 6.81172e-24 0.254873)
(10.0139 0 0.606424)
(10.0418 0 0.611769)
(10.0701 0 0.622046)
(10.0998 0 0.636827)
(10.1313 0 0.655664)
(10.1653 0 0.678084)
(10.2024 0 0.703576)
(10.243 0 0.731579)
(10.2878 0 0.761477)
(10.3372 0 0.792574)
(10.3916 0 0.824105)
(10.4513 0 0.85522)
(10.5167 1.11352e-21 0.884949)
(10.588 1.12106e-21 0.912239)
(10.665 1.17872e-21 0.93595)
(10.7478 2.27599e-21 0.954859)
(10.836 -1.12177e-21 0.967666)
(10.9289 -2.31437e-21 0.973067)
(11.0257 0 0.96977)
(11.1253 0 0.956557)
(11.2262 0 0.93238)
(11.3267 -2.36917e-23 0.896422)
(11.4249 0 0.848206)
(11.5186 0 0.787656)
(11.6057 -4.91562e-21 0.715188)
(11.6839 -1.66581e-23 0.631699)
(11.7515 -9.12124e-27 0.538642)
(11.8068 -5.32413e-38 0.437875)
(11.8487 5.01832e-21 0.331616)
(11.8766 1.77903e-23 0.222287)
(10.0157 0 0.585109)
(10.0472 0 0.589866)
(10.0791 0 0.598992)
(10.112 0 0.612074)
(10.1466 0 0.628667)
(10.1834 0 0.648296)
(10.223 0 0.670442)
(10.2658 0 0.694543)
(10.3122 0 0.719979)
(10.3627 0 0.746072)
(10.4174 0 0.772077)
(10.4767 -4.21488e-23 0.797168)
(10.5406 0 0.820471)
(10.6093 0 0.841033)
(10.6826 4.53562e-23 0.85785)
(10.7602 0 0.869863)
(10.8417 1.14794e-21 0.87604)
(10.9264 1.1569e-21 0.875334)
(11.0134 -2.30935e-21 0.866781)
(11.1017 -4.70193e-21 0.849529)
(11.1899 -4.73932e-21 0.822906)
(11.2766 -2.40881e-21 0.786466)
(11.3602 0 0.74006)
(11.4391 0 0.683877)
(11.5115 0 0.618452)
(11.576 0 0.544708)
(11.6312 0 0.463901)
(11.6761 4.94519e-21 0.377564)
(11.71 9.91138e-21 0.287428)
(11.7327 1.04376e-23 0.195345)
(10.0174 0 0.560703)
(10.0521 0 0.564886)
(10.0871 0 0.572895)
(10.123 0 0.584334)
(10.1603 0 0.598772)
(10.1995 0 0.615738)
(10.2412 0 0.634723)
(10.2856 0 0.655172)
(10.3332 0 0.676485)
(10.3841 0 0.69801)
(10.4387 0 0.719041)
(10.4971 -3.90601e-23 0.738827)
(10.5592 0 0.756553)
(10.6249 0 0.77141)
(10.6942 0 0.782514)
(10.7666 0 0.788998)
(10.8416 0 0.790035)
(10.9185 -1.15607e-21 0.784837)
(10.9966 -1.14391e-21 0.77269)
(11.0748 2.36514e-21 0.753036)
(11.152 2.36158e-21 0.725472)
(11.2269 -2.37747e-21 0.689812)
(11.2984 -2.3926e-21 0.646113)
(11.3651 2.40673e-21 0.59469)
(11.4258 2.41958e-21 0.536124)
(11.4794 0 0.471277)
(11.525 0 0.401212)
(11.562 0 0.327173)
(11.5898 2.4476e-21 0.250523)
(11.6085 2.45821e-21 0.172653)
(10.0189 0 0.533329)
(10.0565 0 0.536963)
(10.0943 0 0.543905)
(10.1327 0 0.553782)
(10.1724 0 0.56618)
(10.2136 0 0.580648)
(10.2569 0 0.596694)
(10.3026 0 0.613786)
(10.3508 0 0.63135)
(10.4019 -3.4296e-23 0.648781)
(10.456 0 0.665417)
(10.513 0 0.680593)
(10.5729 0 0.693595)
(10.6356 0 0.703695)
(10.7008 0 0.710181)
(10.7681 0 0.712349)
(10.837 0 0.709551)
(10.9068 0 0.701191)
(10.9768 0 0.68679)
(11.0461 1.75948e-23 0.66599)
(11.1137 0 0.638589)
(11.1788 0 0.604564)
(11.2401 0 0.564091)
(11.2969 0 0.517537)
(11.3482 1.22822e-23 0.465487)
(11.3932 0 0.408679)
(11.4313 0 0.348017)
(11.4621 0 0.28451)
(11.4853 2.43212e-21 0.219217)
(11.5009 2.43542e-21 0.153198)
(10.0202 0 0.503125)
(10.0604 0 0.506241)
(10.1006 0 0.512179)
(10.1413 0 0.520593)
(10.1829 0 0.531095)
(10.2258 0 0.543256)
(10.2704 0 0.556614)
(10.3169 0 0.570667)
(10.3655 0 0.584884)
(10.4163 -3.16449e-23 0.598704)
(10.4695 0 0.611543)
(10.5249 0 0.62279)
(10.5826 0 0.631848)
(10.6421 0 0.6381)
(10.7033 0 0.640951)
(10.7658 0 0.639859)
(10.829 0 0.63431)
(10.8923 5.93122e-22 0.623904)
(10.9551 -5.79967e-22 0.608303)
(11.0167 -1.16645e-21 0.587311)
(11.0762 0 0.56086)
(11.1329 -1.17875e-21 0.529027)
(11.1859 -2.36874e-21 0.492048)
(11.2346 8.89858e-28 0.450305)
(11.2783 2.39896e-21 0.404323)
(11.3164 1.19818e-21 0.354758)
(11.3486 -1.20159e-21 0.302349)
(11.3746 -2.43369e-28 0.247895)
(11.3942 3.76307e-28 0.192237)
(11.4075 -1.20782e-21 0.136199)
(10.0213 0 0.470244)
(10.0638 0 0.47288)
(10.1061 0 0.477888)
(10.1486 0 0.484955)
(10.1919 0 0.49372)
(10.2361 0 0.503787)
(10.2816 5.44308e-22 0.514727)
(10.3287 1.0936e-21 0.526075)
(10.3774 5.49375e-22 0.537349)
(10.4277 0 0.548051)
(10.4798 0 0.557656)
(10.5335 0 0.565645)
(10.5888 0 0.57149)
(10.6452 0 0.574693)
(10.7026 0 0.574787)
(10.7606 0 0.571335)
(10.8186 0 0.563974)
(10.8761 1.45902e-23 0.5524)
(10.9327 -5.78774e-22 0.536428)
(10.9876 -1.16336e-21 0.515958)
(11.0401 -5.84464e-22 0.491006)
(11.0898 0 0.461711)
(11.136 -1.17907e-21 0.428327)
(11.1781 3.78078e-28 0.391222)
(11.2156 1.18751e-21 0.350863)
(11.2483 0 0.307799)
(11.2758 -1.19388e-21 0.26264)
(11.298 -1.19623e-21 0.21603)
(11.3148 0 0.168623)
(11.3264 -5.99616e-22 0.121059)
(10.0223 0 0.434841)
(10.0667 0 0.437037)
(10.1108 0 0.441199)
(10.1549 0 0.447044)
(10.1995 0 0.454245)
(10.2447 0 0.462441)
(10.2909 0 0.471241)
(10.3383 0 0.480229)
(10.3867 0 0.488975)
(10.4365 0 0.497025)
(10.4873 0 0.503944)
(10.5393 0 0.509276)
(10.5921 0 0.512589)
(10.6456 0 0.513478)
(10.6995 0 0.511561)
(10.7533 0 0.506522)
(10.8067 0 0.498093)
(10.8591 -2.8744e-22 0.486079)
(10.9102 2.88792e-22 0.470371)
(10.9594 1.16037e-21 0.450944)
(11.0061 5.82659e-22 0.42787)
(11.0499 5.8498e-22 0.401309)
(11.0904 -1.75584e-28 0.371517)
(11.1271 -5.89067e-22 0.338827)
(11.1598 0 0.303645)
(11.1881 0 0.26643)
(11.2119 0 0.227677)
(11.2311 0 0.187901)
(11.2458 0 0.147615)
(11.256 -5.95889e-22 0.107317)
(10.0232 0 0.397071)
(10.0692 0 0.398872)
(10.1147 0 0.402275)
(10.1601 0 0.40703)
(10.2058 0 0.412846)
(10.2518 0 0.419399)
(10.2985 0 0.426342)
(10.3458 0 0.433306)
(10.394 0 0.439913)
(10.4429 0 0.445777)
(10.4925 0 0.450515)
(10.5427 0 0.453751)
(10.5933 0 0.455133)
(10.644 0 0.454334)
(10.6946 0 0.451065)
(10.7447 0 0.445086)
(10.7939 0 0.43621)
(10.842 0 0.42432)
(10.8883 0 0.409359)
(10.9326 2.89385e-22 0.391356)
(10.9745 5.80984e-22 0.370405)
(11.0134 5.83048e-22 0.346677)
(11.0493 5.84944e-22 0.320408)
(11.0816 2.93329e-22 0.291894)
(11.1103 0 0.261477)
(11.1351 0 0.229537)
(11.156 0 0.196476)
(11.1729 0 0.162701)
(11.1859 2.96088e-22 0.128618)
(11.1951 2.96331e-22 0.0946112)
(10.0239 0 0.357088)
(10.0712 0 0.358539)
(10.118 0 0.361273)
(10.1644 0 0.365072)
(10.2109 0 0.369681)
(10.2575 0 0.374819)
(10.3044 0 0.380179)
(10.3517 0 0.385444)
(10.3994 0 0.390288)
(10.4475 0 0.394383)
(10.4958 0 0.397408)
(10.5443 0 0.399054)
(10.5927 0 0.399039)
(10.6409 0 0.397105)
(10.6886 0 0.393034)
(10.7354 0 0.38665)
(10.781 0 0.37783)
(10.8252 1.43271e-22 0.366505)
(10.8676 1.43831e-22 0.352663)
(10.9078 1.44364e-22 0.336355)
(10.9455 2.89726e-22 0.317687)
(10.9805 1.45326e-22 0.296823)
(11.0126 0 0.273974)
(11.0414 0 0.249395)
(11.0669 0 0.223372)
(11.0889 2.93521e-22 0.196216)
(11.1074 2.94012e-22 0.168247)
(11.1225 0 0.139789)
(11.1342 0 0.111159)
(11.1426 0 0.0826563)
(10.0244 0 0.31504)
(10.0729 0 0.316187)
(10.1206 0 0.318339)
(10.1679 0 0.321313)
(10.215 0 0.324891)
(10.262 0 0.32883)
(10.309 0 0.33287)
(10.3561 0 0.33674)
(10.4033 0 0.340167)
(10.4505 0 0.342879)
(10.4976 0 0.344611)
(10.5445 0 0.345115)
(10.591 0 0.344168)
(10.6369 0 0.34157)
(10.682 0 0.33716)
(10.7259 0 0.330817)
(10.7685 0 0.322451)
(10.8094 -1.43062e-22 0.312037)
(10.8484 -1.43578e-22 0.299593)
(10.8852 -1.44065e-22 0.285171)
(10.9196 -1.4452e-22 0.268883)
(10.9513 0 0.250875)
(10.9803 0 0.23133)
(11.0062 0 0.210464)
(11.0291 -1.4597e-22 0.188509)
(11.049 -1.46232e-22 0.165718)
(11.0657 0 0.142344)
(11.0793 0 0.118643)
(11.09 0 0.0948595)
(11.0978 0 0.0712261)
(10.0249 0 0.271066)
(10.0742 0 0.271951)
(10.1227 0 0.273607)
(10.1706 0 0.275881)
(10.2182 0 0.278591)
(10.2654 0 0.281534)
(10.3124 0 0.284496)
(10.3593 0 0.287251)
(10.4059 0 0.289576)
(10.4523 0 0.291248)
(10.4983 0 0.292057)
(10.5438 0 0.291807)
(10.5885 0 0.290327)
(10.6325 0 0.287457)
(10.6753 0 0.283095)
(10.7168 0 0.277146)
(10.7568 0 0.269562)
(10.795 0 0.260335)
(10.8312 0 0.24949)
(10.8652 0 0.237092)
(10.8968 0 0.223238)
(10.9259 0 0.208058)
(10.9523 0 0.191703)
(10.976 0 0.174351)
(10.9969 0 0.156189)
(11.015 0 0.137415)
(11.0303 0 0.118231)
(11.0428 0 0.0988319)
(11.0527 7.31407e-23 0.0794087)
(11.06 1.46378e-22 0.0601384)
(10.0252 0 0.225292)
(10.0752 0 0.225956)
(10.1243 0 0.227193)
(10.1727 0 0.22888)
(10.2206 0 0.230872)
(10.268 0 0.233004)
(10.3149 0 0.235104)
(10.3615 0 0.236992)
(10.4076 0 0.23849)
(10.4532 0 0.239424)
(10.4982 0 0.239628)
(10.5424 0 0.238955)
(10.5858 0 0.237272)
(10.628 0 0.23447)
(10.6689 0 0.230466)
(10.7084 0 0.225203)
(10.7463 0 0.218654)
(10.7822 0 0.210821)
(10.8162 0 0.201735)
(10.8479 0 0.191457)
(10.8774 0 0.18007)
(10.9043 0 0.167681)
(10.9288 0 0.154414)
(10.9507 0 0.140408)
(10.97 -7.25937e-23 0.125811)
(10.9868 -1.45409e-22 0.110776)
(11.0009 -7.27982e-23 0.0954557)
(11.0126 0 0.0800007)
(11.0219 0 0.0645539)
(11.0289 3.64915e-23 0.0492486)
(10.0255 0 0.177834)
(10.076 0 0.178311)
(10.1255 0 0.179197)
(10.1743 0 0.180397)
(10.2223 0 0.181801)
(10.2698 0 0.183282)
(10.3167 0 0.184708)
(10.363 0 0.185941)
(10.4086 0 0.186847)
(10.4536 0 0.187295)
(10.4977 0 0.187163)
(10.5409 0 0.18634)
(10.583 0 0.184732)
(10.6239 0 0.182261)
(10.6633 0 0.178871)
(10.7012 0 0.174526)
(10.7373 0 0.169211)
(10.7715 0 0.162936)
(10.8037 0 0.155729)
(10.8337 0 0.147643)
(10.8614 0 0.138743)
(10.8868 0 0.129114)
(10.9097 0 0.118851)
(10.9303 0 0.108059)
(10.9484 0 0.0968498)
(10.9641 0 0.085336)
(10.9774 0 0.0736309)
(10.9885 0 0.061845)
(10.9973 0 0.0500817)
(11.004 -1.82046e-23 0.0384387)
(10.0257 0 0.12879)
(10.0765 0 0.129109)
(10.1264 0 0.1297)
(10.1754 0 0.130496)
(10.2236 0 0.131419)
(10.2711 0 0.132379)
(10.3178 0 0.133283)
(10.3639 0 0.134035)
(10.4092 0 0.13454)
(10.4536 0 0.134706)
(10.4971 0 0.13445)
(10.5394 0 0.133696)
(10.5806 0 0.13238)
(10.6204 0 0.130453)
(10.6587 0 0.127876)
(10.6953 0 0.124629)
(10.7302 0 0.120705)
(10.7631 0 0.116115)
(10.7939 0 0.110881)
(10.8226 0 0.105043)
(10.8491 0 0.0986491)
(10.8733 0 0.0917602)
(10.8952 0 0.0844437)
(10.9147 0 0.0767727)
(10.9319 0 0.0688248)
(10.9469 0 0.0606784)
(10.9596 0 0.052411)
(10.9702 0 0.0440974)
(10.9787 0 0.0358094)
(10.9853 0 0.0276122)
(10.0258 0 0.0782535)
(10.0769 0 0.0784366)
(10.1269 0 0.0787745)
(10.1761 0 0.079228)
(10.2244 0 0.0797496)
(10.2718 0 0.0802866)
(10.3185 0 0.0807827)
(10.3644 0 0.081181)
(10.4094 0 0.081425)
(10.4535 0 0.081461)
(10.4965 0 0.0812398)
(10.5383 0 0.0807174)
(10.5788 0 0.0798571)
(10.6179 0 0.0786298)
(10.6554 0 0.0770153)
(10.6912 0 0.0750024)
(10.7252 0 0.0725892)
(10.7572 0 0.0697825)
(10.7872 0 0.0665981)
(10.815 0 0.0630594)
(10.8407 0 0.0591968)
(10.8641 0 0.0550464)
(10.8852 0 0.0506486)
(10.9041 0 0.0460472)
(10.9208 0 0.0412876)
(10.9352 0 0.0364159)
(10.9476 0 0.0314776)
(10.9578 0 0.0265165)
(10.9662 0 0.0215741)
(10.9726 0 0.0166885)
(10.0259 0 0.0263118)
(10.0771 0 0.0263714)
(10.1272 0 0.0264814)
(10.1764 0 0.0266287)
(10.2247 0 0.0267974)
(10.2722 0 0.0269699)
(10.3189 0 0.0271277)
(10.3646 0 0.0272516)
(10.4095 0 0.0273229)
(10.4534 0 0.027324)
(10.4961 0 0.0272385)
(10.5377 0 0.0270519)
(10.5779 0 0.0267523)
(10.6166 0 0.0263302)
(10.6537 0 0.0257791)
(10.6891 0 0.0250957)
(10.7226 0 0.0242794)
(10.7542 0 0.0233329)
(10.7837 0 0.0222615)
(10.8111 0 0.0210733)
(10.8363 0 0.0197784)
(10.8593 0 0.0183889)
(10.8801 0 0.0169184)
(10.8987 0 0.0153813)
(10.915 0 0.0137928)
(10.9292 0 0.0121679)
(10.9414 0 0.0105218)
(10.9515 0 0.00886894)
(10.9597 0 0.00722286)
(10.9661 0 0.00559618)
(35.8614 2.99628e-20 2.13847)
(34.9731 2.96471e-20 0.25352)
(35.944 3.1268e-20 -1.67003)
(26.527 -9.00498e-20 3.27398)
(26.9172 1.46695e-23 0.188069)
(26.6061 -8.99627e-20 -2.90116)
(21.6102 1.47368e-19 2.04355)
(21.8775 0 0.201189)
(21.6902 8.87782e-23 -1.65102)
(18.7503 -1.27074e-19 1.29004)
(18.8977 -1.28048e-19 0.201688)
(18.8137 1.27315e-19 -0.899316)
(16.9264 -1.14784e-19 0.880233)
(17.0108 -1.15268e-19 0.188056)
(16.9723 -1.38392e-23 -0.512688)
(15.6751 0 0.642005)
(15.7269 0 0.171308)
(15.708 0 -0.305116)
(14.7688 0 0.492268)
(14.8024 -5.01542e-20 0.155086)
(14.7924 -1.00196e-19 -0.185606)
(14.0849 6.76641e-26 0.391705)
(14.1077 -4.78009e-20 0.140825)
(14.1022 -4.77656e-20 -0.112449)
(13.5526 -4.59269e-20 0.320762)
(13.5687 -4.59746e-20 0.128526)
(13.5654 -3.03552e-29 -0.0652308)
(13.1282 0 0.268767)
(13.1399 0 0.118098)
(13.1379 -2.22548e-20 -0.0335636)
(12.7834 0 0.229496)
(12.7921 0 0.109277)
(12.7908 6.12295e-25 -0.0115918)
(12.4988 -2.1175e-20 0.199082)
(12.5054 2.11855e-20 0.101776)
(12.5047 2.11836e-20 0.00404348)
(12.261 -2.0767e-20 0.174981)
(12.2662 -1.03901e-20 0.0953163)
(12.2658 -1.54613e-25 0.0153584)
(12.0603 4.20499e-24 0.155528)
(12.0645 1.02192e-20 0.0896481)
(12.0644 -1.27684e-29 0.0236041)
(11.8896 0 0.139413)
(11.893 -5.03693e-21 0.0845524)
(11.893 -5.03691e-21 0.0295777)
(11.7433 -4.97351e-21 0.125816)
(11.7462 0 0.0798436)
(11.7464 4.97441e-21 0.0337913)
(11.6173 -2.46007e-21 0.114068)
(11.6198 1.43026e-29 0.0753652)
(11.6202 2.46068e-21 0.0366227)
(11.5084 0 0.103677)
(11.5107 -2.43749e-21 0.0709877)
(11.5112 -2.4376e-21 0.0382786)
(11.414 0 0.0942657)
(11.4161 -1.20873e-21 0.0666042)
(11.4168 -1.2088e-21 0.0389361)
(11.3322 -5.99921e-22 0.0855429)
(11.3342 0 0.0621284)
(11.335 0 0.0387161)
(11.2612 -1.19233e-21 0.0772822)
(11.2631 -1.19253e-21 0.0574917)
(11.2641 -5.96314e-22 0.0377087)
(11.1999 0 0.069306)
(11.2017 0 0.0526397)
(11.2028 0 0.0359842)
(11.1471 0 0.061476)
(11.1489 0 0.0475322)
(11.1501 0 0.0336009)
(11.1021 0 0.0536854)
(11.1039 -7.34795e-23 0.0421418)
(11.1051 -7.34876e-23 0.030611)
(11.0641 7.32163e-23 0.0458505)
(11.066 7.32286e-23 0.0364506)
(11.0673 7.32373e-23 0.0270629)
(11.0329 3.65047e-23 0.0379102)
(11.0347 0 0.0304527)
(11.0361 0 0.0230062)
(11.0079 -1.82111e-23 0.0298193)
(11.0098 0 0.0241513)
(11.0113 -1.82166e-23 0.0184925)
(10.9891 0 0.0215469)
(10.991 0 0.0175593)
(10.9925 0 0.0135784)
(10.9764 0 0.013075)
(10.9783 0 0.0106994)
(10.9799 0 0.00832806)
(10.9699 0 0.00439324)
(10.9719 0 0.00360252)
(10.9734 0 0.00281327)
(28.749 2.37317e-20 -19.8094)
(17.7972 0 -13.9394)
(13.9572 -2.27023e-21 -10.7387)
(12.2193 0 -8.70776)
(11.2537 6.14633e-21 -7.27701)
(10.6441 0 -6.19593)
(10.2316 9.68237e-27 -5.33959)
(9.94247 1.95824e-21 -4.63883)
(9.73683 0 -4.05201)
(9.59063 2.55969e-21 -3.55239)
(9.48822 2.6984e-21 -3.12172)
(9.41869 0 -2.74717)
(9.3742 -1.50311e-21 -2.41913)
(9.34885 -9.89718e-22 -2.13036)
(9.33809 4.94326e-22 -1.87508)
(9.33837 8.42642e-22 -1.64863)
(9.34687 0 -1.44717)
(9.36133 0 -1.26744)
(9.37988 0 -1.10665)
(9.40102 1.01802e-22 -0.962373)
(9.42351 -4.40241e-23 -0.832451)
(9.44636 0 -0.714972)
(9.4687 -3.21539e-23 -0.608192)
(9.48986 0 -0.51052)
(9.50925 0 -0.420474)
(9.52635 0 -0.336651)
(9.54075 0 -0.257693)
(9.55204 0 -0.182249)
(9.55988 0 -0.108941)
(9.56394 0 -0.0363209)
(23.5549 -7.95258e-20 -8.49112)
(18.7796 -6.21519e-20 -9.19486)
(15.5474 -5.39921e-20 -8.39911)
(13.5547 -1.56143e-21 -7.39252)
(12.2964 2.34508e-20 -6.46475)
(11.4635 2.17143e-20 -5.66208)
(10.8886 2.25926e-20 -4.97487)
(10.4796 1.77075e-20 -4.38393)
(10.1829 0 -3.87214)
(9.9656 1.44571e-21 -3.42551)
(9.80642 -2.56004e-21 -3.03324)
(9.69074 -1.48407e-21 -2.68686)
(9.6081 -2.53633e-21 -2.37974)
(9.55084 4.44754e-22 -2.10649)
(9.51317 0 -1.86271)
(9.49062 3.47447e-22 -1.64468)
(9.47964 -1.53244e-22 -1.44925)
(9.47741 -1.34665e-22 -1.27373)
(9.48165 0 -1.11571)
(9.49054 5.14681e-23 -0.97309)
(9.50256 0 -0.843957)
(9.51647 3.84202e-23 -0.726584)
(9.53125 -3.27466e-23 -0.619393)
(9.54604 0 -0.5209)
(9.56014 0 -0.429724)
(9.57295 0 -0.344531)
(9.58396 0 -0.264021)
(9.59273 0 -0.186885)
(9.59888 0 -0.111779)
(9.60208 0 -0.0372783)
(20.3574 -6.88598e-20 -4.33176)
(18.0116 -5.99478e-20 -5.86793)
(15.8408 0 -6.1759)
(14.1666 -1.25267e-21 -5.93529)
(12.944 2.18198e-20 -5.4907)
(12.0583 2.03278e-20 -4.99318)
(11.4113 1.90014e-21 -4.50427)
(10.9324 -1.70757e-21 -4.04701)
(10.5741 0 -3.62819)
(10.3041 1.37036e-21 -3.248)
(10.1 3.19233e-27 -2.90423)
(9.94607 -8.9515e-28 -2.59384)
(9.83072 0 -2.31366)
(9.74539 1.46675e-21 -2.06072)
(9.68355 1.02518e-21 -1.83224)
(9.6401 0 -1.62572)
(9.61102 1.02254e-22 -1.43887)
(9.59312 1.19692e-22 -1.26966)
(9.58381 -2.53677e-22 -1.11616)
(9.58095 -2.01946e-22 -0.976644)
(9.58286 0 -0.849521)
(9.58807 3.87755e-23 -0.733301)
(9.59543 0 -0.626577)
(9.60395 0 -0.528027)
(9.61283 0 -0.436376)
(9.62136 0 -0.350387)
(9.629 0 -0.268838)
(9.63524 0 -0.190471)
(9.6397 0 -0.113996)
(9.64205 0 -0.0380302)
(18.1794 1.22525e-19 -2.47662)
(16.9337 0 -3.82647)
(15.5458 -5.28607e-20 -4.46624)
(14.2888 -9.62898e-20 -4.6314)
(13.2507 -4.56123e-20 -4.52673)
(12.4274 -2.18827e-20 -4.28472)
(11.7849 -1.98963e-20 -3.98166)
(11.2857 -1.54305e-21 -3.65904)
(10.8978 0 -3.33858)
(10.5961 -6.3945e-22 -3.03111)
(10.3612 -2.65023e-21 -2.74179)
(10.1787 -4.83021e-21 -2.47256)
(10.0375 4.69489e-22 -2.22377)
(9.92891 0 -1.99486)
(9.84637 -1.88539e-22 -1.78485)
(9.78457 -1.68292e-22 -1.59249)
(9.73926 0 -1.41647)
(9.70708 1.24217e-22 -1.25543)
(9.68519 2.56361e-22 -1.10806)
(9.67135 1.02929e-22 -0.973039)
(9.66365 0 -0.849104)
(9.66055 0 -0.735045)
(9.66077 -3.32894e-23 -0.629658)
(9.66321 0 -0.531805)
(9.66698 0 -0.440341)
(9.67133 0 -0.354144)
(9.67564 0 -0.272075)
(9.67939 0 -0.192958)
(9.68218 0 -0.115563)
(9.68367 0 -0.0385667)
(16.641 -7.43135e-29 -1.53559)
(15.9345 0 -2.58354)
(15.0458 -5.1115e-20 -3.24555)
(14.1422 3.4839e-23 -3.57638)
(13.3182 4.41563e-20 -3.66928)
(12.6099 -7.11681e-25 -3.60817)
(12.0208 0 -3.45501)
(11.5394 6.86048e-22 -3.25135)
(11.1499 -1.00697e-20 -3.02361)
(10.8364 -1.89257e-20 -2.78812)
(10.5851 -3.93917e-21 -2.55461)
(10.3843 4.39538e-21 -2.32881)
(10.2246 4.46203e-22 -2.11393)
(10.0983 0 -1.91154)
(9.99912 -1.81905e-22 -1.72226)
(9.92197 3.61865e-22 -1.54613)
(9.8627 1.04422e-21 -1.38276)
(9.81788 5.19737e-22 -1.23154)
(9.78469 -2.58995e-22 -1.09171)
(9.76078 -2.0746e-22 -0.962424)
(9.7442 0 -0.842774)
(9.73331 -3.86963e-23 -0.731819)
(9.72676 -3.32339e-23 -0.628615)
(9.72339 0 -0.532192)
(9.72225 0 -0.441569)
(9.72255 -1.87914e-23 -0.355745)
(9.72363 0 -0.273689)
(9.72496 0 -0.19431)
(9.7261 0 -0.116458)
(9.72677 0 -0.0388801)
(15.52 5.36192e-23 -1.01056)
(15.0947 5.10205e-20 -1.80624)
(14.5142 4.90171e-20 -2.39166)
(13.8722 2.91675e-22 -2.76242)
(13.2392 0 -2.95154)
(12.657 -6.33108e-22 -3.0031)
(12.1438 6.2411e-22 -2.95818)
(11.7039 6.00961e-22 -2.8497)
(11.3332 -5.69531e-22 -2.70201)
(11.0246 0 -2.53219)
(10.7696 9.1169e-21 -2.35196)
(10.5604 1.34109e-20 -2.16909)
(10.3897 4.39861e-21 -1.98865)
(10.2514 -2.17046e-21 -1.81386)
(10.1398 -4.11994e-21 -1.64667)
(10.0506 -3.0348e-21 -1.48816)
(9.9798 -9.15041e-22 -1.33879)
(9.92427 -9.27175e-24 -1.19867)
(9.88123 -2.05083e-22 -1.06758)
(9.84837 0 -0.945098)
(9.82375 -4.39291e-23 -0.830693)
(9.80571 -3.82678e-23 -0.72373)
(9.79287 0 -0.623484)
(9.78406 0 -0.529196)
(9.77828 0 -0.440048)
(9.77472 -1.8761e-23 -0.355175)
(9.77271 0 -0.273656)
(9.77169 0 -0.194509)
(9.77126 0 -0.116668)
(9.77112 0 -0.0389656)
(14.6781 3.73516e-23 -0.694692)
(14.4085 -4.58707e-24 -1.30215)
(14.0191 -4.7395e-20 -1.79226)
(13.5612 4.53135e-22 -2.14639)
(13.0816 4.42314e-20 -2.37049)
(12.6149 2.10528e-20 -2.48386)
(12.1825 -2.00689e-20 -2.51016)
(11.7951 -5.21596e-22 -2.47201)
(11.4559 0 -2.38857)
(11.1639 -4.80337e-22 -2.27497)
(10.9157 0 -2.14261)
(10.7065 0 -1.99987)
(10.5317 -3.91091e-22 -1.8527)
(10.3866 0 -1.70532)
(10.2669 2.33867e-21 -1.56059)
(10.169 2.30334e-21 -1.42038)
(10.0893 5.34108e-22 -1.28588)
(10.0251 6.53086e-22 -1.15776)
(9.97384 5.48105e-23 -1.0363)
(9.93328 -2.14194e-22 -0.921501)
(9.90158 -3.05091e-22 -0.813174)
(9.87714 -3.75913e-23 -0.710957)
(9.85859 0 -0.614384)
(9.84476 0 -0.522887)
(9.83467 0 -0.43581)
(9.8275 0 -0.352439)
(9.82257 0 -0.271976)
(9.81934 0 -0.193548)
(9.8174 0 -0.116187)
(9.81649 0 -0.0388214)
(14.0286 -4.75167e-20 -0.492765)
(13.85 0 -0.962851)
(13.5814 4.59552e-20 -1.36542)
(13.2512 4.49117e-20 -1.68186)
(12.8887 0 -1.9078)
(12.5196 2.09639e-20 -2.04934)
(12.1625 2.03506e-20 -2.11826)
(11.8299 -8.98016e-22 -2.12851)
(11.5283 4.41853e-22 -2.09361)
(11.2604 -8.54992e-22 -2.02549)
(11.0261 9.3353e-21 -1.93405)
(10.8236 9.35697e-21 -1.82709)
(10.6504 -4.87065e-21 -1.71072)
(10.5034 -4.44746e-21 -1.58946)
(10.3797 -7.75297e-23 -1.46668)
(10.2762 0 -1.3448)
(10.1903 -2.59074e-22 -1.22549)
(10.1196 -5.87037e-23 -1.10987)
(10.0617 0 -0.998656)
(10.0148 9.43661e-23 -0.892198)
(9.97704 4.18061e-23 -0.790603)
(9.94701 -3.66819e-23 -0.693787)
(9.9234 0 -0.6015)
(9.90506 0 -0.513376)
(9.89105 0 -0.42893)
(9.88055 0 -0.347585)
(9.87291 0 -0.268677)
(9.86761 0 -0.19144)
(9.86427 0 -0.115021)
(9.86264 0 -0.0384488)
(13.5159 -3.82471e-23 -0.35727)
(13.3931 0 -0.726469)
(13.203 2.78967e-23 -1.05576)
(12.9614 -1.0537e-22 -1.32989)
(12.6865 0 -1.54167)
(12.3959 -2.11574e-20 -1.69085)
(12.1046 -2.06724e-20 -1.78222)
(11.8238 -3.8456e-22 -1.82341)
(11.5611 3.84582e-22 -1.82318)
(11.3208 9.3958e-21 -1.79014)
(11.1051 1.86218e-20 -1.73212)
(10.9141 9.24131e-21 -1.65584)
(10.7469 1.65521e-22 -1.56686)
(10.6021 -7.76798e-23 -1.46962)
(10.4778 7.2166e-23 -1.36759)
(10.3718 0 -1.26344)
(10.2822 2.19073e-29 -1.15918)
(10.2069 -1.11725e-22 -1.05621)
(10.1441 -5.05347e-23 -0.955543)
(10.0922 4.53639e-23 -0.857843)
(10.0495 4.03694e-23 -0.763471)
(10.0148 -3.55578e-23 -0.672559)
(9.98681 0 -0.585083)
(9.96451 0 -0.500847)
(9.947 0 -0.419525)
(9.93352 0 -0.340689)
(9.92342 0 -0.263802)
(9.91623 0 -0.188215)
(9.91159 0 -0.113184)
(9.9093 0 -0.0378525)
(13.1034 -2.22078e-20 -0.262652)
(13.0162 0 -0.556788)
(12.8785 2.18336e-23 -0.826655)
(12.6991 2.14712e-20 -1.06075)
(12.489 4.22837e-20 -1.25184)
(12.2604 -1.49518e-22 -1.39718)
(12.0242 -2.02755e-20 -1.49765)
(11.7897 -1.01451e-20 -1.55687)
(11.5641 -9.95643e-21 -1.57999)
(11.3524 1.65953e-22 -1.57278)
(11.1574 2.38215e-28 -1.54101)
(10.9809 4.49233e-21 -1.49006)
(10.8231 9.39159e-21 -1.42464)
(10.6836 2.19063e-21 -1.34877)
(10.5616 -2.10261e-21 -1.26579)
(10.4557 0 -1.17834)
(10.3645 1.15034e-22 -1.08854)
(10.2866 5.44558e-22 -0.998006)
(10.2206 7.15569e-22 -0.907932)
(10.165 3.12379e-22 -0.819184)
(10.1185 0 -0.732324)
(10.08 2.32572e-22 -0.647699)
(10.0484 2.65977e-22 -0.565433)
(10.0227 0 -0.485513)
(10.0022 0 -0.407752)
(9.98605 0 -0.331862)
(9.97377 0 -0.257426)
(9.96488 0 -0.183917)
(9.95907 0 -0.110703)
(9.95618 0 -0.0370405)
(12.766 5.19533e-24 -0.194401)
(12.7026 -1.14762e-23 -0.431738)
(12.6008 2.13394e-20 -0.653991)
(12.4655 2.11082e-20 -0.852645)
(12.3037 2.69957e-23 -1.02151)
(12.1232 2.05282e-20 -1.15708)
(11.9321 2.03365e-20 -1.25838)
(11.7376 -2.10066e-22 -1.32658)
(11.5458 -7.19302e-23 -1.36434)
(11.3615 -9.62087e-21 -1.37527)
(11.188 -9.32998e-21 -1.36336)
(11.0274 -4.6695e-21 -1.33263)
(10.881 6.82057e-23 -1.28687)
(10.7492 6.82796e-21 -1.2295)
(10.6317 2.25116e-21 -1.16348)
(10.5281 0 -1.09134)
(10.4374 5.52537e-22 -1.01513)
(10.3586 5.97895e-22 -0.936522)
(10.2908 -4.53074e-23 -0.856817)
(10.2328 -2.29774e-22 -0.776999)
(10.1836 -2.69555e-22 -0.697787)
(10.1422 -3.27568e-23 -0.61966)
(10.1077 0 -0.542913)
(10.0793 0 -0.467639)
(10.0562 0 -0.393805)
(10.0378 0 -0.32124)
(10.0236 0 -0.249646)
(10.0133 0 -0.17861)
(10.0064 0 -0.107612)
(10.003 0 -0.036024)
(12.4865 -1.39501e-29 -0.143903)
(12.4393 -8.98099e-24 -0.33751)
(12.3627 -2.0939e-20 -0.521589)
(12.2594 -2.07626e-20 -0.689881)
(12.1336 2.2122e-23 -0.837366)
(11.9905 1.01533e-20 -0.960606)
(11.8358 1.01058e-20 -1.05787)
(11.675 -5.96136e-23 -1.12898)
(11.513 6.20567e-23 -1.17502)
(11.354 6.32792e-23 -1.198)
(11.2013 6.34179e-23 -1.20052)
(11.0572 4.68229e-21 -1.18543)
(10.9233 4.68665e-21 -1.15559)
(10.8005 -2.3164e-21 -1.1138)
(10.6893 2.51319e-26 -1.06256)
(10.5896 2.18921e-21 -1.00411)
(10.5009 0 -0.94037)
(10.4228 5.5177e-22 -0.872956)
(10.3546 5.48157e-22 -0.803172)
(10.2954 0 -0.732088)
(10.2445 0 -0.660488)
(10.2011 -3.11314e-23 -0.588963)
(10.1644 0 -0.5179)
(10.1338 0 -0.447525)
(10.1087 0 -0.377907)
(10.0885 -1.63144e-23 -0.308986)
(10.0727 0 -0.240577)
(10.0611 0 -0.172369)
(10.0534 0 -0.103953)
(10.0495 0 -0.034817)
(12.2522 1.11101e-29 -0.105754)
(12.2166 -7.06556e-24 -0.265178)
(12.1581 0 -0.41851)
(12.0782 1.0229e-20 -0.561143)
(11.9795 2.02902e-20 -0.689098)
(11.8655 1.00483e-20 -0.799369)
(11.74 9.94228e-21 -0.889992)
(11.6072 9.85502e-21 -0.960131)
(11.4709 -9.71467e-21 -1.00993)
(11.3347 -9.51676e-21 -1.04033)
(11.2013 -4.68779e-21 -1.05288)
(11.0733 -9.43387e-21 -1.04947)
(10.9523 -6.90255e-21 -1.03221)
(10.8395 -2.64772e-23 -1.0032)
(10.7356 3.43535e-21 -0.964521)
(10.641 1.07807e-21 -0.918066)
(10.5557 -4.5765e-23 -0.865536)
(10.4795 0 -0.808405)
(10.4119 3.95444e-23 -0.747967)
(10.3526 0 -0.685245)
(10.3009 0 -0.621081)
(10.2564 0 -0.556114)
(10.2183 0 -0.490816)
(10.1861 0 -0.425494)
(10.1594 0 -0.360309)
(10.1377 -1.55892e-23 -0.295291)
(10.1207 0 -0.230351)
(10.108 0 -0.165283)
(10.0996 0 -0.0997795)
(10.0953 0 -0.0334363)
(12.0541 -1.0208e-20 -0.07648)
(12.0269 -1.01923e-20 -0.208795)
(11.9816 0 -0.337192)
(11.9191 0 -0.458252)
(11.8411 0 -0.568874)
(11.7497 0 -0.666509)
(11.6477 -3.95894e-23 -0.749305)
(11.538 -4.86437e-21 -0.816131)
(11.4236 -4.81456e-21 -0.866614)
(11.3073 -4.74074e-21 -0.90102)
(11.1917 -4.73937e-21 -0.920139)
(11.0788 -4.88449e-23 -0.925159)
(10.9704 -2.32294e-21 -0.917515)
(10.8677 -2.30121e-21 -0.898776)
(10.7718 1.1635e-21 -0.870535)
(10.6832 1.69666e-21 -0.834366)
(10.6022 4.77555e-22 -0.79171)
(10.5289 5.57385e-22 -0.743893)
(10.463 8.67437e-22 -0.692057)
(10.4045 2.75403e-22 -0.637216)
(10.3529 0 -0.580194)
(10.3079 0 -0.521647)
(10.269 2.44153e-23 -0.462084)
(10.2359 0 -0.401885)
(10.2081 0 -0.341271)
(10.1853 0 -0.28035)
(10.1673 0 -0.219115)
(10.1538 0 -0.157452)
(10.1448 0 -0.0951476)
(10.1402 0 -0.0319007)
(11.8853 0 -0.0537473)
(11.8642 4.39397e-24 -0.164298)
(11.8289 -1.0019e-20 -0.272316)
(11.7796 -9.97717e-21 -0.375249)
(11.7174 4.96219e-21 -0.470696)
(11.6438 4.93093e-21 -0.55656)
(11.5605 4.87901e-21 -0.631175)
(11.4698 -4.34029e-26 -0.693386)
(11.3738 -4.79699e-21 -0.742531)
(11.2749 2.0571e-23 -0.778488)
(11.175 2.11825e-23 -0.801545)
(11.0761 2.34534e-21 -0.81236)
(10.9797 2.32493e-21 -0.811861)
(10.8872 1.1527e-21 -0.801146)
(10.7995 2.28683e-21 -0.781429)
(10.7173 2.26944e-21 -0.753915)
(10.6413 1.08861e-21 -0.719808)
(10.5715 0 -0.680238)
(10.5081 0 -0.636237)
(10.4511 0 -0.5887)
(10.4003 0 -0.538421)
(10.3555 -2.56829e-23 -0.486058)
(10.3164 2.28295e-23 -0.432133)
(10.2828 0 -0.377039)
(10.2544 0 -0.321065)
(10.231 0 -0.264373)
(10.2123 0 -0.207024)
(10.1982 0 -0.148983)
(10.1888 0 -0.0901202)
(10.184 0 -0.0302309)
(11.7405 4.97429e-21 -0.0359939)
(11.7242 3.45526e-24 -0.128855)
(11.6963 0 -0.220072)
(11.6572 8.188e-24 -0.30774)
(11.6073 4.91568e-21 -0.389999)
(11.5476 9.78076e-21 -0.465143)
(11.4794 4.86148e-21 -0.531746)
(11.4043 0 -0.588691)
(11.3238 0 -0.63525)
(11.2397 0 -0.671052)
(11.1537 1.8391e-23 -0.696083)
(11.0675 2.36233e-21 -0.710634)
(10.9822 2.3255e-21 -0.715242)
(10.8994 0 -0.710654)
(10.8198 1.14557e-21 -0.697707)
(10.7443 1.13758e-21 -0.677349)
(10.6736 0 -0.650526)
(10.6079 0 -0.618174)
(10.5476 -5.5838e-22 -0.581165)
(10.4927 -5.55475e-22 -0.540309)
(10.4433 0 -0.496325)
(10.3993 -2.37652e-23 -0.449836)
(10.3605 0 -0.401358)
(10.3269 0 -0.351293)
(10.2983 0 -0.299964)
(10.2745 0 -0.247574)
(10.2554 0 -0.194238)
(10.241 0 -0.139985)
(10.2312 0 -0.0847623)
(10.2263 0 -0.0284482)
(11.6158 6.30713e-25 -0.0221218)
(11.6031 0 -0.100422)
(11.581 -4.90469e-21 -0.17769)
(11.5497 -4.88468e-21 -0.252466)
(11.5095 0 -0.323286)
(11.4609 0 -0.388803)
(11.4048 0 -0.447801)
(11.3424 -2.40178e-21 -0.499292)
(11.2749 -4.77495e-21 -0.542525)
(11.2035 8.52864e-27 -0.577031)
(11.1296 -1.01459e-26 -0.602612)
(11.0546 -2.32448e-21 -0.61931)
(10.9796 1.16249e-21 -0.627394)
(10.9058 1.15468e-21 -0.627318)
(10.8341 0 -0.619666)
(10.7652 0 -0.605106)
(10.6999 0 -0.584391)
(10.6386 -2.94977e-23 -0.558237)
(10.5817 0 -0.527404)
(10.5294 0 -0.492576)
(10.4819 0 -0.454392)
(10.4391 0 -0.413415)
(10.4012 0 -0.37014)
(10.368 0 -0.324972)
(10.3394 0 -0.278234)
(10.3156 0 -0.230163)
(10.2964 0 -0.180917)
(10.2818 0 -0.130572)
(10.2719 0 -0.0791403)
(10.2668 0 -0.0265749)
(11.508 2.43656e-21 -0.0113254)
(11.498 2.43689e-21 -0.0775363)
(11.4805 0 -0.143116)
(11.4554 0 -0.20693)
(11.4228 0 -0.26785)
(11.383 0 -0.324783)
(11.3368 0 -0.376726)
(11.2849 2.38962e-21 -0.422815)
(11.2281 2.37759e-21 -0.462349)
(11.1675 0 -0.494826)
(11.1041 -1.1894e-21 -0.519947)
(11.039 -2.33756e-21 -0.537604)
(10.9732 -1.16182e-21 -0.547872)
(10.9077 0 -0.551006)
(10.8434 0 -0.54736)
(10.781 5.9913e-22 -0.537424)
(10.7211 5.67569e-22 -0.52173)
(10.6644 -2.64599e-23 -0.500857)
(10.6111 0 -0.475406)
(10.5617 0 -0.445942)
(10.5164 0 -0.413034)
(10.4752 0 -0.37718)
(10.4384 0 -0.338826)
(10.4059 0 -0.298371)
(10.3779 0 -0.256124)
(10.3542 0 -0.212347)
(10.3351 0 -0.167215)
(10.3205 0 -0.120852)
(10.3106 0 -0.0733193)
(10.3055 0 -0.0246325)
(11.4145 1.20856e-21 -0.00302053)
(11.4068 1.20935e-21 -0.0591097)
(11.3929 0 -0.114807)
(11.3726 0 -0.169259)
(11.3461 -2.40261e-21 -0.221576)
(11.3135 -2.40291e-21 -0.270881)
(11.2752 -1.1938e-21 -0.316357)
(11.2319 9.42036e-24 -0.35726)
(11.1841 2.36829e-21 -0.392958)
(11.1325 1.17869e-21 -0.422962)
(11.0781 -1.17962e-23 -0.446928)
(11.0217 0 -0.464664)
(10.9642 0 -0.476125)
(10.9063 0 -0.481406)
(10.8488 0 -0.480714)
(10.7925 5.01091e-23 -0.474375)
(10.7379 0 -0.462756)
(10.6857 0 -0.446309)
(10.6362 0 -0.42548)
(10.5898 0 -0.400763)
(10.5469 0 -0.372608)
(10.5076 0 -0.341459)
(10.4722 0 -0.307723)
(10.4408 0 -0.271756)
(10.4134 0 -0.233864)
(10.3902 0 -0.194304)
(10.3714 0 -0.153276)
(10.3569 0 -0.110928)
(10.3471 0 -0.067361)
(10.342 0 -0.0226416)
(11.3334 0 0.00321336)
(11.3276 0 -0.0442929)
(11.3165 -2.46604e-24 -0.0915793)
(11.3001 1.19644e-21 -0.137984)
(11.2784 1.19415e-21 -0.182804)
(11.2516 -6.00365e-24 -0.225345)
(11.2198 0 -0.264926)
(11.1836 7.92875e-24 -0.30093)
(11.1432 0 -0.332808)
(11.0994 0 -0.360097)
(11.0527 0 -0.382451)
(11.0038 -5.82534e-22 -0.399632)
(10.9535 1.0024e-27 -0.411522)
(10.9024 1.15433e-21 -0.418119)
(10.8512 5.74453e-22 -0.419516)
(10.8005 2.1959e-23 -0.415903)
(10.751 0 -0.407539)
(10.7031 0 -0.394738)
(10.6574 0 -0.377864)
(10.6141 0 -0.357279)
(10.5738 0 -0.333378)
(10.5366 0 -0.306525)
(10.5027 0 -0.277076)
(10.4725 0 -0.245355)
(10.446 0 -0.211648)
(10.4235 0 -0.176206)
(10.4051 0 -0.139233)
(10.3909 0 -0.100895)
(10.3812 0 -0.0613232)
(10.3763 0 -0.0206217)
(11.2631 -5.96266e-22 0.00771044)
(11.2587 -5.96934e-22 -0.0324586)
(11.25 -1.96147e-24 -0.0725265)
(11.2367 5.94867e-22 -0.111957)
(11.219 7.19696e-29 -0.150213)
(11.1968 -1.18551e-21 -0.186734)
(11.1704 -5.91354e-22 -0.22097)
(11.1399 -5.89741e-22 -0.252404)
(11.1058 -5.87933e-22 -0.28056)
(11.0684 0 -0.30503)
(11.0283 0 -0.325479)
(10.9859 0 -0.341661)
(10.9419 0 -0.353414)
(10.8968 0 -0.360672)
(10.8512 0 -0.363453)
(10.8058 0 -0.36185)
(10.7609 0 -0.356029)
(10.7172 0 -0.346217)
(10.6751 0 -0.332661)
(10.635 0 -0.315669)
(10.5972 0 -0.295536)
(10.5622 0 -0.272575)
(10.5301 0 -0.247086)
(10.5012 0 -0.219357)
(10.4758 0 -0.189649)
(10.454 0 -0.158194)
(10.4361 0 -0.125199)
(10.4223 0 -0.0908366)
(10.4129 0 -0.0552564)
(10.408 0 -0.0185897)
(11.2024 0 0.0107295)
(11.1992 -6.54294e-25 -0.0231121)
(11.1923 0 -0.0569099)
(11.1816 0 -0.0902628)
(11.167 0 -0.122737)
(11.1487 0 -0.153889)
(11.1266 0 -0.183272)
(11.1009 0 -0.21046)
(11.0719 0 -0.235051)
(11.0399 0 -0.256687)
(11.0053 0 -0.275063)
(10.9685 -2.90334e-22 -0.289936)
(10.93 -2.89314e-22 -0.301134)
(10.8902 0 -0.308546)
(10.8497 0 -0.312154)
(10.8089 0 -0.311967)
(10.7684 0 -0.308102)
(10.7286 0 -0.300684)
(10.6899 0 -0.289915)
(10.6527 0 -0.276006)
(10.6175 0 -0.2592)
(10.5846 0 -0.239747)
(10.5543 1.1487e-23 -0.217899)
(10.5268 0 -0.193905)
(10.5025 0 -0.167994)
(10.4816 0 -0.140382)
(10.4644 0 -0.111267)
(10.451 0 -0.0808212)
(10.4419 0 -0.0492028)
(10.4371 0 -0.0165599)
(11.1501 0 0.012478)
(11.1479 0 -0.0158379)
(11.1425 2.9494e-22 -0.0441556)
(11.1339 2.94712e-22 -0.0721573)
(11.1219 0 -0.0995027)
(11.1066 0 -0.125839)
(11.0881 2.93499e-22 -0.150808)
(11.0664 2.92924e-22 -0.17406)
(11.0416 0 -0.195261)
(11.0142 0 -0.214105)
(10.9842 2.9075e-22 -0.23032)
(10.9522 2.89902e-22 -0.243684)
(10.9184 0 -0.254019)
(10.8832 0 -0.261211)
(10.8471 0 -0.265191)
(10.8105 0 -0.265951)
(10.7738 0 -0.263535)
(10.7375 0 -0.258029)
(10.702 0 -0.249563)
(10.6677 0 -0.238297)
(10.6349 0 -0.224414)
(10.6041 0 -0.208113)
(10.5755 9.98891e-24 -0.189603)
(10.5495 0 -0.16909)
(10.5264 0 -0.146777)
(10.5064 0 -0.122855)
(10.4898 0 -0.0975078)
(10.477 0 -0.070902)
(10.4681 0 -0.0431956)
(10.4635 0 -0.0145437)
(11.1055 0 0.0131291)
(11.1041 0 -0.0103138)
(11.1 0 -0.0337814)
(11.093 0 -0.0570263)
(11.0832 0 -0.0797821)
(11.0704 0 -0.10177)
(11.0547 0 -0.122705)
(11.0362 0 -0.142305)
(11.015 0 -0.160294)
(10.9913 0 -0.176415)
(10.9652 0 -0.190438)
(10.9372 0 -0.202162)
(10.9073 0 -0.211424)
(10.8761 0 -0.2181)
(10.8438 0 -0.222112)
(10.8109 0 -0.223433)
(10.7776 0 -0.222062)
(10.7445 0 -0.218051)
(10.7119 0 -0.211484)
(10.6801 0 -0.202472)
(10.6497 0 -0.191154)
(10.6208 0 -0.177685)
(10.5939 0 -0.16223)
(10.5693 0 -0.144961)
(10.5473 0 -0.12605)
(10.5282 0 -0.105664)
(10.5123 0 -0.083967)
(10.5 0 -0.0611145)
(10.4915 0 -0.0372575)
(10.4871 0 -0.0125486)
(11.068 0 0.0128311)
(11.0673 0 -0.00625803)
(11.0641 0 -0.0253824)
(11.0585 0 -0.0443507)
(11.0503 0 -0.0629573)
(11.0396 0 -0.0809841)
(11.0262 1.45931e-22 -0.0982075)
(11.0104 1.45721e-22 -0.114401)
(10.992 0 -0.129345)
(10.9713 1.45205e-22 -0.14283)
(10.9485 2.89805e-22 -0.154659)
(10.9237 1.44574e-22 -0.164663)
(10.8973 0 -0.172697)
(10.8693 0 -0.178646)
(10.8403 0 -0.18243)
(10.8105 0 -0.184003)
(10.7802 0 -0.183345)
(10.7499 0 -0.18049)
(10.7198 5.67501e-22 -0.17548)
(10.6904 1.13189e-21 -0.168391)
(10.662 5.64439e-22 -0.159327)
(10.6349 0 -0.148406)
(10.6095 0 -0.135755)
(10.5862 0 -0.121514)
(10.5653 0 -0.105823)
(10.5471 0 -0.088826)
(10.5319 0 -0.0706639)
(10.5201 0 -0.0514757)
(10.5119 0 -0.0313998)
(10.5076 0 -0.010579)
(11.0371 0 0.011718)
(11.0369 0 -0.00342559)
(11.0345 -7.30204e-23 -0.0186062)
(11.03 -7.29902e-23 -0.0336794)
(11.0231 -7.2945e-23 -0.0484883)
(11.014 -7.28844e-23 -0.062867)
(11.0025 0 -0.0766423)
(10.9887 -1.45434e-22 -0.0896402)
(10.9727 -1.45222e-22 -0.101687)
(10.9545 0 -0.112615)
(10.9342 0 -0.122269)
(10.9121 0 -0.130508)
(10.8884 0 -0.137208)
(10.8632 0 -0.142271)
(10.8369 0 -0.14562)
(10.8097 0 -0.147207)
(10.7819 0 -0.147007)
(10.7539 -5.69307e-22 -0.145028)
(10.726 -5.67831e-22 -0.141289)
(10.6986 0 -0.135853)
(10.672 0 -0.128782)
(10.6465 0 -0.120165)
(10.6225 0 -0.110101)
(10.6004 0 -0.0986962)
(10.5805 0 -0.0860651)
(10.5631 0 -0.0723236)
(10.5485 0 -0.0575901)
(10.5371 0 -0.0419827)
(10.5292 0 -0.0256221)
(10.5251 0 -0.00863467)
(11.0124 -1.82185e-23 0.00991475)
(11.0126 0 -0.00159391)
(11.0109 0 -0.0131361)
(11.0072 0 -0.0246061)
(11.0014 0 -0.0358889)
(10.9934 0 -0.0468619)
(10.9834 0 -0.0573977)
(10.9712 0 -0.0673653)
(10.957 0 -0.0766353)
(10.9407 0 -0.0850801)
(10.9225 0 -0.0925802)
(10.9025 0 -0.0990253)
(10.8809 0 -0.104318)
(10.8579 0 -0.108378)
(10.8338 0 -0.111139)
(10.8087 0 -0.112557)
(10.7829 0 -0.112607)
(10.7569 0 -0.111285)
(10.7308 0 -0.108602)
(10.705 0 -0.104592)
(10.6799 0 -0.0993009)
(10.6558 0 -0.0927904)
(10.633 0 -0.0851323)
(10.6118 0 -0.0764071)
(10.5927 0 -0.0667009)
(10.576 0 -0.0561038)
(10.562 0 -0.0447093)
(10.551 0 -0.0326125)
(10.5434 0 -0.0199118)
(10.5395 0 -0.00671176)
(10.9938 0 0.0075446)
(10.9943 0 -0.00055161)
(10.9931 0 -0.00867413)
(10.9899 0 -0.0167507)
(10.9849 0 -0.0247025)
(10.9779 0 -0.0324458)
(10.9689 0 -0.0398921)
(10.9579 0 -0.0469514)
(10.945 0 -0.0535326)
(10.9301 0 -0.0595469)
(10.9134 0 -0.0649096)
(10.895 0 -0.0695415)
(10.8751 0 -0.0733722)
(10.8537 0 -0.0763414)
(10.8312 0 -0.0784006)
(10.8077 0 -0.079514)
(10.7835 0 -0.0796599)
(10.7589 0 -0.0788301)
(10.7342 0 -0.0770301)
(10.7097 0 -0.0742783)
(10.6858 0 -0.0706045)
(10.6627 0 -0.0660489)
(10.6408 0 -0.0606605)
(10.6205 0 -0.0544947)
(10.6021 0 -0.047612)
(10.5859 0 -0.0400767)
(10.5723 0 -0.0319566)
(10.5617 0 -0.0233212)
(10.5543 0 -0.0142436)
(10.5505 0 -0.00480195)
(10.9813 0 0.00473391)
(10.982 0 -8.89092e-05)
(10.981 0 -0.00492844)
(10.9783 0 -0.0097425)
(10.9738 0 -0.0144852)
(10.9674 0 -0.0191069)
(10.9591 0 -0.0235566)
(10.9489 0 -0.0277801)
(10.9368 0 -0.0317246)
(10.9229 0 -0.0353368)
(10.9072 0 -0.0385657)
(10.8899 0 -0.041364)
(10.871 0 -0.0436893)
(10.8508 0 -0.0455041)
(10.8293 0 -0.0467783)
(10.8069 0 -0.0474886)
(10.7838 0 -0.047621)
(10.7602 0 -0.0471684)
(10.7365 0 -0.0461324)
(10.7129 0 -0.0445224)
(10.6897 0 -0.0423547)
(10.6674 0 -0.0396522)
(10.6462 0 -0.0364431)
(10.6264 0 -0.03276)
(10.6085 0 -0.0286389)
(10.5927 0 -0.0241185)
(10.5794 0 -0.0192397)
(10.569 0 -0.0140452)
(10.5617 0 -0.00858012)
(10.558 0 -0.00289296)
(10.9749 0 0.00161705)
(10.9757 0 1.1804e-05)
(10.9749 0 -0.00159919)
(10.9723 0 -0.00320205)
(10.9681 0 -0.0047816)
(10.962 0 -0.00632157)
(10.954 0 -0.0078049)
(10.9443 0 -0.00921391)
(10.9326 0 -0.0105308)
(10.9192 0 -0.0117381)
(10.904 0 -0.0128187)
(10.8872 0 -0.013757)
(10.8689 0 -0.0145379)
(10.8492 0 -0.0151499)
(10.8284 0 -0.0155836)
(10.8065 0 -0.0158251)
(10.7839 0 -0.0158785)
(10.7609 0 -0.0157349)
(10.7376 0 -0.0153964)
(10.7145 0 -0.0148655)
(10.6918 0 -0.0141476)
(10.6698 0 -0.0132501)
(10.6489 0 -0.0121822)
(10.6294 0 -0.0109546)
(10.6117 0 -0.00957938)
(10.5962 0 -0.0080694)
(10.583 0 -0.00643846)
(10.5727 0 -0.00470094)
(10.5656 0 -0.0028721)
(10.5619 0 -0.000968445)
)
;

boundaryField
{
    inlet
    {
        type            fixedValue;
        value           uniform (10 0 0);
    }
    outlet
    {
        type            zeroGradient;
    }
    flap
    {
        type            movingWallVelocity;
        value           nonuniform List<vector> 
33
(
(0.00586185 -2.77556e-15 -0.000100818)
(0.0193599 -5.55112e-15 -0.000547056)
(0.0358268 0 -0.00130134)
(0.0551315 0 -0.00216189)
(0.0765443 0 -0.00286836)
(0.0978271 -2.77556e-15 -0.00316685)
(0.117796 0 -0.00297434)
(0.136394 2.77553e-15 -0.00233701)
(0.152454 0 -0.00140835)
(0.163974 0 -0.000462797)
(0.169713 0 0.000316039)
(0.170334 0 0.000741284)
(0.166026 7.02974e-21 0.000930429)
(0.154464 0 0.00105392)
(0.136178 -2.77556e-15 0.00123552)
(0.000160189 0 -0.0222745)
(0.000105319 -2.77556e-15 -0.0121061)
(1.59341e-05 -8.3313e-23 -0.00196461)
(0.00585833 1.00542e-21 -9.5692e-05)
(0.0192217 0 -0.000545114)
(0.0356176 -2.77557e-15 -0.00129468)
(0.0550099 -2.77556e-15 -0.00215655)
(0.0765958 2.77556e-15 -0.00287317)
(0.098507 2.77559e-15 -0.00319353)
(0.119231 -2.00636e-20 -0.00301049)
(0.138291 -2.77558e-15 -0.0023652)
(0.154463 -2.77554e-15 -0.00142538)
(0.165712 -3.48954e-21 -0.000469401)
(0.170969 0 0.00030821)
(0.171223 0 0.000719531)
(0.166334 -2.77556e-15 0.000905837)
(0.15428 0 0.00101709)
(0.136478 0 0.00118397)
)
;
    }
    upperWall
    {
        type            noSlip;
    }
    lowerWall
    {
        type            noSlip;
    }
    frontAndBack
    {
        type            empty;
    }
}


// ************************************************************************* //
