/*--------------------------------*- C++ -*----------------------------------*\
| =========                 |                                                 |
| \\      /  F ield         | OpenFOAM: The Open Source CFD Toolbox           |
|  \\    /   O peration     | Version:  2012                                  |
|   \\  /    A nd           | Website:  www.openfoam.com                      |
|    \\/     M anipulation  |                                                 |
\*---------------------------------------------------------------------------*/
FoamFile
{
    version     2.0;
    format      ascii;
    class       volVectorField;
    location    "0.5";
    object      cellDisplacement;
}
// * * * * * * * * * * * * * * * * * * * * * * * * * * * * * * * * * * * * * //

dimensions      [0 1 0 0 0 0 0];


internalField   nonuniform List<vector> 
2790
(
(0.000148636 0 3.4191e-07)
(0.000432497 0 9.83037e-07)
(0.000732585 0 1.62533e-06)
(0.00107742 0 2.31094e-06)
(0.0014901 0 3.07312e-06)
(0.00199104 0 3.9411e-06)
(0.00259858 0 4.94475e-06)
(0.00332879 0 6.12009e-06)
(0.00419482 0 7.51635e-06)
(0.00520577 0 9.20468e-06)
(0.00636525 0 1.12893e-05)
(0.00766988 0 1.3924e-05)
(0.00910724 0 1.73359e-05)
(0.0106542 0 2.18401e-05)
(0.0122751 0 2.78926e-05)
(0.0139195 0 3.61155e-05)
(0.0155214 0 4.73429e-05)
(0.0169994 0 6.26591e-05)
(0.018259 0 8.33523e-05)
(0.0191977 0 0.000111131)
(0.0197094 0 0.00014804)
(0.0196939 0 0.000196511)
(0.0190672 0 0.000259436)
(0.0177749 0 0.000340305)
(0.0158067 0 0.000443539)
(0.0132148 0 0.000575088)
(0.0101285 0 0.000741754)
(0.00678648 0 0.000949093)
(0.00360244 0 0.00118408)
(0.00140546 0 0.00134876)
(0.000144412 0 1.01993e-06)
(0.000421343 0 2.93343e-06)
(0.000715424 0 4.85155e-06)
(0.00105395 0 6.89935e-06)
(0.00145983 0 9.17542e-06)
(0.00195344 0 1.1766e-05)
(0.00255322 0 1.47583e-05)
(0.00327553 0 1.82572e-05)
(0.00413399 0 2.24056e-05)
(0.00513835 0 2.74102e-05)
(0.00629308 0 3.35733e-05)
(0.00759604 0 4.13395e-05)
(0.0090363 0 5.13745e-05)
(0.0105927 0 6.45849e-05)
(0.0122321 0 8.23015e-05)
(0.0139071 0 0.000106333)
(0.0155552 0 0.000139106)
(0.0170982 0 0.000183819)
(0.0184448 0 0.000244098)
(0.0194974 0 0.000324916)
(0.020154 0 0.000432085)
(0.0203181 0 0.000572394)
(0.0199099 0 0.000753601)
(0.0188788 0 0.000984447)
(0.0172176 0 0.0012747)
(0.0149924 0 0.00163645)
(0.0123501 0 0.00207758)
(0.00956541 0 0.00259752)
(0.00709186 0 0.00316617)
(0.00571801 0 0.00366977)
(0.000143397 0 1.68626e-06)
(0.000419012 0 4.85181e-06)
(0.000712007 0 8.02586e-06)
(0.00104955 0 1.14127e-05)
(0.00145459 0 1.51731e-05)
(0.00194769 0 1.9446e-05)
(0.00254761 0 2.437e-05)
(0.00327124 0 3.01103e-05)
(0.00413295 0 3.68917e-05)
(0.00514343 0 4.50399e-05)
(0.00630829 0 5.50287e-05)
(0.00762737 0 6.75495e-05)
(0.00909173 0 8.36764e-05)
(0.010683 0 0.000104795)
(0.0123725 0 0.000133028)
(0.0141172 0 0.000171214)
(0.0158605 0 0.000223155)
(0.0175272 0 0.000293591)
(0.0190344 0 0.000388568)
(0.0202937 0 0.000515696)
(0.02121 0 0.000683783)
(0.0216954 0 0.000902913)
(0.0216795 0 0.00118416)
(0.0211228 0 0.0015391)
(0.0200276 0 0.00198024)
(0.0184614 0 0.00251711)
(0.0165872 0 0.00315139)
(0.0147058 0 0.00386808)
(0.0132279 0 0.0046033)
(0.0127593 0 0.00518276)
(0.000142635 0 2.33799e-06)
(0.000417157 0 6.72856e-06)
(0.000709324 0 1.1129e-05)
(0.00104626 0 1.5818e-05)
(0.00145106 0 2.10131e-05)
(0.00194456 0 2.68994e-05)
(0.002546 0 3.36579e-05)
(0.00327304 0 4.15009e-05)
(0.00414117 0 5.07174e-05)
(0.00516247 0 6.17288e-05)
(0.0063439 0 7.51441e-05)
(0.0076885 0 9.18172e-05)
(0.0091894 0 0.000113081)
(0.0108324 0 0.000140831)
(0.0125957 0 0.000177774)
(0.0144415 0 0.000227522)
(0.0163196 0 0.000294852)
(0.0181647 0 0.000385764)
(0.0199053 0 0.000508185)
(0.0214605 0 0.000671368)
(0.0227469 0 0.000886062)
(0.023688 0 0.00116414)
(0.0242246 0 0.00151794)
(0.0243285 0 0.00195918)
(0.0240167 0 0.00249729)
(0.023353 0 0.00313367)
(0.0224885 0 0.00386038)
(0.0217072 0 0.00463873)
(0.0213355 0 0.00537156)
(0.0217617 0 0.00586681)
(0.000142059 0 2.96988e-06)
(0.000415731 0 8.5477e-06)
(0.000707326 0 1.41327e-05)
(0.00104402 0 2.00716e-05)
(0.00144909 0 2.6632e-05)
(0.00194375 0 3.40361e-05)
(0.00254788 0 4.24952e-05)
(0.00328008 0 5.22516e-05)
(0.00415737 0 6.36345e-05)
(0.00519372 0 7.71325e-05)
(0.00639663 0 9.33611e-05)
(0.00777191 0 0.000113346)
(0.00931956 0 0.000138594)
(0.0110309 0 0.000171367)
(0.0128882 0 0.000214696)
(0.0148622 0 0.00027271)
(0.0169119 0 0.000350839)
(0.0189844 0 0.000455986)
(0.0210185 0 0.000596808)
(0.0229456 0 0.00078346)
(0.0246955 0 0.00102735)
(0.0262038 0 0.00134043)
(0.0274222 0 0.00173403)
(0.0283302 0 0.00221684)
(0.0289473 0 0.00279191)
(0.0293421 0 0.00345152)
(0.0296415 0 0.00417429)
(0.03002 0 0.00490127)
(0.0307099 0 0.005521)
(0.0318571 0 0.00586423)
(0.000141634 0 3.57683e-06)
(0.000414692 0 1.02938e-05)
(0.000705956 0 1.70099e-05)
(0.00104271 0 2.41325e-05)
(0.00144848 0 3.19705e-05)
(0.00194495 0 4.07731e-05)
(0.00255267 0 5.07675e-05)
(0.00329135 0 6.22049e-05)
(0.00417992 0 7.54246e-05)
(0.00523281 0 9.08839e-05)
(0.00646081 0 0.000109262)
(0.0078746 0 0.000131664)
(0.00947843 0 0.000159677)
(0.0112694 0 0.000195639)
(0.0132368 0 0.000242755)
(0.0153606 0 0.000305365)
(0.0176107 0 0.000389145)
(0.0199472 0 0.000501263)
(0.0223217 0 0.000650471)
(0.0246799 0 0.000846838)
(0.0269651 0 0.00110121)
(0.0291252 0 0.00142414)
(0.0311202 0 0.00182419)
(0.0329324 0 0.00230528)
(0.0345746 0 0.00286307)
(0.0360966 0 0.00348033)
(0.0375845 0 0.00412195)
(0.0391037 0 0.00472265)
(0.0407272 0 0.00518018)
(0.0423899 0 0.00537087)
(0.00014134 0 4.15414e-06)
(0.000414003 0 1.19529e-05)
(0.00070515 0 1.97363e-05)
(0.00104222 0 2.79637e-05)
(0.00144903 0 3.69763e-05)
(0.00194775 0 4.70388e-05)
(0.00255969 0 5.83786e-05)
(0.00330559 0 7.12331e-05)
(0.00420553 0 8.59082e-05)
(0.0052775 0 0.000102831)
(0.0065353 0 0.000122683)
(0.00799143 0 0.000146523)
(0.00965689 0 0.000175901)
(0.0115353 0 0.000213103)
(0.0136236 0 0.000261268)
(0.0159119 0 0.000324646)
(0.0183817 0 0.00040875)
(0.0210068 0 0.000520461)
(0.0237533 0 0.000667981)
(0.0265818 0 0.000860455)
(0.0294497 0 0.0011072)
(0.0323156 0 0.00141633)
(0.0351453 0 0.00179266)
(0.0379168 0 0.00223474)
(0.0406246 0 0.00273125)
(0.0432796 0 0.00325712)
(0.0458984 0 0.0037709)
(0.0484772 0 0.00420757)
(0.0508665 0 0.00448948)
(0.0528513 0 0.00454466)
(0.000141162 0 4.69772e-06)
(0.00041363 0 1.35128e-05)
(0.000704845 0 2.22909e-05)
(0.00104242 0 3.15341e-05)
(0.00145049 0 4.16063e-05)
(0.00195174 0 5.27759e-05)
(0.00256823 0 6.52554e-05)
(0.00332183 0 7.92479e-05)
(0.00423402 0 9.50042e-05)
(0.00532516 0 0.000112888)
(0.00661388 0 0.00013349)
(0.00811556 0 0.000157757)
(0.00984525 0 0.000187101)
(0.0118151 0 0.000223618)
(0.0140291 0 0.000270157)
(0.0164888 0 0.000330606)
(0.0191871 0 0.000409963)
(0.0221123 0 0.000514361)
(0.0252453 0 0.000650927)
(0.0285619 0 0.000827267)
(0.0320332 0 0.00105054)
(0.0356277 0 0.00132594)
(0.0393135 0 0.00165438)
(0.0430587 0 0.00202961)
(0.0468298 0 0.00243499)
(0.0505864 0 0.00284092)
(0.0542746 0 0.00320574)
(0.0577505 0 0.00347408)
(0.0607204 0 0.00359442)
(0.0628562 0 0.0035427)
(0.00014109 0 5.20426e-06)
(0.000413545 0 1.49636e-05)
(0.000704979 0 2.46569e-05)
(0.00104319 0 3.48195e-05)
(0.00145263 0 4.58281e-05)
(0.00195649 0 5.79436e-05)
(0.00257761 0 7.13492e-05)
(0.00333892 0 8.61953e-05)
(0.00426346 0 0.000102654)
(0.00537386 0 0.000120986)
(0.00669204 0 0.000141642)
(0.00823819 0 0.000165372)
(0.0100343 0 0.000193405)
(0.0120945 0 0.000227445)
(0.0144331 0 0.000269926)
(0.0170631 0 0.000324153)
(0.0199881 0 0.000394326)
(0.0232109 0 0.000485489)
(0.0267268 0 0.000603352)
(0.0305273 0 0.000753627)
(0.0345963 0 0.000941064)
(0.0389109 0 0.00116797)
(0.04344 0 0.00143194)
(0.0481378 0 0.00172337)
(0.0529374 0 0.00202306)
(0.0577396 0 0.00230127)
(0.0624108 0 0.00251852)
(0.0666275 0 0.00263862)
(0.0700207 0 0.00263346)
(0.0721812 0 0.00251533)
(0.000141118 0 5.67134e-06)
(0.000413726 0 1.62983e-05)
(0.000705503 0 2.68227e-05)
(0.00104442 0 3.78035e-05)
(0.00145524 0 4.96211e-05)
(0.00196162 0 6.25183e-05)
(0.00258712 0 7.66368e-05)
(0.00335575 0 9.20582e-05)
(0.00429203 0 0.000108855)
(0.00542081 0 0.000127154)
(0.00676706 0 0.000147225)
(0.00835558 0 0.000169581)
(0.0102114 0 0.000195102)
(0.0123568 0 0.000225113)
(0.014817 0 0.000261545)
(0.0176076 0 0.000306908)
(0.0207462 0 0.000364387)
(0.0242511 0 0.000437748)
(0.0281288 0 0.000531167)
(0.0323874 0 0.00064834)
(0.0370227 0 0.000791651)
(0.0420195 0 0.000961033)
(0.0473478 0 0.00115177)
(0.0529479 0 0.00135279)
(0.0587182 0 0.00154519)
(0.0645175 0 0.00170174)
(0.0700658 0 0.00179335)
(0.0749297 0 0.00179852)
(0.0786481 0 0.0017105)
(0.0807674 0 0.00156231)
(0.000141245 0 6.09746e-06)
(0.000414164 0 1.75125e-05)
(0.000706386 0 2.87813e-05)
(0.00104604 0 4.04774e-05)
(0.00145813 0 5.29761e-05)
(0.00196677 0 6.64935e-05)
(0.00259617 0 8.11193e-05)
(0.00337129 0 9.68543e-05)
(0.00431803 0 0.000113655)
(0.00546325 0 0.000131493)
(0.00683465 0 0.000150427)
(0.0084607 0 0.000170691)
(0.0103706 0 0.000192786)
(0.0125934 0 0.000217563)
(0.0151586 0 0.000246315)
(0.0180931 0 0.000280815)
(0.0214289 0 0.000323212)
(0.0251861 0 0.000375937)
(0.0293873 0 0.000441403)
(0.0340586 0 0.000521553)
(0.0392057 0 0.000616554)
(0.044819 0 0.00072484)
(0.0508744 0 0.000840479)
(0.0573019 0 0.000952875)
(0.0639961 0 0.001045)
(0.0707249 0 0.00109707)
(0.0770841 0 0.00109241)
(0.0825745 0 0.00102105)
(0.0866018 0 0.000890149)
(0.0886746 0 0.000738496)
(0.000141473 0 6.48205e-06)
(0.000414866 0 1.86047e-05)
(0.000707623 0 3.05307e-05)
(0.00104799 0 4.28398e-05)
(0.0014612 0 5.58948e-05)
(0.0019717 0 6.98778e-05)
(0.00260427 0 8.48195e-05)
(0.0033847 0 0.000100631)
(0.00434006 0 0.000117145)
(0.00549891 0 0.000134163)
(0.00689128 0 0.000151518)
(0.00854867 0 0.000169145)
(0.0105041 0 0.000187155)
(0.0127915 0 0.000205896)
(0.0154462 0 0.000226003)
(0.0185037 0 0.000248408)
(0.0220008 0 0.000274258)
(0.0259705 0 0.000304842)
(0.0304504 0 0.000340961)
(0.0354748 0 0.000383009)
(0.0410537 0 0.000429795)
(0.0471913 0 0.00047812)
(0.0538744 0 0.000522078)
(0.0610474 0 0.000552581)
(0.0685717 0 0.000557762)
(0.0761466 0 0.000527683)
(0.0833379 0 0.000455472)
(0.0895261 0 0.000343034)
(0.0939516 0 0.000203858)
(0.0960342 0 6.88499e-05)
(0.000141812 0 6.82542e-06)
(0.000415855 0 1.95759e-05)
(0.000709241 0 3.20735e-05)
(0.00105029 0 4.48964e-05)
(0.00146439 0 5.83886e-05)
(0.00197627 0 7.26934e-05)
(0.00261112 0 8.77779e-05)
(0.00339537 0 0.000103461)
(0.00435705 0 0.000119445)
(0.00552606 0 0.000135362)
(0.00693424 0 0.000150817)
(0.00861552 0 0.000165448)
(0.0106059 0 0.000178983)
(0.0129432 0 0.000191276)
(0.0156674 0 0.00020234)
(0.0188199 0 0.00021232)
(0.0224437 0 0.000221414)
(0.0265815 0 0.000229728)
(0.0312767 0 0.000236932)
(0.0365692 0 0.000242081)
(0.0424846 0 0.000243202)
(0.049044 0 0.00023611)
(0.0562383 0 0.000215566)
(0.0640151 0 0.000174747)
(0.0722244 0 0.000108562)
(0.0805912 0 1.45163e-05)
(0.0886573 0 -0.00010278)
(0.0957118 0 -0.00022956)
(0.100779 0 -0.000348576)
(0.103033 0 -0.000447677)
(0.000142282 0 7.12868e-06)
(0.000417179 0 2.04295e-05)
(0.000711305 0 3.34162e-05)
(0.00105301 0 4.66583e-05)
(0.00146778 0 6.04769e-05)
(0.00198048 0 7.49727e-05)
(0.00261661 0 9.00482e-05)
(0.00340303 0 0.00010543)
(0.00436843 0 0.000120697)
(0.00554365 0 0.000135312)
(0.00696185 0 0.000148667)
(0.00865864 0 0.000160122)
(0.0106721 0 0.000169047)
(0.013043 0 0.000174851)
(0.0158143 0 0.000176986)
(0.0190313 0 0.000174913)
(0.0227415 0 0.000168018)
(0.0269929 0 0.000155465)
(0.0318339 0 0.000135966)
(0.0373099 0 0.000107599)
(0.0434577 0 6.75608e-05)
(0.0503024 0 1.18761e-05)
(0.0578441 0 -6.38906e-05)
(0.0660393 0 -0.000163867)
(0.0747689 0 -0.000289361)
(0.0838016 0 -0.000436091)
(0.0927314 0 -0.000589574)
(0.100859 0 -0.000722705)
(0.107027 0 -0.00080723)
(0.109877 0 -0.000852597)
(0.000142908 0 7.39362e-06)
(0.000418908 0 2.11708e-05)
(0.000713924 0 3.45682e-05)
(0.0010563 0 4.81415e-05)
(0.00147151 0 6.21846e-05)
(0.00198449 0 7.67552e-05)
(0.00262087 0 9.16926e-05)
(0.00340772 0 0.000106636)
(0.00437409 0 0.000121048)
(0.00555137 0 0.00013424)
(0.00697346 0 0.000145409)
(0.00867693 0 0.000153668)
(0.0107012 0 0.000158078)
(0.0130882 0 0.000157667)
(0.015883 0 0.000151419)
(0.0191328 0 0.000138241)
(0.022887 0 0.000116881)
(0.0271961 0 8.57989e-05)
(0.0321105 0 4.30147e-05)
(0.0376776 0 -1.40222e-05)
(0.0439377 0 -8.8511e-05)
(0.0509186 0 -0.000184225)
(0.0586254 0 -0.000304873)
(0.0670258 0 -0.000453042)
(0.0760291 0 -0.000628164)
(0.0854606 0 -0.000823683)
(0.0950223 0 -0.00102218)
(0.104195 0 -0.00118753)
(0.111985 0 -0.00125921)
(0.116665 0 -0.00121019)
(0.00130848 0 -0.00142836)
(0.00441988 0 -0.00141074)
(0.00907637 0 -0.0012703)
(0.013963 0 -0.00110952)
(0.0182995 0 -0.000955569)
(0.0216969 0 -0.000813433)
(0.0240347 0 -0.000686325)
(0.0253423 0 -0.000571801)
(0.0257358 0 -0.000470806)
(0.0253609 0 -0.000383042)
(0.0243715 0 -0.000307732)
(0.0229168 0 -0.000243907)
(0.0211355 0 -0.000190714)
(0.01915 0 -0.00014665)
(0.0170651 0 -0.000110767)
(0.0149683 0 -8.20256e-05)
(0.0129298 0 -5.9401e-05)
(0.0110028 0 -4.19199e-05)
(0.00922466 0 -2.86645e-05)
(0.00761965 0 -1.88791e-05)
(0.00620049 0 -1.1835e-05)
(0.00496928 0 -6.92103e-06)
(0.00392008 0 -3.62002e-06)
(0.0030407 0 -1.51141e-06)
(0.00231416 0 -2.5943e-07)
(0.00171988 0 3.96187e-07)
(0.00123427 0 6.48233e-07)
(0.000832015 0 6.38224e-07)
(0.000485875 0 4.59424e-07)
(0.000164297 0 1.73731e-07)
(0.00536299 0 -0.00404501)
(0.0081327 0 -0.00392657)
(0.0122628 0 -0.00360145)
(0.0166059 0 -0.00319216)
(0.0204422 0 -0.00277476)
(0.0233931 0 -0.00237417)
(0.0253449 0 -0.00200509)
(0.0263343 0 -0.00167355)
(0.0264712 0 -0.00138023)
(0.0258909 0 -0.00112451)
(0.0247389 0 -0.000904462)
(0.0231566 0 -0.000717434)
(0.0212777 0 -0.000560693)
(0.0192202 0 -0.000431227)
(0.017083 0 -0.000325773)
(0.01495 0 -0.000241261)
(0.0128882 0 -0.000174704)
(0.0109479 0 -0.000123266)
(0.00916349 0 -8.4224e-05)
(0.00755752 0 -5.54229e-05)
(0.00614119 0 -3.46869e-05)
(0.00491511 0 -2.02277e-05)
(0.00387239 0 -1.05208e-05)
(0.00300008 0 -4.3283e-06)
(0.00228074 0 -6.60074e-07)
(0.00169355 0 1.25178e-06)
(0.00121446 0 1.98059e-06)
(0.000818343 0 1.93256e-06)
(0.000478292 0 1.38564e-06)
(0.000162427 0 5.22549e-07)
(0.0120776 0 -0.00619069)
(0.0146195 0 -0.00604299)
(0.0180611 0 -0.0055994)
(0.0215657 0 -0.00501057)
(0.0245563 0 -0.00438409)
(0.0267361 0 -0.00377225)
(0.0280239 0 -0.00319813)
(0.0284619 0 -0.00267806)
(0.0281431 0 -0.00221514)
(0.0271907 0 -0.00180929)
(0.0257377 0 -0.00145835)
(0.0239152 0 -0.00115892)
(0.0218451 0 -0.000906807)
(0.0196378 0 -0.000698104)
(0.0173854 0 -0.00052783)
(0.0151651 0 -0.000391146)
(0.0130382 0 -0.000283352)
(0.0110513 0 -0.000199994)
(0.00923287 0 -0.00013678)
(0.00760215 0 -8.99498e-05)
(0.00616921 0 -5.61923e-05)
(0.00493194 0 -3.26632e-05)
(0.00388195 0 -1.68725e-05)
(0.00300508 0 -6.81121e-06)
(0.00228309 0 -8.66583e-07)
(0.00169433 0 2.21452e-06)
(0.00121474 0 3.36751e-06)
(0.000818678 0 3.25175e-06)
(0.00047865 0 2.32118e-06)
(0.000162605 0 8.72986e-07)
(0.0207927 0 -0.00788667)
(0.0230435 0 -0.00771745)
(0.0256894 0 -0.00720109)
(0.0281685 0 -0.00649298)
(0.0300949 0 -0.0057186)
(0.0312983 0 -0.0049502)
(0.0317326 0 -0.0042217)
(0.0314385 0 -0.00355231)
(0.0305042 0 -0.00295029)
(0.0290417 0 -0.0024181)
(0.0271717 0 -0.00195482)
(0.0250123 0 -0.00155743)
(0.0226738 0 -0.00122155)
(0.0202542 0 -0.000942147)
(0.0178369 0 -0.000713404)
(0.0154903 0 -0.000529277)
(0.0132683 0 -0.000383728)
(0.0112102 0 -0.000270929)
(0.00934148 0 -0.000185401)
(0.00767638 0 -0.000121936)
(0.00621844 0 -7.61291e-05)
(0.00496325 0 -4.41085e-05)
(0.00390141 0 -2.2611e-05)
(0.00301665 0 -8.9272e-06)
(0.00228983 0 -8.629e-07)
(0.00169813 0 3.29115e-06)
(0.00121688 0 4.80851e-06)
(0.000820054 0 4.59379e-06)
(0.000479511 0 3.26469e-06)
(0.000162932 0 1.22511e-06)
(0.0307057 0 -0.00917363)
(0.0326025 0 -0.00897576)
(0.0344083 0 -0.00841262)
(0.0357851 0 -0.00762951)
(0.0365789 0 -0.00676466)
(0.0367113 0 -0.00589368)
(0.0361813 0 -0.00505676)
(0.0350439 0 -0.00427761)
(0.0333881 0 -0.00356899)
(0.0313193 0 -0.00293673)
(0.0289474 0 -0.00238211)
(0.0263787 0 -0.00190338)
(0.023711 0 -0.00149669)
(0.0210301 0 -0.0011568)
(0.0184086 0 -0.000877455)
(0.015905 0 -0.00065187)
(0.0135638 0 -0.00047306)
(0.0114169 0 -0.000334143)
(0.00948323 0 -0.000228553)
(0.00777176 0 -0.000150173)
(0.00628213 0 -9.36144e-05)
(0.0050061 0 -5.40457e-05)
(0.00392909 0 -2.74463e-05)
(0.00303354 0 -1.05057e-05)
(0.00230016 0 -5.56118e-07)
(0.00170439 0 4.52859e-06)
(0.0012207 0 6.32899e-06)
(0.000822422 0 5.97125e-06)
(0.00048088 0 4.22171e-06)
(0.000163418 0 1.58054e-06)
(0.0411715 0 -0.0100912)
(0.0426528 0 -0.00986022)
(0.0436192 0 -0.00927031)
(0.0439062 0 -0.00845)
(0.0435735 0 -0.00753801)
(0.0426172 0 -0.00660846)
(0.0410846 0 -0.00570351)
(0.0390532 0 -0.00485035)
(0.0366197 0 -0.00406576)
(0.0338882 0 -0.00335908)
(0.0309616 0 -0.00273428)
(0.0279363 0 -0.00219142)
(0.0248986 0 -0.00172772)
(0.0219225 0 -0.00133833)
(0.019069 0 -0.00101701)
(0.0163861 0 -0.000756623)
(0.0139087 0 -0.000549613)
(0.0116598 0 -0.000388378)
(0.00965152 0 -0.000265559)
(0.00788609 0 -0.00017425)
(0.00635847 0 -0.000108282)
(0.00505663 0 -6.21474e-05)
(0.00396207 0 -3.11578e-05)
(0.00305464 0 -1.14262e-05)
(0.00231351 0 1.2261e-07)
(0.00171277 0 5.96521e-06)
(0.00122595 0 7.94908e-06)
(0.000825683 0 7.39383e-06)
(0.00048273 0 5.19637e-06)
(0.000164059 0 1.94043e-06)
(0.0516665 0 -0.0106555)
(0.0526987 0 -0.0104093)
(0.05287 0 -0.00982096)
(0.0521484 0 -0.00899788)
(0.0507267 0 -0.00807124)
(0.0487125 0 -0.00711709)
(0.0461882 0 -0.0061761)
(0.0432577 0 -0.00527833)
(0.0400307 0 -0.00444404)
(0.0366147 0 -0.00368588)
(0.0331097 0 -0.00301052)
(0.0296044 0 -0.00241999)
(0.0261753 0 -0.00191285)
(0.0228852 0 -0.00148499)
(0.019784 0 -0.0011305)
(0.0169088 0 -0.00084222)
(0.0142847 0 -0.000612336)
(0.0119261 0 -0.00043283)
(0.00983717 0 -0.0002958)
(0.00801292 0 -0.000193728)
(0.00644408 0 -0.000119929)
(0.00511302 0 -6.82927e-05)
(0.00399848 0 -3.36149e-05)
(0.00307877 0 -1.16076e-05)
(0.00232918 0 1.2207e-06)
(0.00172285 0 7.6272e-06)
(0.0012324 0 9.68191e-06)
(0.000829715 0 8.8675e-06)
(0.000485013 0 6.19104e-06)
(0.000164844 0 2.30538e-06)
(0.0617766 0 -0.0109121)
(0.0623771 0 -0.0106805)
(0.0618321 0 -0.0101225)
(0.0602091 0 -0.00932497)
(0.0577681 0 -0.00840856)
(0.054755 0 -0.00745178)
(0.0512793 0 -0.00649714)
(0.0474748 0 -0.00557666)
(0.0434682 0 -0.00471341)
(0.0393739 0 -0.00392283)
(0.0352915 0 -0.00321392)
(0.0313043 0 -0.00259055)
(0.0274802 0 -0.00205257)
(0.023872 0 -0.00159675)
(0.0205188 0 -0.00121761)
(0.0174476 0 -0.000908261)
(0.0146735 0 -0.000660827)
(0.0122025 0 -0.000467148)
(0.0100312 0 -0.000319009)
(0.00814635 0 -0.000208449)
(0.00653283 0 -0.000128338)
(0.00517201 0 -7.23467e-05)
(0.00403776 0 -3.47854e-05)
(0.00310494 0 -1.10145e-05)
(0.00234645 0 2.76078e-06)
(0.00173419 0 9.52652e-06)
(0.00123978 0 1.15327e-05)
(0.00083439 0 1.0394e-05)
(0.000487674 0 7.20595e-06)
(0.000165757 0 2.67534e-06)
(0.0712343 0 -0.0109556)
(0.0714678 0 -0.0107594)
(0.0703023 0 -0.0102482)
(0.0678706 0 -0.00948919)
(0.0645176 0 -0.00859585)
(0.0605581 0 -0.00764724)
(0.0561847 0 -0.00669264)
(0.0515492 0 -0.00576396)
(0.0467976 0 -0.0048868)
(0.0420527 0 -0.00407865)
(0.0374145 0 -0.00335022)
(0.0329621 0 -0.00270677)
(0.0287557 0 -0.00214917)
(0.0248387 0 -0.00167494)
(0.02124 0 -0.0012791)
(0.0179778 0 -0.000955139)
(0.0150566 0 -0.00069525)
(0.0124759 0 -0.000491393)
(0.0102223 0 -0.000335082)
(0.00827756 0 -0.000218243)
(0.00662245 0 -0.00013356)
(0.00523206 0 -7.43305e-05)
(0.00407815 0 -3.46664e-05)
(0.0031321 0 -9.64684e-06)
(0.00236465 0 4.7415e-06)
(0.00174636 0 1.16606e-05)
(0.00124786 0 1.34982e-05)
(0.000839588 0 1.19702e-05)
(0.000490661 0 8.23902e-06)
(0.000166784 0 3.04954e-06)
(0.0799477 0 -0.0108937)
(0.0798929 0 -0.0107389)
(0.0781895 0 -0.0102736)
(0.0750172 0 -0.00954842)
(0.0708327 0 -0.00867751)
(0.0659818 0 -0.00773932)
(0.0607616 0 -0.00678841)
(0.0553476 0 -0.00585916)
(0.0499009 0 -0.00497803)
(0.0445502 0 -0.00416336)
(0.0393952 0 -0.00342658)
(0.0345105 0 -0.00277366)
(0.0299488 0 -0.00220612)
(0.0257446 0 -0.00172197)
(0.0219163 0 -0.00131654)
(0.0184766 0 -0.000983925)
(0.0154187 0 -0.00071636)
(0.0127316 0 -0.000505779)
(0.0104016 0 -0.000344225)
(0.00840228 0 -0.000223347)
(0.0067083 0 -0.000135663)
(0.00529052 0 -7.43209e-05)
(0.00411791 0 -3.3307e-05)
(0.00315919 0 -7.54015e-06)
(0.00238314 0 7.13841e-06)
(0.00175899 0 1.40124e-05)
(0.00125643 0 1.55668e-05)
(0.000845207 0 1.35886e-05)
(0.000493931 0 9.28579e-06)
(0.000167913 0 3.42645e-06)
(0.0879609 0 -0.0108191)
(0.0876808 0 -0.0107005)
(0.0854765 0 -0.0102636)
(0.0815827 0 -0.00955266)
(0.0765888 0 -0.00868963)
(0.0709047 0 -0.00775465)
(0.064878 0 -0.00680491)
(0.0587492 0 -0.0058785)
(0.0526719 0 -0.00499987)
(0.0467766 0 -0.00418684)
(0.0411596 0 -0.00345054)
(0.03589 0 -0.00279694)
(0.0310129 0 -0.00222769)
(0.0265543 0 -0.00174103)
(0.0225222 0 -0.00133219)
(0.0189189 0 -0.000995668)
(0.0157398 0 -0.000724796)
(0.0129622 0 -0.000511281)
(0.0105639 0 -0.00034709)
(0.00851582 0 -0.000224141)
(0.00678712 0 -0.000134892)
(0.00534492 0 -7.24675e-05)
(0.0041555 0 -3.08092e-05)
(0.00318529 0 -4.76352e-06)
(0.00240139 0 9.90527e-06)
(0.00177179 0 1.65515e-05)
(0.00126534 0 1.77187e-05)
(0.000851175 0 1.52368e-05)
(0.000497454 0 1.03394e-05)
(0.000169136 0 3.80381e-06)
(0.0953962 0 -0.010805)
(0.0949145 0 -0.0107054)
(0.0921632 0 -0.010262)
(0.0874968 0 -0.009532)
(0.0816749 0 -0.00865304)
(0.075203 0 -0.00771051)
(0.0684313 0 -0.00675813)
(0.0616413 0 -0.00583416)
(0.0550141 0 -0.00496273)
(0.0486517 0 -0.00415794)
(0.0426427 0 -0.00342942)
(0.0370496 0 -0.00278251)
(0.0319081 0 -0.00221856)
(0.0272319 0 -0.00173491)
(0.0230273 0 -0.00132794)
(0.0192924 0 -0.000992725)
(0.0160109 0 -0.000722286)
(0.0131573 0 -0.000508811)
(0.0107025 0 -0.000344367)
(0.00861367 0 -0.000221099)
(0.00685589 0 -0.000131574)
(0.00539326 0 -6.89899e-05)
(0.00418967 0 -2.73211e-05)
(0.00320969 0 -1.4165e-06)
(0.00241898 0 1.29761e-05)
(0.00178454 0 1.92348e-05)
(0.00127449 0 1.99264e-05)
(0.000857454 0 1.68979e-05)
(0.000501223 0 1.13907e-05)
(0.000170454 0 4.17864e-06)
(0.102438 0 -0.010908)
(0.10167 0 -0.0107848)
(0.0981825 0 -0.0102777)
(0.0926169 0 -0.00948752)
(0.0859296 0 -0.00856915)
(0.0786999 0 -0.00760857)
(0.071288 0 -0.00665392)
(0.0639353 0 -0.00573515)
(0.056841 0 -0.00487447)
(0.050107 0 -0.00408432)
(0.04379 0 -0.00336999)
(0.0379479 0 -0.00273623)
(0.0325974 0 -0.00218267)
(0.027751 0 -0.00170718)
(0.0234164 0 -0.00130717)
(0.0195809 0 -0.000977174)
(0.0162219 0 -0.000710445)
(0.0133101 0 -0.000499559)
(0.0108123 0 -0.000336871)
(0.00869232 0 -0.000214798)
(0.00691234 0 -0.000126114)
(0.00543406 0 -6.41642e-05)
(0.00421953 0 -2.303e-05)
(0.00323186 0 2.37525e-06)
(0.00243566 0 1.6268e-05)
(0.00179713 0 2.20086e-05)
(0.00128385 0 2.21557e-05)
(0.000864053 0 1.85513e-05)
(0.000505254 0 1.24286e-05)
(0.000171874 0 4.54728e-06)
(0.109303 0 -0.011136)
(0.107857 0 -0.0109059)
(0.103244 0 -0.010262)
(0.0966367 0 -0.00938107)
(0.089102 0 -0.00841608)
(0.0812108 0 -0.00744008)
(0.0732844 0 -0.00648922)
(0.065524 0 -0.00558452)
(0.0580924 0 -0.00474269)
(0.0510913 0 -0.00397297)
(0.0445595 0 -0.00327848)
(0.038545 0 -0.00266277)
(0.033057 0 -0.0021247)
(0.0280984 0 -0.00166224)
(0.0236779 0 -0.00127298)
(0.0197758 0 -0.000951372)
(0.0163658 0 -0.000690987)
(0.0134157 0 -0.000484798)
(0.0108898 0 -0.000325519)
(0.00874947 0 -0.000205896)
(0.00695498 0 -0.000118972)
(0.00546642 0 -5.83101e-05)
(0.00424457 0 -1.81541e-05)
(0.00325159 0 6.46513e-06)
(0.00245135 0 1.96839e-05)
(0.00180957 0 2.48098e-05)
(0.00129346 0 2.43671e-05)
(0.000871028 0 2.0173e-05)
(0.00050959 0 1.34401e-05)
(0.000173414 0 4.90548e-06)
(0.116106 0 -0.0114377)
(0.112738 0 -0.0109067)
(0.106579 0 -0.0100817)
(0.0990071 0 -0.00913304)
(0.0908471 0 -0.00815418)
(0.0825282 0 -0.00718895)
(0.0742986 0 -0.00626067)
(0.0663221 0 -0.00538452)
(0.0587174 0 -0.00457168)
(0.0515707 0 -0.00382899)
(0.0449278 0 -0.00316006)
(0.0388229 0 -0.00256692)
(0.0332686 0 -0.00204884)
(0.0282637 0 -0.00160373)
(0.0238046 0 -0.00122834)
(0.0198722 0 -0.000917662)
(0.016439 0 -0.000665697)
(0.0134718 0 -0.000465864)
(0.0109334 0 -0.000311292)
(0.00878411 0 -0.000195099)
(0.00698326 0 -0.000110651)
(0.00549008 0 -5.1777e-05)
(0.00426474 0 -1.29327e-05)
(0.00326892 0 1.06917e-05)
(0.00246618 0 2.3117e-05)
(0.001822 0 2.75693e-05)
(0.00130347 0 2.65167e-05)
(0.000878487 0 2.17367e-05)
(0.000514299 0 1.4411e-05)
(0.000175097 0 5.24849e-06)
(0.000143744 0 7.62662e-06)
(0.000421172 0 2.18175e-05)
(0.000717291 0 3.55582e-05)
(0.00106039 0 4.93854e-05)
(0.00147587 0 6.35634e-05)
(0.00198862 0 7.81068e-05)
(0.00262422 0 9.27946e-05)
(0.00340975 0 0.000107186)
(0.00437431 0 0.000120638)
(0.00554942 0 0.00013233)
(0.00696916 0 0.00014129)
(0.00867039 0 0.000146424)
(0.0106928 0 0.000146538)
(0.0130788 0 0.00014035)
(0.0158735 0 0.000126483)
(0.0191244 0 0.000103427)
(0.0228806 0 6.94691e-05)
(0.027192 0 2.26031e-05)
(0.0321078 0 -3.95803e-05)
(0.0376736 0 -0.00011995)
(0.0439271 0 -0.000221807)
(0.050893 0 -0.000348681)
(0.0585738 0 -0.00050378)
(0.066937 0 -0.000689156)
(0.0758987 0 -0.000904635)
(0.0853035 0 -0.00114704)
(0.0948967 0 -0.00141075)
(0.104252 0 -0.00169246)
(0.112555 0 -0.00201002)
(0.117601 0 -0.00237164)
(0.000144554 0 7.82478e-06)
(0.00042333 0 2.23632e-05)
(0.000720354 0 3.63786e-05)
(0.00106376 0 5.03845e-05)
(0.00147877 0 6.46143e-05)
(0.00199007 0 7.90409e-05)
(0.00262301 0 9.33885e-05)
(0.0034044 0 0.000107146)
(0.00436308 0 0.00011958)
(0.00553022 0 0.000129762)
(0.00693951 0 0.000136582)
(0.00862735 0 0.000138784)
(0.0106328 0 0.000134979)
(0.0129973 0 0.00012366)
(0.0157649 0 0.000103195)
(0.0189812 0 7.17992e-05)
(0.0226929 0 2.74855e-05)
(0.0269465 0 -3.20022e-05)
(0.0317866 0 -0.000109248)
(0.0372524 0 -0.000207172)
(0.0433738 0 -0.00032895)
(0.0501654 0 -0.000477794)
(0.0576174 0 -0.000656558)
(0.065682 0 -0.000867272)
(0.0742574 0 -0.00111095)
(0.0831625 0 -0.0013884)
(0.0921171 0 -0.0017034)
(0.100751 0 -0.00207184)
(0.108361 0 -0.00252513)
(0.113655 0 -0.00314152)
(0.000145159 0 7.98362e-06)
(0.000424872 0 2.27965e-05)
(0.000722261 0 3.70144e-05)
(0.00106518 0 5.11247e-05)
(0.00147855 0 6.53301e-05)
(0.00198667 0 7.95659e-05)
(0.00261445 0 9.35096e-05)
(0.00338818 0 0.000106592)
(0.00433605 0 0.000118012)
(0.00548843 0 0.000126754)
(0.00687806 0 0.000131615)
(0.0085401 0 0.000131222)
(0.010512 0 0.000124058)
(0.0128334 0 0.000108476)
(0.0155456 0 8.26977e-05)
(0.0186908 0 4.48005e-05)
(0.0223111 0 -7.3137e-06)
(0.0264472 0 -7.59555e-05)
(0.0311362 0 -0.000163676)
(0.0364079 0 -0.000273246)
(0.0422799 0 -0.000407549)
(0.0487517 0 -0.00056941)
(0.055796 0 -0.000761369)
(0.0633427 0 -0.000985511)
(0.0712687 0 -0.00124383)
(0.079363 0 -0.00153969)
(0.0873278 0 -0.00188064)
(0.0947345 0 -0.0022832)
(0.101061 0 -0.00278101)
(0.105396 0 -0.00346617)
(0.000145443 0 8.10151e-06)
(0.000425458 0 2.31137e-05)
(0.000722443 0 3.7462e-05)
(0.00106384 0 5.1606e-05)
(0.00147409 0 6.57196e-05)
(0.00197696 0 7.97056e-05)
(0.0025967 0 9.32044e-05)
(0.00335878 0 0.000105605)
(0.0042904 0 0.000116058)
(0.0054207 0 0.000123495)
(0.00678089 0 0.000126653)
(0.00840422 0 0.000124097)
(0.0103258 0 0.000114247)
(0.0125822 0 9.53961e-05)
(0.0152109 0 6.57207e-05)
(0.0182496 0 2.32774e-05)
(0.021734 0 -3.40015e-05)
(0.0256969 0 -0.000108323)
(0.0301663 0 -0.000202044)
(0.035161 0 -0.000317641)
(0.0406831 0 -0.000457579)
(0.0467156 0 -0.000624185)
(0.0532154 0 -0.00081964)
(0.0600863 0 -0.00104581)
(0.0671979 0 -0.00130511)
(0.0743274 0 -0.00160048)
(0.0811565 0 -0.00193716)
(0.0873023 0 -0.00232692)
(0.0922848 0 -0.00279243)
(0.0953972 0 -0.00337596)
(0.000145284 0 8.17715e-06)
(0.00042474 0 2.33121e-05)
(0.000720327 0 3.77196e-05)
(0.00105892 0 5.18311e-05)
(0.00146432 0 6.57942e-05)
(0.00195958 0 7.94859e-05)
(0.00256806 0 9.25211e-05)
(0.00331417 0 0.000104263)
(0.00422376 0 0.000113837)
(0.00532434 0 0.000120152)
(0.0066451 0 0.000121924)
(0.00821676 0 0.000117706)
(0.0100713 0 0.000105914)
(0.0122416 0 8.48565e-05)
(0.0147604 0 5.27492e-05)
(0.01766 0 7.72473e-06)
(0.0209685 0 -5.21454e-05)
(0.0247094 0 -0.000128837)
(0.0289005 0 -0.000224393)
(0.0335517 0 -0.000340923)
(0.0386469 0 -0.000480377)
(0.0441505 0 -0.000644391)
(0.0500127 0 -0.000834877)
(0.0561281 0 -0.00105304)
(0.062334 0 -0.00129977)
(0.0684297 0 -0.00157671)
(0.0741289 0 -0.00188668)
(0.0790823 0 -0.00223484)
(0.0828769 0 -0.0026288)
(0.0850141 0 -0.00307561)
(0.000144575 0 8.20977e-06)
(0.000422411 0 2.33902e-05)
(0.000715409 0 3.77873e-05)
(0.0010497 0 5.18047e-05)
(0.00144832 0 6.55672e-05)
(0.00193339 0 7.89339e-05)
(0.0025272 0 9.15059e-05)
(0.00325282 0 0.000102637)
(0.00413449 0 0.000111452)
(0.00519772 0 0.000116864)
(0.00646926 0 0.000117607)
(0.00797684 0 0.000112263)
(0.00974877 0 9.93003e-05)
(0.0118133 0 7.71041e-05)
(0.0141981 0 4.40047e-05)
(0.0169307 0 -1.7265e-06)
(0.02003 0 -6.18089e-05)
(0.0235093 0 -0.000137882)
(0.0273741 0 -0.000231556)
(0.0316285 0 -0.00034465)
(0.036249 0 -0.000478562)
(0.0411798 0 -0.000634128)
(0.0463532 0 -0.000812305)
(0.0516665 0 -0.00101347)
(0.0569655 0 -0.00123758)
(0.0620561 0 -0.00148452)
(0.066691 0 -0.00175407)
(0.0705786 0 -0.00204577)
(0.0733971 0 -0.00235751)
(0.0748185 0 -0.00268169)
(0.000143224 0 8.19907e-06)
(0.000418209 0 2.3348e-05)
(0.000707267 0 3.76672e-05)
(0.00103563 0 5.15334e-05)
(0.00142538 0 6.50533e-05)
(0.00189756 0 7.80758e-05)
(0.00247319 0 9.02001e-05)
(0.00317382 0 0.000100788)
(0.00402179 0 0.000108983)
(0.00504035 0 0.000113731)
(0.0062535 0 0.000113815)
(0.00768565 0 0.000107887)
(0.00936106 0 9.4507e-05)
(0.011303 0 7.21886e-05)
(0.0135318 0 3.94482e-05)
(0.0160718 0 -5.30235e-06)
(0.0189367 0 -6.35218e-05)
(0.0221269 0 -0.000136452)
(0.0256417 0 -0.000225368)
(0.0294675 0 -0.000331408)
(0.0335759 0 -0.000455374)
(0.0379105 0 -0.000597665)
(0.0423944 0 -0.000758346)
(0.0469224 0 -0.000936951)
(0.0513538 0 -0.00113241)
(0.0555153 0 -0.00134307)
(0.0592015 0 -0.00156647)
(0.0621839 0 -0.00179883)
(0.0642299 0 -0.00203387)
(0.065133 0 -0.00226081)
(0.000141145 0 8.14493e-06)
(0.000411897 0 2.31859e-05)
(0.00069552 0 3.73611e-05)
(0.00101618 0 5.10225e-05)
(0.00139484 0 6.42631e-05)
(0.00185133 0 7.69295e-05)
(0.00240523 0 8.86304e-05)
(0.00307635 0 9.87511e-05)
(0.00388499 0 0.000106473)
(0.00485192 0 0.000110799)
(0.00599819 0 0.000110587)
(0.00734473 0 0.000104588)
(0.00891176 0 9.14879e-05)
(0.010718 0 6.99508e-05)
(0.0127795 0 3.86614e-05)
(0.0151095 0 -3.6652e-06)
(0.0177167 0 -5.81703e-05)
(0.0205984 0 -0.000125846)
(0.0237445 0 -0.000207527)
(0.0271335 0 -0.000303823)
(0.0307288 0 -0.000415017)
(0.0344733 0 -0.000540967)
(0.0382897 0 -0.000681079)
(0.0420783 0 -0.00083418)
(0.0457143 0 -0.000998425)
(0.0490514 0 -0.00117118)
(0.0519257 0 -0.00134882)
(0.0541667 0 -0.00152633)
(0.0556141 0 -0.00169675)
(0.0561424 0 -0.00185059)
(0.000138321 0 8.04906e-06)
(0.000403399 0 2.29076e-05)
(0.000680048 0 3.68754e-05)
(0.000991213 0 5.0282e-05)
(0.00135662 0 6.32116e-05)
(0.00179475 0 7.55153e-05)
(0.00232357 0 8.68219e-05)
(0.00296108 0 9.65532e-05)
(0.00372536 0 0.000103945)
(0.0046346 0 0.000108076)
(0.00570682 0 0.000107901)
(0.00695944 0 0.000102293)
(0.00840869 0 9.00837e-05)
(0.0100688 0 7.01149e-05)
(0.0119508 0 4.12799e-05)
(0.0140619 0 2.5634e-06)
(0.016404 0 -4.69034e-05)
(0.01897 0 -0.000107796)
(0.0217442 0 -0.000180572)
(0.0246997 0 -0.000265413)
(0.0277963 0 -0.000362156)
(0.0309777 0 -0.000470217)
(0.034171 0 -0.000588533)
(0.0372864 0 -0.000715475)
(0.0402178 0 -0.000848767)
(0.0428462 0 -0.000985383)
(0.045046 0 -0.00112144)
(0.0466944 0 -0.00125203)
(0.0476852 0 -0.00137111)
(0.0479446 0 -0.00147163)
(0.000134706 0 7.91222e-06)
(0.000392608 0 2.2516e-05)
(0.000660722 0 3.62163e-05)
(0.000960635 0 4.93228e-05)
(0.00131073 0 6.19147e-05)
(0.001728 0 7.38548e-05)
(0.00222879 0 8.48003e-05)
(0.00282914 0 9.422e-05)
(0.00354491 0 0.000101417)
(0.00439168 0 0.000105559)
(0.00538447 0 0.000105711)
(0.00653729 0 0.000100882)
(0.00786255 0 9.00625e-05)
(0.00937024 0 7.22786e-05)
(0.011067 0 4.66343e-05)
(0.0129551 0 1.23566e-05)
(0.015031 0 -3.11583e-05)
(0.0172839 0 -8.43025e-05)
(0.0196943 0 -0.000147219)
(0.0222329 0 -0.00021976)
(0.0248589 0 -0.000301432)
(0.0275191 0 -0.000391345)
(0.030148 0 -0.000488165)
(0.0326679 0 -0.000590057)
(0.0349917 0 -0.00069464)
(0.0370261 0 -0.000798952)
(0.0386779 0 -0.000899427)
(0.0398616 0 -0.000991913)
(0.040509 0 -0.00107178)
(0.0405791 0 -0.00113423)
(0.000130306 0 7.73584e-06)
(0.00037955 0 2.20154e-05)
(0.000637613 0 3.53906e-05)
(0.000924613 0 4.81537e-05)
(0.00125749 0 6.03831e-05)
(0.00165172 0 7.1958e-05)
(0.00212193 0 8.25708e-05)
(0.00268222 0 9.17452e-05)
(0.00334622 0 9.88598e-05)
(0.00412698 0 0.000103179)
(0.00503665 0 0.000103887)
(0.00608603 0 0.000100132)
(0.00728405 0 9.1067e-05)
(0.00863695 0 7.58975e-05)
(0.0101475 0 5.39266e-05)
(0.0118141 0 2.45975e-05)
(0.0136295 0 -1.2465e-05)
(0.0155801 0 -5.74173e-05)
(0.0176444 0 -0.000110163)
(0.0197927 0 -0.000170321)
(0.0219861 0 -0.000237188)
(0.0241765 0 -0.00030971)
(0.0263067 0 -0.000386457)
(0.0283125 0 -0.000465597)
(0.0301242 0 -0.000544893)
(0.0316712 0 -0.000621719)
(0.0328861 0 -0.000693107)
(0.0337112 0 -0.000755846)
(0.0341046 0 -0.000806662)
(0.0340457 0 -0.000842499)
(0.000125148 0 7.52157e-06)
(0.000364306 0 2.14101e-05)
(0.000610886 0 3.44051e-05)
(0.000883449 0 4.67834e-05)
(0.00119744 0 5.86253e-05)
(0.00156677 0 6.98305e-05)
(0.00200436 0 8.01308e-05)
(0.0025224 0 8.91095e-05)
(0.00313236 0 9.6225e-05)
(0.00384488 0 0.000100842)
(0.00466946 0 0.000102264)
(0.00561402 0 9.97789e-05)
(0.00668441 0 9.26926e-05)
(0.00788373 0 8.03789e-05)
(0.00921162 0 6.23185e-05)
(0.0106635 0 3.81386e-05)
(0.0122299 0 7.64868e-06)
(0.0138954 0 -2.91289e-05)
(0.0156383 0 -7.19324e-05)
(0.01743 0 -0.000120239)
(0.0192351 0 -0.000173247)
(0.0210114 0 -0.000229861)
(0.022711 0 -0.00028869)
(0.024282 0 -0.000348053)
(0.0256707 0 -0.000406004)
(0.0268248 0 -0.000460377)
(0.0276972 0 -0.000508868)
(0.0282503 0 -0.000549155)
(0.0284595 0 -0.000579061)
(0.028317 0 -0.000596764)
(0.000119281 0 7.27141e-06)
(0.000347029 0 2.07055e-05)
(0.000580827 0 3.32674e-05)
(0.000837622 0 4.52204e-05)
(0.00113133 0 5.66486e-05)
(0.00147431 0 6.74744e-05)
(0.0018778 0 7.74713e-05)
(0.00235216 0 8.62837e-05)
(0.00290684 0 9.34504e-05)
(0.00355026 0 9.84347e-05)
(0.00428952 0 0.000100657)
(0.00513006 0 9.95343e-05)
(0.00607512 0 9.45146e-05)
(0.00712529 0 8.51201e-05)
(0.00827786 0 7.09827e-05)
(0.00952632 0 5.18776e-05)
(0.0108597 0 2.77532e-05)
(0.0122623 0 -1.24573e-06)
(0.0137132 0 -3.47605e-05)
(0.0151861 0 -7.2207e-05)
(0.0166498 0 -0.000112771)
(0.0180686 0 -0.000155409)
(0.0194036 0 -0.000198866)
(0.0206141 0 -0.000241694)
(0.0216595 0 -0.000282297)
(0.0225024 0 -0.00031899)
(0.0231108 0 -0.000350084)
(0.0234611 0 -0.000373991)
(0.0235407 0 -0.000389353)
(0.0233487 0 -0.00039518)
(0.000112783 0 6.98762e-06)
(0.000327941 0 1.99073e-05)
(0.000547836 0 3.19857e-05)
(0.000787768 0 4.34734e-05)
(0.00106013 0 5.44598e-05)
(0.00137575 0 6.48901e-05)
(0.00174428 0 7.45799e-05)
(0.00217433 0 8.32334e-05)
(0.00267351 0 9.04673e-05)
(0.00324828 0 9.58385e-05)
(0.00390366 0 9.88754e-05)
(0.00464297 0 9.91117e-05)
(0.0054674 0 9.61211e-05)
(0.00637561 0 8.95514e-05)
(0.0073633 0 7.91564e-05)
(0.0084228 0 6.48237e-05)
(0.00954272 0 4.65969e-05)
(0.0107077 0 2.46925e-05)
(0.0118986 0 -4.90977e-07)
(0.013092 0 -2.83703e-05)
(0.0142614 0 -5.81829e-05)
(0.0153775 0 -8.89998e-05)
(0.0164094 0 -0.000119749)
(0.017326 0 -0.00014925)
(0.0180976 0 -0.000176259)
(0.0186981 0 -0.000199529)
(0.0191066 0 -0.000217883)
(0.0193093 0 -0.000230296)
(0.0193008 0 -0.000235985)
(0.0190847 0 -0.000234488)
(0.000105749 0 6.67274e-06)
(0.000307328 0 1.90221e-05)
(0.000512409 0 3.05691e-05)
(0.000734653 0 4.15524e-05)
(0.000984961 0 5.20661e-05)
(0.00127269 0 6.20781e-05)
(0.00160599 0 7.14439e-05)
(0.00199191 0 7.99244e-05)
(0.00243639 0 8.72085e-05)
(0.00294419 0 9.29388e-05)
(0.00351859 0 9.67398e-05)
(0.00416122 0 9.82481e-05)
(0.00487171 0 9.71426e-05)
(0.00564737 0 9.31733e-05)
(0.00648293 0 8.61873e-05)
(0.00737027 0 7.61508e-05)
(0.00829824 0 6.3165e-05)
(0.00925261 0 4.74763e-05)
(0.0102162 0 2.94793e-05)
(0.0111692 0 9.71231e-06)
(0.0120895 0 -1.11538e-05)
(0.0129538 0 -3.23352e-05)
(0.013738 0 -5.29628e-05)
(0.0144192 0 -7.2117e-05)
(0.0149761 0 -8.88725e-05)
(0.0153911 0 -0.000102349)
(0.0156513 0 -0.000111767)
(0.0157492 0 -0.000116508)
(0.0156841 0 -0.000116168)
(0.0154617 0 -0.000110603)
(9.82949e-05 0 6.32961e-06)
(0.000285522 0 1.80571e-05)
(0.000475124 0 2.90278e-05)
(0.00067915 0 3.94681e-05)
(0.000907067 0 4.94764e-05)
(0.00116686 0 5.9041e-05)
(0.00146528 0 6.8054e-05)
(0.00180798 0 7.63279e-05)
(0.00219948 0 8.36163e-05)
(0.00264308 0 8.96374e-05)
(0.00314068 0 9.40988e-05)
(0.00369262 0 9.67238e-05)
(0.00429739 0 9.72765e-05)
(0.0049515 0 9.55859e-05)
(0.00564924 0 9.15663e-05)
(0.00638255 0 8.52335e-05)
(0.00714103 0 7.67156e-05)
(0.00791198 0 6.62576e-05)
(0.00868059 0 5.422e-05)
(0.00943033 0 4.10697e-05)
(0.0101434 0 2.73662e-05)
(0.0108017 0 1.37395e-05)
(0.011387 0 8.6301e-07)
(0.0118828 0 -1.05786e-05)
(0.0122743 0 -1.9927e-05)
(0.0125501 0 -2.65895e-05)
(0.0127027 0 -3.00797e-05)
(0.0127289 0 -3.00551e-05)
(0.0126306 0 -2.63486e-05)
(0.0124142 0 -1.89879e-05)
(9.05484e-05 0 5.96134e-06)
(0.000262897 0 1.70206e-05)
(0.000436614 0 2.73734e-05)
(0.0006222 0 3.72336e-05)
(0.000827764 0 4.67022e-05)
(0.00106002 0 5.57852e-05)
(0.00132448 0 6.44068e-05)
(0.00162556 0 7.24247e-05)
(0.00196659 0 7.96486e-05)
(0.00234969 0 8.58612e-05)
(0.0027757 0 9.08395e-05)
(0.003244 0 9.43768e-05)
(0.00375239 0 9.63039e-05)
(0.00429696 0 9.65079e-05)
(0.00487197 0 9.49476e-05)
(0.00546987 0 9.16654e-05)
(0.00608129 0 8.6793e-05)
(0.00669525 0 8.05532e-05)
(0.00729935 0 7.32544e-05)
(0.0078802 0 6.52806e-05)
(0.00842386 0 5.70759e-05)
(0.00891642 0 4.91242e-05)
(0.00934471 0 4.19249e-05)
(0.00969692 0 3.59655e-05)
(0.00996334 0 3.16934e-05)
(0.0101369 0 2.94866e-05)
(0.0102138 0 2.96274e-05)
(0.0101935 0 3.22797e-05)
(0.0100791 0 3.74733e-05)
(0.0098771 0 4.50979e-05)
(8.26465e-05 0 5.57132e-06)
(0.000239848 0 1.59215e-05)
(0.000397546 0 2.56187e-05)
(0.000564774 0 3.4864e-05)
(0.000748385 0 4.37585e-05)
(0.000953937 0 5.23226e-05)
(0.00118586 0 6.05076e-05)
(0.00144752 0 6.82091e-05)
(0.00174125 0 7.52841e-05)
(0.00206827 0 8.15683e-05)
(0.00242862 0 8.68946e-05)
(0.00282107 0 9.11112e-05)
(0.00324304 0 9.40988e-05)
(0.00369054 0 9.57845e-05)
(0.00415812 0 9.61538e-05)
(0.00463895 0 9.52582e-05)
(0.0051249 0 9.3218e-05)
(0.00560673 0 9.02212e-05)
(0.00607436 0 8.65171e-05)
(0.00651718 0 8.24058e-05)
(0.00692453 0 7.82239e-05)
(0.0072861 0 7.43265e-05)
(0.00759249 0 7.10676e-05)
(0.00783566 0 6.8779e-05)
(0.00800943 0 6.77497e-05)
(0.00810981 0 6.8206e-05)
(0.00813531 0 7.02957e-05)
(0.00808699 0 7.40759e-05)
(0.00796854 0 7.95067e-05)
(0.00778596 0 8.64525e-05)
(7.47291e-05 0 5.16312e-06)
(0.000216779 0 1.47692e-05)
(0.000358593 0 2.37782e-05)
(0.000507843 0 3.23766e-05)
(0.000670236 0 4.0664e-05)
(0.000850304 0 4.86713e-05)
(0.00105153 0 5.63712e-05)
(0.00127643 0 6.36906e-05)
(0.00152654 0 7.05243e-05)
(0.0018024 0 7.67504e-05)
(0.00210352 0 8.22456e-05)
(0.0024283 0 8.68995e-05)
(0.00277405 0 9.0628e-05)
(0.00313692 0 9.33843e-05)
(0.00351198 0 9.51671e-05)
(0.00389326 0 9.60253e-05)
(0.00427391 0 9.6059e-05)
(0.00464637 0 9.54168e-05)
(0.00500262 0 9.42893e-05)
(0.00533449 0 9.28996e-05)
(0.00563402 0 9.14907e-05)
(0.00589378 0 9.03116e-05)
(0.00610727 0 8.96016e-05)
(0.00626922 0 8.95758e-05)
(0.00637596 0 9.04103e-05)
(0.00642553 0 9.22303e-05)
(0.0064179 0 9.51014e-05)
(0.00635496 0 9.90238e-05)
(0.00624039 0 0.000103932)
(0.00607954 0 0.000109697)
(6.69348e-05 0 4.7405e-06)
(0.000194089 0 1.3574e-05)
(0.000320415 0 2.18672e-05)
(0.00045234 0 2.9791e-05)
(0.000594547 0 3.7441e-05)
(0.000750672 0 4.48551e-05)
(0.000923409 0 5.20223e-05)
(0.00111457 0 5.88935e-05)
(0.00132508 0 6.53933e-05)
(0.00155501 0 7.14326e-05)
(0.00180352 0 7.69209e-05)
(0.00206889 0 8.17777e-05)
(0.00234848 0 8.59432e-05)
(0.00263876 0 8.93858e-05)
(0.00293543 0 9.21084e-05)
(0.00323342 0 9.41504e-05)
(0.00352711 0 9.55883e-05)
(0.00381048 0 9.6532e-05)
(0.00407732 0 9.71191e-05)
(0.00432149 0 9.75067e-05)
(0.0045372 0 9.78618e-05)
(0.00471924 0 9.83503e-05)
(0.00486328 0 9.91263e-05)
(0.00496607 0 0.000100322)
(0.00502561 0 0.000102037)
(0.00504128 0 0.000104334)
(0.00501387 0 0.000107234)
(0.00494556 0 0.000110712)
(0.00483981 0 0.000114703)
(0.00470118 0 0.000119104)
(5.93959e-05 0 4.3072e-06)
(0.000172159 0 1.23462e-05)
(0.000283635 0 1.99015e-05)
(0.000399134 0 2.71279e-05)
(0.000522439 0 3.41146e-05)
(0.000656421 0 4.0903e-05)
(0.000803117 0 4.74936e-05)
(0.000963783 0 5.38554e-05)
(0.00113891 0 5.99352e-05)
(0.00132825 0 6.56684e-05)
(0.0015308 0 7.09883e-05)
(0.00174482 0 7.58358e-05)
(0.00196789 0 8.01663e-05)
(0.00219691 0 8.39565e-05)
(0.0024282 0 8.72076e-05)
(0.00265762 0 8.99471e-05)
(0.00288066 0 9.2228e-05)
(0.00309264 0 9.41258e-05)
(0.00328889 0 9.57335e-05)
(0.0034649 0 9.71556e-05)
(0.00361657 0 9.85006e-05)
(0.00374041 0 9.98731e-05)
(0.00383364 0 0.000101367)
(0.00389441 0 0.000103058)
(0.00392183 0 0.000105)
(0.00391607 0 0.00010722)
(0.00387835 0 0.000109716)
(0.00381082 0 0.000112462)
(0.00371656 0 0.000115403)
(0.00359936 0 0.000118468)
(5.22352e-05 0 3.86677e-06)
(0.000151342 0 1.10957e-05)
(0.000248825 0 1.78969e-05)
(0.000349009 0 2.44082e-05)
(0.000454903 0 3.07109e-05)
(0.000568732 0 3.68467e-05)
(0.000692006 0 4.28236e-05)
(0.000825557 0 4.8623e-05)
(0.000969571 0 5.42083e-05)
(0.0011236 0 5.95322e-05)
(0.00128661 0 6.45453e-05)
(0.00145697 0 6.92024e-05)
(0.00163253 0 7.34691e-05)
(0.00181064 0 7.73251e-05)
(0.00198829 0 8.07677e-05)
(0.00216215 0 8.38122e-05)
(0.00232872 0 8.6491e-05)
(0.00248445 0 8.88515e-05)
(0.00262589 0 9.09518e-05)
(0.00274985 0 9.28566e-05)
(0.00285354 0 9.46319e-05)
(0.00293467 0 9.63399e-05)
(0.0029916 0 9.80341e-05)
(0.0030234 0 9.9756e-05)
(0.00302989 0 0.000101532)
(0.00301168 0 0.000103371)
(0.00297009 0 0.000105268)
(0.00290714 0 0.0001072)
(0.00282544 0 0.000109132)
(0.00272807 0 0.00011102)
(4.55635e-05 0 3.42239e-06)
(0.000131955 0 9.83136e-06)
(0.000216492 0 1.58677e-05)
(0.000302652 0 2.16515e-05)
(0.000392782 0 2.72549e-05)
(0.000488579 0 3.27178e-05)
(0.000591136 0 3.80518e-05)
(0.000700971 0 4.32471e-05)
(0.000818067 0 4.82779e-05)
(0.000941895 0 5.31097e-05)
(0.00107145 0 5.77047e-05)
(0.00120527 0 6.20275e-05)
(0.00134153 0 6.60494e-05)
(0.00147804 0 6.97512e-05)
(0.00161239 0 7.31257e-05)
(0.00174198 0 7.61776e-05)
(0.00186414 0 7.8923e-05)
(0.00197628 0 8.13877e-05)
(0.00207592 0 8.36043e-05)
(0.00216087 0 8.56095e-05)
(0.0022293 0 8.74402e-05)
(0.0022798 0 8.91308e-05)
(0.00231149 0 9.07102e-05)
(0.00232406 0 9.22e-05)
(0.00231771 0 9.36127e-05)
(0.00229326 0 9.49522e-05)
(0.00225199 0 9.62138e-05)
(0.00219568 0 9.73856e-05)
(0.00212648 0 9.84509e-05)
(0.00204684 0 9.93905e-05)
(3.94783e-05 0 2.97655e-06)
(0.000114278 0 8.56025e-06)
(0.000187083 0 1.38251e-05)
(0.000260647 0 1.88736e-05)
(0.000336776 0 2.37679e-05)
(0.000416737 0 2.85438e-05)
(0.000501299 0 3.32144e-05)
(0.000590759 0 3.77749e-05)
(0.000684978 0 4.22074e-05)
(0.000783409 0 4.64856e-05)
(0.000885136 0 5.05802e-05)
(0.000988913 0 5.44622e-05)
(0.00109322 0 5.81066e-05)
(0.0011963 0 6.14946e-05)
(0.00129628 0 6.46152e-05)
(0.00139118 0 6.74649e-05)
(0.00147905 0 7.00483e-05)
(0.001558 0 7.23758e-05)
(0.00162634 0 7.44629e-05)
(0.00168262 0 7.63275e-05)
(0.00172569 0 7.79884e-05)
(0.00175478 0 7.94629e-05)
(0.00176949 0 8.07662e-05)
(0.00176987 0 8.19094e-05)
(0.00175635 0 8.29e-05)
(0.00172977 0 8.37415e-05)
(0.00169131 0 8.44343e-05)
(0.00164247 0 8.4977e-05)
(0.00158498 0 8.53675e-05)
(0.00152074 0 8.56047e-05)
(3.40647e-05 0 2.53073e-06)
(9.85554e-05 0 7.28666e-06)
(0.000160979 0 1.17763e-05)
(0.000223493 0 1.60848e-05)
(0.00028746 0 2.02636e-05)
(0.000353809 0 2.43438e-05)
(0.000423067 0 2.83377e-05)
(0.000495378 0 3.22435e-05)
(0.000570541 0 3.6048e-05)
(0.000648035 0 3.97312e-05)
(0.000727064 0 4.32695e-05)
(0.000806593 0 4.66388e-05)
(0.000885398 0 4.98169e-05)
(0.000962118 0 5.27854e-05)
(0.00103532 0 5.55307e-05)
(0.00110354 0 5.80447e-05)
(0.00116539 0 6.03238e-05)
(0.00121956 0 6.23692e-05)
(0.00126493 0 6.41854e-05)
(0.00130057 0 6.57792e-05)
(0.00132585 0 6.71586e-05)
(0.00134038 0 6.83318e-05)
(0.0013441 0 6.93066e-05)
(0.00133724 0 7.009e-05)
(0.00132033 0 7.06884e-05)
(0.00129416 0 7.11072e-05)
(0.00125977 0 7.13523e-05)
(0.00121837 0 7.14304e-05)
(0.00117132 0 7.13496e-05)
(0.00112011 0 7.11209e-05)
(2.93967e-05 0 2.08512e-06)
(8.49999e-05 0 6.01107e-06)
(0.000138513 0 9.72226e-06)
(0.000191614 0 1.32866e-05)
(0.000245313 0 1.67454e-05)
(0.000300279 0 2.01237e-05)
(0.000356861 0 2.34325e-05)
(0.000415103 0 2.66709e-05)
(0.00047478 0 2.98293e-05)
(0.000535426 0 3.28919e-05)
(0.000596371 0 3.58396e-05)
(0.000656776 0 3.86524e-05)
(0.000715685 0 4.13107e-05)
(0.000772062 0 4.37973e-05)
(0.000824844 0 4.6098e-05)
(0.000872988 0 4.82018e-05)
(0.000915519 0 5.01015e-05)
(0.000951575 0 5.17928e-05)
(0.000980443 0 5.32743e-05)
(0.00100159 0 5.45468e-05)
(0.0010147 0 5.56127e-05)
(0.00101966 0 5.64757e-05)
(0.00101659 0 5.71405e-05)
(0.00100583 0 5.76126e-05)
(0.000987899 0 5.78987e-05)
(0.000963521 0 5.80066e-05)
(0.000933556 0 5.7946e-05)
(0.000898985 0 5.77284e-05)
(0.000860871 0 5.7368e-05)
(0.000820328 0 5.68818e-05)
(2.55407e-05 0 1.63828e-06)
(7.38042e-05 0 4.7293e-06)
(0.000119987 0 7.65604e-06)
(0.000165393 0 1.04699e-05)
(0.000210763 0 1.32022e-05)
(0.000256571 0 1.58719e-05)
(0.000303036 0 1.84877e-05)
(0.000350143 0 2.10491e-05)
(0.000397667 0 2.35489e-05)
(0.000445202 0 2.59749e-05)
(0.000492198 0 2.83119e-05)
(0.00053799 0 3.05434e-05)
(0.000581841 0 3.26532e-05)
(0.000622979 0 3.4626e-05)
(0.000660635 0 3.64483e-05)
(0.00069408 0 3.81092e-05)
(0.000722663 0 3.96e-05)
(0.000745835 0 4.09145e-05)
(0.000763179 0 4.20486e-05)
(0.000774429 0 4.30004e-05)
(0.000779477 0 4.377e-05)
(0.00077838 0 4.4359e-05)
(0.000771357 0 4.47709e-05)
(0.000758777 0 4.50108e-05)
(0.000741146 0 4.50856e-05)
(0.000719083 0 4.50044e-05)
(0.0006933 0 4.4778e-05)
(0.000664577 0 4.44202e-05)
(0.000633735 0 4.39467e-05)
(0.000601615 0 4.33759e-05)
(2.25591e-05 0 1.18692e-06)
(6.51525e-05 0 3.43166e-06)
(0.000105695 0 5.56164e-06)
(0.000145212 0 7.61241e-06)
(0.000184246 0 9.60549e-06)
(0.000223129 0 1.15543e-05)
(0.000261993 0 1.34648e-05)
(0.000300786 0 1.53366e-05)
(0.000339295 0 1.71644e-05)
(0.000377171 0 1.89392e-05)
(0.000413963 0 2.06497e-05)
(0.000449145 0 2.22834e-05)
(0.000482152 0 2.38276e-05)
(0.000512411 0 2.52701e-05)
(0.000539371 0 2.65999e-05)
(0.000562532 0 2.78074e-05)
(0.00058147 0 2.88848e-05)
(0.000595857 0 2.98258e-05)
(0.000605477 0 3.06262e-05)
(0.000610234 0 3.12835e-05)
(0.000610158 0 3.17967e-05)
(0.000605401 0 3.2167e-05)
(0.000596231 0 3.23968e-05)
(0.000583022 0 3.24908e-05)
(0.000566236 0 3.24552e-05)
(0.000546408 0 3.22985e-05)
(0.000524128 0 3.20308e-05)
(0.000500017 0 3.16646e-05)
(0.000474716 0 3.12141e-05)
(0.000448865 0 3.06956e-05)
(2.05135e-05 0 7.25787e-07)
(5.92305e-05 0 2.10255e-06)
(9.59453e-05 0 3.41278e-06)
(0.000131492 0 4.67678e-06)
(0.000166271 0 5.90702e-06)
(0.000200517 0 7.11139e-06)
(0.000234305 0 8.29335e-06)
(0.000267564 0 9.45256e-06)
(0.000300092 0 1.05856e-05)
(0.000331586 0 1.16868e-05)
(0.000361665 0 1.27489e-05)
(0.000389901 0 1.37638e-05)
(0.000415848 0 1.47233e-05)
(0.000439067 0 1.56191e-05)
(0.000459151 0 1.64439e-05)
(0.000475753 0 1.7191e-05)
(0.000488595 0 1.78548e-05)
(0.00049749 0 1.84306e-05)
(0.000502345 0 1.89154e-05)
(0.00050317 0 1.93069e-05)
(0.000500073 0 1.96043e-05)
(0.000493259 0 1.98082e-05)
(0.000483019 0 1.99204e-05)
(0.000469717 0 1.99441e-05)
(0.000453778 0 1.98837e-05)
(0.000435674 0 1.97454e-05)
(0.000415907 0 1.95365e-05)
(0.000394991 0 1.92657e-05)
(0.000373443 0 1.89433e-05)
(0.000351767 0 1.85806e-05)
(1.9464e-05 0 2.47962e-07)
(5.62267e-05 0 7.20685e-07)
(9.10894e-05 0 1.17268e-06)
(0.000124744 0 1.61004e-06)
(0.000157491 0 2.03688e-06)
(0.000189511 0 2.45582e-06)
(0.000220851 0 2.86798e-06)
(0.000251427 0 3.27317e-06)
(0.000281047 0 3.67016e-06)
(0.00030943 0 4.05686e-06)
(0.000336234 0 4.43063e-06)
(0.00036108 0 4.78854e-06)
(0.000383582 0 5.12748e-06)
(0.000403369 0 5.44444e-06)
(0.00042011 0 5.73656e-06)
(0.000433528 0 6.00128e-06)
(0.000443423 0 6.23638e-06)
(0.000449674 0 6.44005e-06)
(0.00045225 0 6.61094e-06)
(0.00045121 0 6.74816e-06)
(0.0004467 0 6.8513e-06)
(0.000438949 0 6.92046e-06)
(0.000428256 0 6.95628e-06)
(0.000414978 0 6.95993e-06)
(0.000399522 0 6.93312e-06)
(0.000382325 0 6.87811e-06)
(0.000363846 0 6.7977e-06)
(0.000344549 0 6.69521e-06)
(0.000324896 0 6.57446e-06)
(0.000305336 0 6.43973e-06)
(0.119968 0 -0.00309211)
(0.1198 0 -0.0065027)
(0.119603 0 -0.00990172)
(0.115213 0 -0.00427617)
(0.115334 0 -0.00578084)
(0.115159 0 -0.00740998)
(0.106231 0 -0.00433093)
(0.106319 0 -0.00507785)
(0.106484 0 -0.00592267)
(0.0957785 0 -0.00394926)
(0.0958517 0 -0.00438399)
(0.0962368 0 -0.0048888)
(0.0851074 0 -0.00344779)
(0.0851463 0 -0.0037206)
(0.0856157 0 -0.00404803)
(0.0747246 0 -0.00292285)
(0.0747294 0 -0.0031004)
(0.0752188 0 -0.00332343)
(0.0649188 0 -0.0024155)
(0.0648971 0 -0.00253268)
(0.0653766 0 -0.00269014)
(0.0558527 0 -0.00194753)
(0.055809 0 -0.00202497)
(0.0562563 0 -0.00213835)
(0.0476119 0 -0.00152985)
(0.0475516 0 -0.00158054)
(0.0479565 0 -0.00166313)
(0.0402276 0 -0.00116661)
(0.0401564 0 -0.00119914)
(0.0405153 0 -0.00125964)
(0.0336937 0 -0.000857897)
(0.0336169 0 -0.000878082)
(0.0339312 0 -0.00092253)
(0.0279767 0 -0.000601253)
(0.0278977 0 -0.000613042)
(0.0281689 0 -0.000645664)
(0.0230293 0 -0.000393063)
(0.0229515 0 -0.000399308)
(0.0231817 0 -0.000423051)
(0.0187924 0 -0.000228743)
(0.0187187 0 -0.000231435)
(0.0189123 0 -0.0002486)
(0.015199 0 -0.000103265)
(0.0151303 0 -0.000103792)
(0.0152911 0 -0.000116019)
(0.0121818 0 -1.13954e-05)
(0.0121189 0 -1.06935e-05)
(0.0122518 0 -1.92466e-05)
(0.00967536 0 5.20786e-05)
(0.00961957 0 5.33325e-05)
(0.00972818 0 4.7519e-05)
(0.00761361 0 9.23537e-05)
(0.0075651 0 9.37423e-05)
(0.00765299 0 8.99428e-05)
(0.00593444 0 0.000114332)
(0.005893 0 0.000115612)
(0.0059635 0 0.000113272)
(0.0045807 0 0.000122478)
(0.00454588 0 0.000123527)
(0.00460194 0 0.000122225)
(0.00350066 0 0.000120707)
(0.00347184 0 0.000121486)
(0.00351604 0 0.000120899)
(0.00264823 0 0.000112317)
(0.00262473 0 0.000112836)
(0.00265929 0 0.000112721)
(0.00198307 0 9.99607e-05)
(0.00196417 0 0.000100258)
(0.00199095 0 0.000100435)
(0.00147037 0 8.56595e-05)
(0.00145536 0 8.57861e-05)
(0.00147597 0 8.6122e-05)
(0.00108069 0 7.085e-05)
(0.00106892 0 7.0858e-05)
(0.00108467 0 7.1258e-05)
(0.000789672 0 5.64444e-05)
(0.000780499 0 5.63813e-05)
(0.000792511 0 5.67793e-05)
(0.000577722 0 4.28995e-05)
(0.000570577 0 4.28052e-05)
(0.000579785 0 4.31564e-05)
(0.000429917 0 3.02783e-05)
(0.000424266 0 3.01845e-05)
(0.000431462 0 3.04586e-05)
(0.000336048 0 1.82955e-05)
(0.000331367 0 1.82264e-05)
(0.000337234 0 1.84021e-05)
(0.000291267 0 6.33755e-06)
(0.000286881 0 6.3114e-06)
(0.00029193 0 6.37388e-06)
(0.117587 0 -0.0103437)
(0.113481 0 -0.010099)
(0.106806 0 -0.00944413)
(0.0990511 0 -0.00861364)
(0.0908285 0 -0.0077221)
(0.0824786 0 -0.00682446)
(0.0742357 0 -0.00595206)
(0.0662634 0 -0.00512533)
(0.0586674 0 -0.00435591)
(0.0515247 0 -0.00365115)
(0.044887 0 -0.00301548)
(0.0387879 0 -0.00245108)
(0.0332404 0 -0.00195762)
(0.0282453 0 -0.0015332)
(0.0237941 0 -0.00117454)
(0.0198681 0 -0.000877119)
(0.0164401 0 -0.000635446)
(0.0134773 0 -0.00044344)
(0.0109425 0 -0.000294702)
(0.00879605 0 -0.000182776)
(0.00699723 0 -0.000101405)
(0.00550528 0 -4.4733e-05)
(0.00428039 0 -7.46921e-06)
(0.00328427 0 1.49979e-05)
(0.00248056 0 2.65411e-05)
(0.00183482 0 3.02801e-05)
(0.00131421 0 2.86078e-05)
(0.000886682 0 2.32493e-05)
(0.000519534 0 1.53472e-05)
(0.000176964 0 5.57864e-06)
(0.114075 0 -0.00871932)
(0.109898 0 -0.00883794)
(0.103874 0 -0.00846369)
(0.0967127 0 -0.00784701)
(0.0889445 0 -0.00711089)
(0.0809419 0 -0.00632876)
(0.0729887 0 -0.00554783)
(0.0652663 0 -0.00479598)
(0.0578703 0 -0.00408773)
(0.050887 0 -0.00343369)
(0.0443794 0 -0.0028405)
(0.0383891 0 -0.00231204)
(0.0329313 0 -0.00184863)
(0.02801 0 -0.00144896)
(0.0236183 0 -0.00111031)
(0.0197397 0 -0.000828771)
(0.0163493 0 -0.000599476)
(0.0134158 0 -0.000416933)
(0.0109036 0 -0.000275285)
(0.00877437 0 -0.000168571)
(0.00698817 0 -9.09647e-05)
(0.00550514 0 -3.69767e-05)
(0.00428615 0 -1.61812e-06)
(0.00329352 0 1.94849e-05)
(0.00249139 0 3.00239e-05)
(0.00184573 0 3.29852e-05)
(0.00132404 0 3.06664e-05)
(0.000894526 0 2.47249e-05)
(0.00052467 0 1.62555e-05)
(0.000178811 0 5.89773e-06)
(0.106491 0 -0.00700737)
(0.103467 0 -0.00744315)
(0.0984752 0 -0.00733097)
(0.0922678 0 -0.00693082)
(0.0853251 0 -0.00637149)
(0.0780165 0 -0.00573227)
(0.0706266 0 -0.00506592)
(0.0633501 0 -0.0044051)
(0.0563214 0 -0.00377128)
(0.0496369 0 -0.00317836)
(0.043382 0 -0.00263657)
(0.0376053 0 -0.00215108)
(0.0323196 0 -0.00172281)
(0.0275378 0 -0.00135178)
(0.0232588 0 -0.00103621)
(0.0194705 0 -0.000772999)
(0.0161517 0 -0.00055803)
(0.0132745 0 -0.000386482)
(0.010806 0 -0.000253114)
(0.00870991 0 -0.000152514)
(0.00694849 0 -7.93398e-05)
(0.00548344 0 -2.85131e-05)
(0.00427703 0 4.61337e-06)
(0.00329272 0 2.41403e-05)
(0.0024956 0 3.35477e-05)
(0.0018524 0 3.56636e-05)
(0.00133124 0 3.26706e-05)
(0.000900825 0 2.61446e-05)
(0.000528994 0 1.71225e-05)
(0.000180393 0 6.2006e-06)
(0.0969107 0 -0.00564885)
(0.0951438 0 -0.00614022)
(0.0913551 0 -0.00619428)
(0.0862612 0 -0.0059704)
(0.0803193 0 -0.00557348)
(0.0738836 0 -0.0050758)
(0.0672319 0 -0.00452855)
(0.0605735 0 -0.00396724)
(0.0540639 0 -0.00341653)
(0.0478183 0 -0.00289334)
(0.0419262 0 -0.0024094)
(0.0364433 0 -0.00197117)
(0.0314024 0 -0.00158194)
(0.0268221 0 -0.0012428)
(0.0227075 0 -0.000953005)
(0.0190519 0 -0.000710323)
(0.0158392 0 -0.000511454)
(0.0130458 0 -0.000352315)
(0.0106426 0 -0.000228334)
(0.00859675 0 -0.000134698)
(0.00687321 0 -6.65874e-05)
(0.0054361 0 -1.93783e-05)
(0.00424973 0 1.12006e-05)
(0.00327926 0 2.89452e-05)
(0.00249115 0 3.70962e-05)
(0.00185328 0 3.83003e-05)
(0.0013347 0 3.46072e-05)
(0.000904811 0 2.74975e-05)
(0.000532047 0 1.79407e-05)
(0.000181546 0 6.48442e-06)
(0.0866326 0 -0.00457809)
(0.0858424 0 -0.00501078)
(0.0831769 0 -0.00513897)
(0.0791984 0 -0.00503618)
(0.0743045 0 -0.0047707)
(0.0688194 0 -0.00439895)
(0.0630063 0 -0.00396526)
(0.0570749 0 -0.00350325)
(0.0511892 0 -0.00303788)
(0.0454757 0 -0.00258723)
(0.0400305 0 -0.00216403)
(0.034921 0 -0.00177638)
(0.0301917 0 -0.00142906)
(0.0258696 0 -0.00112431)
(0.0219671 0 -0.000862366)
(0.0184839 0 -0.000641955)
(0.01541 0 -0.000460617)
(0.0127271 0 -0.000315046)
(0.0104106 0 -0.000201371)
(0.0084318 0 -0.00011541)
(0.00675936 0 -5.29028e-05)
(0.00536043 0 -9.70353e-06)
(0.00420191 0 1.80547e-05)
(0.00325115 0 3.38377e-05)
(0.00247643 0 4.06249e-05)
(0.00184712 0 4.08626e-05)
(0.00133345 0 3.64516e-05)
(0.000905807 0 2.87659e-05)
(0.00053342 0 1.86995e-05)
(0.000182136 0 6.7457e-06)
(0.0763816 0 -0.00370252)
(0.0762662 0 -0.00405425)
(0.0745221 0 -0.00420114)
(0.071548 0 -0.00417155)
(0.0676542 0 -0.0040033)
(0.0631163 0 -0.00373526)
(0.058171 0 -0.00340204)
(0.0530164 0 -0.00303243)
(0.0478144 0 -0.00264935)
(0.0426948 0 -0.00227038)
(0.0377586 0 -0.00190845)
(0.0330815 0 -0.00157256)
(0.0287167 0 -0.00126847)
(0.0246994 0 -0.000999404)
(0.0210492 0 -0.000766549)
(0.0177731 0 -0.00056951)
(0.0148671 0 -0.000406663)
(0.0123187 0 -0.000275471)
(0.0101087 0 -0.000172772)
(0.00821318 0 -9.50254e-05)
(0.0066047 0 -3.85375e-05)
(0.00525412 0 3.41581e-07)
(0.00413138 0 2.50597e-05)
(0.00320644 0 3.87366e-05)
(0.00244977 0 4.40748e-05)
(0.00183253 0 4.33062e-05)
(0.00132643 0 3.81709e-05)
(0.000903053 0 2.99262e-05)
(0.000532654 0 1.93839e-05)
(0.000182004 0 6.97899e-06)
(0.06657 0 -0.00296946)
(0.0668855 0 -0.0032475)
(0.0658433 0 -0.00338723)
(0.0637105 0 -0.00339755)
(0.0607086 0 -0.00329689)
(0.0570554 0 -0.00310955)
(0.0529516 0 -0.00286042)
(0.048574 0 -0.00257227)
(0.0440738 0 -0.00226457)
(0.0395771 0 -0.00195319)
(0.0351856 0 -0.00165044)
(0.0309787 0 -0.00136541)
(0.0270156 0 -0.00110435)
(0.023338 0 -0.000871164)
(0.019972 0 -0.00066779)
(0.0169311 0 -0.000494607)
(0.0142175 0 -0.00035075)
(0.0118247 0 -0.000234414)
(0.009739 0 -0.000143116)
(0.00794131 0 -7.39418e-05)
(0.00640883 0 -2.37643e-05)
(0.00511629 0 1.05719e-05)
(0.00403706 0 3.20901e-05)
(0.00314403 0 4.35561e-05)
(0.00241014 0 4.73866e-05)
(0.00180863 0 4.55894e-05)
(0.00131291 0 3.97351e-05)
(0.000896013 0 3.09577e-05)
(0.000529411 0 1.99815e-05)
(0.000181027 0 7.17988e-06)
(0.057418 0 -0.00234876)
(0.0579933 0 -0.00256734)
(0.0574617 0 -0.00269062)
(0.0559993 0 -0.00272051)
(0.0537538 0 -0.00266489)
(0.0508869 0 -0.00253788)
(0.0475594 0 -0.00235624)
(0.043921 0 -0.0021369)
(0.0401063 0 -0.00189543)
(0.0362317 0 -0.00164529)
(0.032395 0 -0.00139751)
(0.0286755 0 -0.00116066)
(0.025135 0 -0.000941012)
(0.0218191 0 -0.000742791)
(0.0187593 0 -0.00056845)
(0.0159743 0 -0.000418968)
(0.0134722 0 -0.000294125)
(0.0112521 0 -0.000192761)
(0.00930548 0 -0.000113025)
(0.00761842 0 -5.25936e-05)
(0.00617266 0 -8.881e-06)
(0.00494704 0 2.07852e-05)
(0.00391857 0 3.90092e-05)
(0.00306329 0 4.82038e-05)
(0.00235684 0 5.04969e-05)
(0.00177474 0 4.7668e-05)
(0.00129232 0 4.11136e-05)
(0.000884239 0 3.18398e-05)
(0.000523403 0 2.048e-05)
(0.000179104 0 7.34409e-06)
(0.0490478 0 -0.00182375)
(0.0497629 0 -0.0019957)
(0.0495888 0 -0.00210067)
(0.0486412 0 -0.00213857)
(0.0470131 0 -0.00211205)
(0.0448182 0 -0.00202884)
(0.0421788 0 -0.00189968)
(0.0392162 0 -0.00173654)
(0.0360446 0 -0.00155127)
(0.0327671 0 -0.00135473)
(0.0294736 0 -0.00115629)
(0.0262396 0 -0.000963613)
(0.0231265 0 -0.000782594)
(0.0201817 0 -0.000617463)
(0.0174397 0 -0.000470927)
(0.0149235 0 -0.000344377)
(0.0126459 0 -0.000238093)
(0.0106108 0 -0.000151459)
(0.00881481 0 -8.31736e-05)
(0.00724866 0 -3.14534e-05)
(0.00589861 0 5.78562e-06)
(0.00474762 0 3.07582e-05)
(0.00377641 0 4.56661e-05)
(0.00296426 0 5.25779e-05)
(0.00228964 0 5.33371e-05)
(0.00173052 0 4.94956e-05)
(0.00126429 0 4.2275e-05)
(0.00086743 0 3.25517e-05)
(0.00051443 0 2.08674e-05)
(0.00017616 0 7.46755e-06)
(0.0415142 0 -0.00138311)
(0.0422866 0 -0.00151852)
(0.0423522 0 -0.00160622)
(0.041788 0 -0.00164581)
(0.0406484 0 -0.00163758)
(0.0390096 0 -0.00158547)
(0.0369607 0 -0.00149611)
(0.0345956 0 -0.00137763)
(0.0320075 0 -0.00123867)
(0.029284 0 -0.00108765)
(0.0265046 0 -0.00093219)
(0.0237385 0 -0.000778816)
(0.0210437 0 -0.000632797)
(0.0184673 0 -0.00049811)
(0.016045 0 -0.000377496)
(0.0138025 0 -0.000272566)
(0.011756 0 -0.00018395)
(0.0099134 0 -0.000111458)
(0.00827568 0 -5.42503e-05)
(0.0068379 0 -1.10098e-05)
(0.0055905 0 1.98943e-05)
(0.00452039 0 4.02567e-05)
(0.0036119 0 5.1902e-05)
(0.00284758 0 5.65719e-05)
(0.00220878 0 5.58359e-05)
(0.00167596 0 5.10248e-05)
(0.00122873 0 4.31879e-05)
(0.000845444 0 3.30736e-05)
(0.00050238 0 2.11323e-05)
(0.000172155 0 7.54648e-06)
(0.0348265 0 -0.00101767)
(0.0356003 0 -0.00112423)
(0.0358175 0 -0.00119661)
(0.0355302 0 -0.00123456)
(0.034767 0 -0.0012374)
(0.0335763 0 -0.00120695)
(0.03202 0 -0.00114714)
(0.0301685 0 -0.0010633)
(0.0280947 0 -0.000961564)
(0.0258706 0 -0.000848191)
(0.0235638 0 -0.000729161)
(0.0212355 0 -0.000609816)
(0.0189386 0 -0.000494658)
(0.0167177 0 -0.000387245)
(0.0146081 0 -0.000290172)
(0.0126366 0 -0.000205114)
(0.0108216 0 -0.000132906)
(0.00917405 0 -7.36671e-05)
(0.00769841 0 -2.69211e-05)
(0.00639344 0 8.25714e-06)
(0.00525335 0 3.31063e-05)
(0.00426867 0 4.90459e-05)
(0.00342717 0 5.75571e-05)
(0.00271455 0 6.00788e-05)
(0.00211497 0 5.79227e-05)
(0.00161143 0 5.22092e-05)
(0.00118575 0 4.38223e-05)
(0.000818306 0 3.33868e-05)
(0.000487242 0 2.12646e-05)
(0.000167081 0 7.5776e-06)
(0.0289619 0 -0.000719197)
(0.0297003 0 -0.000802745)
(0.0300052 0 -0.000861893)
(0.0299113 0 -0.000896535)
(0.029431 0 -0.000905661)
(0.0285926 0 -0.000889954)
(0.0274377 0 -0.000851637)
(0.0260167 0 -0.000794125)
(0.0243849 0 -0.000721606)
(0.0225995 0 -0.000638623)
(0.0207162 0 -0.000549706)
(0.0187871 0 -0.000459078)
(0.016859 0 -0.000370439)
(0.0149724 0 -0.000286838)
(0.0131611 0 -0.000210608)
(0.0114513 0 -0.000143359)
(0.0098626 0 -8.60173e-05)
(0.00840795 0 -3.88967e-05)
(0.00709436 0 -1.79444e-06)
(0.00592361 0 2.59022e-05)
(0.00489311 0 4.5103e-05)
(0.00399663 0 5.69032e-05)
(0.00322504 0 6.24794e-05)
(0.00256699 0 6.29966e-05)
(0.00200936 0 5.95306e-05)
(0.00153759 0 5.30057e-05)
(0.00113574 0 4.41512e-05)
(0.000786212 0 3.3475e-05)
(0.000469105 0 2.12556e-05)
(0.000160968 0 7.55824e-06)
(0.0238729 0 -0.000479531)
(0.0245568 0 -0.000544875)
(0.0249042 0 -0.000592785)
(0.02494 0 -0.000623378)
(0.0246667 0 -0.000635639)
(0.0240993 0 -0.000629667)
(0.0232641 0 -0.000606651)
(0.022196 0 -0.000568706)
(0.0209356 0 -0.000518625)
(0.0195268 0 -0.000459609)
(0.0180141 0 -0.000394992)
(0.0164406 0 -0.000328005)
(0.0148463 0 -0.00026159)
(0.0132671 0 -0.000198262)
(0.0117336 0 -0.000140026)
(0.0102709 0 -8.83422e-05)
(0.00889858 0 -4.41331e-05)
(0.00763047 0 -7.82029e-06)
(0.00647537 0 2.06122e-05)
(0.00543735 0 4.15386e-05)
(0.00451641 0 5.56035e-05)
(0.00370904 0 6.363e-05)
(0.00300887 0 6.65322e-05)
(0.00240722 0 6.52342e-05)
(0.00189349 0 6.06001e-05)
(0.00145544 0 5.33769e-05)
(0.00107931 0 4.41519e-05)
(0.000749523 0 3.33251e-05)
(0.000448161 0 2.10988e-05)
(0.000153876 0 7.48647e-06)
(0.019508 0 -0.000291738)
(0.0201239 0 -0.000342335)
(0.0204821 0 -0.000380699)
(0.0205998 0 -0.000406995)
(0.0204735 0 -0.000420312)
(0.0201098 0 -0.00042047)
(0.0195239 0 -0.000408047)
(0.0187392 0 -0.000384305)
(0.0177843 0 -0.00035106)
(0.016692 0 -0.000310505)
(0.0154968 0 -0.000265028)
(0.0142333 0 -0.000217033)
(0.0129349 0 -0.000168783)
(0.0116321 0 -0.000122282)
(0.010352 0 -7.91882e-05)
(0.00911773 0 -4.0764e-05)
(0.00794784 0 -7.86263e-06)
(0.00685642 0 1.9058e-05)
(0.00585319 0 3.98977e-05)
(0.00494379 0 5.48587e-05)
(0.00413018 0 6.43796e-05)
(0.00341108 0 6.90628e-05)
(0.00278246 0 6.96026e-05)
(0.00223795 0 6.67162e-05)
(0.00176923 0 6.10832e-05)
(0.00136626 0 5.32934e-05)
(0.00101729 0 4.38071e-05)
(0.000708751 0 3.2928e-05)
(0.000424691 0 2.07899e-05)
(0.000145903 0 7.36129e-06)
(0.0157976 0 -0.000148464)
(0.0163434 0 -0.000187296)
(0.016692 0 -0.000217609)
(0.0168567 0 -0.000239654)
(0.0168313 0 -0.000252674)
(0.0166167 0 -0.000256387)
(0.0162213 0 -0.000251021)
(0.0156595 0 -0.000237296)
(0.014951 0 -0.000216357)
(0.0141195 0 -0.000189667)
(0.0131909 0 -0.000158891)
(0.0121924 0 -0.000125767)
(0.0111509 0 -9.19848e-05)
(0.0100917 0 -5.90916e-05)
(0.00903821 0 -2.84085e-05)
(0.00801088 0 -9.8204e-07)
(0.00702677 0 2.24424e-05)
(0.00609947 0 4.14215e-05)
(0.00523898 0 5.57948e-05)
(0.00445184 0 6.56485e-05)
(0.00374141 0 7.12681e-05)
(0.00310811 0 7.30828e-05)
(0.0025498 0 7.16078e-05)
(0.00206211 0 6.7388e-05)
(0.00163871 0 6.09459e-05)
(0.00127152 0 5.27355e-05)
(0.000950692 0 4.3107e-05)
(0.000664542 0 3.22796e-05)
(0.000399062 0 2.03278e-05)
(0.000137173 0 7.18268e-06)
(0.0126782 0 -4.32448e-05)
(0.0131536 0 -7.25511e-05)
(0.0134794 0 -9.6065e-05)
(0.013666 0 -0.000114058)
(0.0137062 0 -0.000125931)
(0.0135979 0 -0.000131383)
(0.0133446 0 -0.000130456)
(0.0129547 0 -0.000123533)
(0.0124412 0 -0.00011131)
(0.0118204 0 -9.4736e-05)
(0.0111116 0 -7.49402e-05)
(0.0103353 0 -5.31427e-05)
(0.00951255 0 -3.05704e-05)
(0.00866412 0 -8.37856e-06)
(0.00780945 0 1.24148e-05)
(0.0069661 0 3.0976e-05)
(0.00614931 0 4.66851e-05)
(0.00537164 0 5.91456e-05)
(0.00464284 0 6.81776e-05)
(0.00396982 0 7.37962e-05)
(0.00335678 0 7.61781e-05)
(0.00280539 0 7.56214e-05)
(0.00231498 0 7.25001e-05)
(0.0018828 0 6.72193e-05)
(0.00150422 0 6.01709e-05)
(0.00117286 0 5.16956e-05)
(0.000880653 0 4.20495e-05)
(0.000617652 0 3.13806e-05)
(0.000371711 0 1.97144e-05)
(0.000127836 0 6.95172e-06)
(0.0100828 0 3.02211e-05)
(0.0104903 0 8.63702e-06)
(0.0107853 0 -9.14886e-06)
(0.0109764 0 -2.33867e-05)
(0.0110561 0 -3.36144e-05)
(0.0110207 0 -3.95586e-05)
(0.0108709 0 -4.11685e-05)
(0.0106108 0 -3.86256e-05)
(0.0102485 0 -3.23337e-05)
(0.00979498 0 -2.28885e-05)
(0.00926391 0 -1.10319e-05)
(0.00867049 0 2.40385e-06)
(0.0080309 0 1.65555e-05)
(0.00736148 0 3.05871e-05)
(0.00667806 0 4.37408e-05)
(0.00599539 0 5.53774e-05)
(0.00532661 0 6.50043e-05)
(0.00468295 0 7.22889e-05)
(0.00407352 0 7.70594e-05)
(0.00350515 0 7.92929e-05)
(0.00298248 0 7.90936e-05)
(0.00250796 0 7.66638e-05)
(0.00208199 0 7.22698e-05)
(0.0017031 0 6.6206e-05)
(0.00136808 0 5.87597e-05)
(0.00107203 0 5.01783e-05)
(0.000808416 0 4.06412e-05)
(0.000568912 0 3.0238e-05)
(0.000343125 0 1.89548e-05)
(0.000118059 0 6.67061e-06)
(0.0079448 0 7.79063e-05)
(0.00828907 0 6.25352e-05)
(0.00854976 0 4.95294e-05)
(0.00873368 0 3.86795e-05)
(0.00883396 0 3.03293e-05)
(0.00884635 0 2.47074e-05)
(0.00876954 0 2.19007e-05)
(0.0086052 0 2.18423e-05)
(0.00835784 0 2.43125e-05)
(0.00803459 0 2.89527e-05)
(0.00764474 0 3.52915e-05)
(0.00719926 0 4.27796e-05)
(0.00671022 0 5.08295e-05)
(0.00619021 0 5.88561e-05)
(0.0056518 0 6.63152e-05)
(0.00510702 0 7.27356e-05)
(0.00456692 0 7.77429e-05)
(0.00404124 0 8.1074e-05)
(0.00353818 0 8.25813e-05)
(0.00306419 0 8.22273e-05)
(0.00262395 0 8.00712e-05)
(0.00222035 0 7.62482e-05)
(0.00185454 0 7.09449e-05)
(0.001526 0 6.4371e-05)
(0.00123263 0 5.6732e-05)
(0.000970783 0 4.82014e-05)
(0.000735261 0 3.88974e-05)
(0.0005192 0 2.88639e-05)
(0.000313824 0 1.80573e-05)
(0.000108024 0 6.34261e-06)
(0.00620125 0 0.000105308)
(0.00648828 0 9.48659e-05)
(0.00671384 0 8.57853e-05)
(0.00688351 0 7.79034e-05)
(0.00699119 0 7.14654e-05)
(0.00703259 0 6.66494e-05)
(0.00700552 0 6.35463e-05)
(0.00690997 0 6.21488e-05)
(0.00674815 0 6.23482e-05)
(0.00652433 0 6.39393e-05)
(0.00624463 0 6.66347e-05)
(0.0059167 0 7.0085e-05)
(0.0055493 0 7.39045e-05)
(0.00515188 0 7.7699e-05)
(0.00473417 0 8.10925e-05)
(0.00430575 0 8.3752e-05)
(0.00387566 0 8.54062e-05)
(0.00345214 0 8.58587e-05)
(0.00304231 0 8.49934e-05)
(0.00265203 0 8.27734e-05)
(0.00228576 0 7.92323e-05)
(0.00194656 0 7.44609e-05)
(0.001636 0 6.85885e-05)
(0.00135426 0 6.17624e-05)
(0.00110008 0 5.41254e-05)
(0.000870833 0 4.57948e-05)
(0.00066247 0 3.68419e-05)
(0.000469409 0 2.72761e-05)
(0.000284345 0 1.70334e-05)
(9.79142e-05 0 5.97195e-06)
(0.00479373 0 0.000117346)
(0.00503008 0 0.000110735)
(0.00522172 0 0.000104804)
(0.00537329 0 9.9439e-05)
(0.00547956 0 9.48036e-05)
(0.00553653 0 9.1027e-05)
(0.00554167 0 8.81873e-05)
(0.00549403 0 8.6303e-05)
(0.00539433 0 8.53277e-05)
(0.00524487 0 8.51515e-05)
(0.00504949 0 8.56074e-05)
(0.00481331 0 8.64826e-05)
(0.00454249 0 8.75347e-05)
(0.00424396 0 8.85089e-05)
(0.00392505 0 8.91569e-05)
(0.00359321 0 8.92544e-05)
(0.00325565 0 8.86149e-05)
(0.00291914 0 8.71012e-05)
(0.00258971 0 8.46301e-05)
(0.00227248 0 8.11731e-05)
(0.00197154 0 7.6752e-05)
(0.00168987 0 7.14289e-05)
(0.00142927 0 6.52941e-05)
(0.00119033 0 5.84496e-05)
(0.000972453 0 5.09928e-05)
(0.0007738 0 4.29989e-05)
(0.000591274 0 3.45051e-05)
(0.00042041 0 2.54965e-05)
(0.000255216 0 1.58968e-05)
(8.79144e-05 0 5.56365e-06)
(0.00366923 0 0.00011829)
(0.00386154 0 0.000114571)
(0.00402175 0 0.000111094)
(0.0041537 0 0.000107784)
(0.00425303 0 0.000104744)
(0.00431623 0 0.000102057)
(0.00434075 0 9.97832e-05)
(0.0043252 0 9.79454e-05)
(0.00426938 0 9.65292e-05)
(0.0041743 0 9.54803e-05)
(0.00404218 0 9.4707e-05)
(0.00387629 0 9.40865e-05)
(0.00368084 0 9.34736e-05)
(0.00346073 0 9.27121e-05)
(0.00322136 0 9.16467e-05)
(0.00296837 0 9.01346e-05)
(0.00270737 0 8.80564e-05)
(0.00244379 0 8.53231e-05)
(0.00218258 0 8.18818e-05)
(0.0019281 0 7.7716e-05)
(0.00168394 0 7.28433e-05)
(0.00145288 0 6.73091e-05)
(0.00123673 0 6.11773e-05)
(0.00103634 0 5.45187e-05)
(0.00085156 0 4.73984e-05)
(0.00068116 0 3.9862e-05)
(0.000522822 0 3.19226e-05)
(0.000373031 0 2.35502e-05)
(0.000226943 0 1.46628e-05)
(7.82005e-05 0 5.12321e-06)
(0.00278045 0 0.000111716)
(0.00293514 0 0.000110097)
(0.00306712 0 0.000108456)
(0.00317952 0 0.000106753)
(0.00326884 0 0.000105041)
(0.00333207 0 0.00010337)
(0.00336688 0 0.000101775)
(0.0033717 0 0.000100277)
(0.00334586 0 9.88734e-05)
(0.00328954 0 9.75389e-05)
(0.00320387 0 9.62269e-05)
(0.00309082 0 9.48704e-05)
(0.00295312 0 9.3388e-05)
(0.00279414 0 9.169e-05)
(0.00261773 0 8.96856e-05)
(0.00242806 0 8.72912e-05)
(0.0022294 0 8.44364e-05)
(0.00202596 0 8.10704e-05)
(0.00182173 0 7.7165e-05)
(0.00162029 0 7.27159e-05)
(0.00142471 0 6.77408e-05)
(0.00123745 0 6.22755e-05)
(0.00106024 0 5.6367e-05)
(0.000894023 0 5.00653e-05)
(0.000738935 0 4.34133e-05)
(0.000594213 0 3.64364e-05)
(0.000458154 0 2.91327e-05)
(0.000328033 0 2.14636e-05)
(0.0002 0 1.33475e-05)
(6.89364e-05 0 4.65627e-06)
(0.00208588 0 0.000100498)
(0.00220896 0 0.000100321)
(0.00231622 0 9.9983e-05)
(0.00241022 0 9.94674e-05)
(0.00248818 0 9.87945e-05)
(0.00254762 0 9.79849e-05)
(0.00258651 0 9.70556e-05)
(0.0026033 0 9.60166e-05)
(0.00259709 0 9.48683e-05)
(0.0025676 0 9.35997e-05)
(0.00251525 0 9.21876e-05)
(0.00244109 0 9.05983e-05)
(0.00234681 0 8.87896e-05)
(0.00223464 0 8.67143e-05)
(0.00210724 0 8.43246e-05)
(0.00196758 0 8.15767e-05)
(0.00181883 0 7.84354e-05)
(0.0016642 0 7.4877e-05)
(0.00150677 0 7.08923e-05)
(0.00134945 0 6.64873e-05)
(0.00119476 0 6.16813e-05)
(0.00104481 0 5.6505e-05)
(0.000901142 0 5.09947e-05)
(0.000764725 0 4.51865e-05)
(0.000635848 0 3.91089e-05)
(0.000514074 0 3.27747e-05)
(0.000398184 0 2.61731e-05)
(0.0002861 0 1.92627e-05)
(0.000174812 0 1.19663e-05)
(6.0271e-05 0 4.16823e-06)
(0.00154968 0 8.68332e-05)
(0.00164665 0 8.75682e-05)
(0.00173277 0 8.80835e-05)
(0.00181016 0 8.83816e-05)
(0.00187664 0 8.84594e-05)
(0.00193022 0 8.83175e-05)
(0.00196917 0 8.79572e-05)
(0.00199211 0 8.73791e-05)
(0.00199806 0 8.65808e-05)
(0.0019865 0 8.55556e-05)
(0.00195741 0 8.42923e-05)
(0.00191126 0 8.27748e-05)
(0.00184899 0 8.09834e-05)
(0.001772 0 7.88965e-05)
(0.00168205 0 7.6493e-05)
(0.00158122 0 7.37548e-05)
(0.00147176 0 7.06692e-05)
(0.00135604 0 6.72312e-05)
(0.00123644 0 6.34446e-05)
(0.00111519 0 5.93226e-05)
(0.000994339 0 5.48864e-05)
(0.000875611 0 5.01632e-05)
(0.000760358 0 4.51827e-05)
(0.00064947 0 3.99722e-05)
(0.000543313 0 3.45509e-05)
(0.000441675 0 2.89242e-05)
(0.0003437 0 2.30773e-05)
(0.000247835 0 1.697e-05)
(0.000151761 0 1.05325e-05)
(5.23371e-05 0 3.6637e-06)
(0.0011415 0 7.22972e-05)
(0.00121727 0 7.35256e-05)
(0.00128576 0 7.45281e-05)
(0.00134869 0 7.53185e-05)
(0.00140438 0 7.58801e-05)
(0.00145127 0 7.62003e-05)
(0.00148794 0 7.62697e-05)
(0.00151318 0 7.60809e-05)
(0.00152607 0 7.56276e-05)
(0.00152599 0 7.49034e-05)
(0.00151266 0 7.39012e-05)
(0.00148618 0 7.26136e-05)
(0.001447 0 7.10326e-05)
(0.00139593 0 6.91509e-05)
(0.00133407 0 6.69625e-05)
(0.00126281 0 6.44642e-05)
(0.00118371 0 6.16571e-05)
(0.00109849 0 5.8547e-05)
(0.00100887 0 5.51458e-05)
(0.00091658 0 5.14708e-05)
(0.000823196 0 4.75439e-05)
(0.000730112 0 4.33898e-05)
(0.000638451 0 3.90335e-05)
(0.000548997 0 3.44964e-05)
(0.000462135 0 2.97921e-05)
(0.000377791 0 2.49221e-05)
(0.000295383 0 1.98711e-05)
(0.000213765 0 1.46025e-05)
(0.000131187 0 9.05608e-06)
(4.52522e-05 0 3.14605e-06)
(0.00083616 0 5.79089e-05)
(0.000895109 0 5.93112e-05)
(0.000949272 0 6.0511e-05)
(0.00100005 0 6.15278e-05)
(0.00104618 0 6.23384e-05)
(0.00108643 0 6.29235e-05)
(0.00111967 0 6.32675e-05)
(0.0011449 0 6.33582e-05)
(0.00116126 0 6.31856e-05)
(0.00116813 0 6.27423e-05)
(0.00116511 0 6.20225e-05)
(0.00115208 0 6.10219e-05)
(0.00112916 0 5.97382e-05)
(0.00109676 0 5.81705e-05)
(0.00105552 0 5.63207e-05)
(0.00100631 0 5.41933e-05)
(0.00095019 0 5.17959e-05)
(0.00088833 0 4.91403e-05)
(0.000821984 0 4.62416e-05)
(0.000752414 0 4.31186e-05)
(0.000680827 0 3.97924e-05)
(0.000608311 0 3.62852e-05)
(0.000535772 0 3.2618e-05)
(0.000463872 0 2.8808e-05)
(0.000392974 0 2.48655e-05)
(0.00032309 0 2.07903e-05)
(0.000253832 0 1.65684e-05)
(0.000184368 0 1.21688e-05)
(0.000113396 0 7.54164e-06)
(3.91231e-05 0 2.61682e-06)
(0.000613439 0 4.42048e-05)
(0.000659437 0 4.55425e-05)
(0.000702357 0 4.67165e-05)
(0.00074335 0 4.77466e-05)
(0.000781464 0 4.86088e-05)
(0.000815754 0 4.92823e-05)
(0.000845315 0 4.97495e-05)
(0.000869312 0 4.99964e-05)
(0.000887011 0 5.00115e-05)
(0.000897813 0 4.97867e-05)
(0.000901278 0 4.93162e-05)
(0.000897147 0 4.8597e-05)
(0.000885356 0 4.76285e-05)
(0.000866039 0 4.64127e-05)
(0.000839524 0 4.49542e-05)
(0.000806322 0 4.32604e-05)
(0.000767098 0 4.13414e-05)
(0.00072264 0 3.921e-05)
(0.000673821 0 3.6882e-05)
(0.00062155 0 3.43748e-05)
(0.000566724 0 3.17073e-05)
(0.000510177 0 2.88986e-05)
(0.000452622 0 2.5966e-05)
(0.000394603 0 2.29232e-05)
(0.000336444 0 1.97781e-05)
(0.0002782 0 1.65301e-05)
(0.000219617 0 1.31678e-05)
(0.000160099 0 9.6666e-06)
(9.86838e-05 0 5.98727e-06)
(3.40529e-05 0 2.07527e-06)
(0.000457894 0 3.13033e-05)
(0.000494412 0 3.2402e-05)
(0.000528976 0 3.33816e-05)
(0.000562558 0 3.42586e-05)
(0.000594431 0 3.50124e-05)
(0.00062386 0 3.56246e-05)
(0.000650118 0 3.60797e-05)
(0.000672512 0 3.63643e-05)
(0.000690407 0 3.64681e-05)
(0.000703252 0 3.63833e-05)
(0.000710599 0 3.61047e-05)
(0.000712128 0 3.56298e-05)
(0.000707655 0 3.49586e-05)
(0.000697147 0 3.40934e-05)
(0.000680721 0 3.30392e-05)
(0.000658643 0 3.1803e-05)
(0.000631308 0 3.03944e-05)
(0.000599226 0 2.88249e-05)
(0.000562994 0 2.71078e-05)
(0.000523258 0 2.52576e-05)
(0.00048068 0 2.32896e-05)
(0.000435891 0 2.12187e-05)
(0.000389452 0 1.9058e-05)
(0.000341804 0 1.68182e-05)
(0.000293227 0 1.45051e-05)
(0.000243795 0 1.21182e-05)
(0.000193343 0 9.64917e-06)
(0.000141437 0 7.08028e-06)
(8.73653e-05 0 4.38304e-06)
(3.01527e-05 0 1.5179e-06)
(0.000358916 0 1.89554e-05)
(0.000389156 0 1.96867e-05)
(0.000418137 0 2.03455e-05)
(0.000446708 0 2.09419e-05)
(0.000474292 0 2.1462e-05)
(0.000500287 0 2.18929e-05)
(0.000524091 0 2.22238e-05)
(0.000545112 0 2.24453e-05)
(0.000562787 0 2.25498e-05)
(0.000576609 0 2.25317e-05)
(0.000586138 0 2.23873e-05)
(0.000591023 0 2.21148e-05)
(0.000591016 0 2.17142e-05)
(0.000585986 0 2.11876e-05)
(0.00057592 0 2.05383e-05)
(0.000560929 0 1.97718e-05)
(0.000541237 0 1.88948e-05)
(0.000517172 0 1.79154e-05)
(0.000489148 0 1.68429e-05)
(0.000457634 0 1.56871e-05)
(0.000423132 0 1.44582e-05)
(0.000386134 0 1.31661e-05)
(0.000347092 0 1.18193e-05)
(0.000306371 0 1.04247e-05)
(0.000264214 0 8.98603e-06)
(0.000220703 0 7.50329e-06)
(0.000175725 0 5.9714e-06)
(0.000128949 0 4.37943e-06)
(7.9816e-05 0 2.70987e-06)
(2.75666e-05 0 9.37948e-07)
(0.000311018 0 6.57199e-06)
(0.000338179 0 6.83856e-06)
(0.000364408 0 7.08072e-06)
(0.000390498 0 7.30065e-06)
(0.000415946 0 7.4933e-06)
(0.000440224 0 7.65403e-06)
(0.00046279 0 7.7787e-06)
(0.000483103 0 7.86379e-06)
(0.000500641 0 7.90646e-06)
(0.000514918 0 7.90457e-06)
(0.0005255 0 7.85677e-06)
(0.000532023 0 7.76241e-06)
(0.00053421 0 7.62161e-06)
(0.000531879 0 7.43517e-06)
(0.000524956 0 7.20459e-06)
(0.000513472 0 6.93198e-06)
(0.000497567 0 6.62005e-06)
(0.000477476 0 6.27195e-06)
(0.000453521 0 5.89122e-06)
(0.000426081 0 5.48164e-06)
(0.000395574 0 5.04703e-06)
(0.000362423 0 4.59106e-06)
(0.000327021 0 4.11694e-06)
(0.000289696 0 3.62719e-06)
(0.000250671 0 3.12325e-06)
(0.000210031 0 2.60518e-06)
(0.000167686 0 2.0713e-06)
(0.000123353 0 1.51786e-06)
(7.65392e-05 0 9.38726e-07)
(2.65409e-05 0 3.24793e-07)
)
;

boundaryField
{
    inlet
    {
        type            cellMotion;
        value           uniform (0 0 0);
    }
    outlet
    {
        type            cellMotion;
        value           uniform (0 0 0);
    }
    flap
    {
        type            cellMotion;
        value           nonuniform List<vector> 
33
(
(0.00140546 0 0.00134876)
(0.00571801 0 0.00366977)
(0.0127593 0 0.00518276)
(0.0217617 0 0.00586681)
(0.0318571 0 0.00586423)
(0.0423899 0 0.00537087)
(0.0528513 0 0.00454466)
(0.0628562 0 0.0035427)
(0.0721812 0 0.00251533)
(0.0807674 0 0.00156231)
(0.0886746 0 0.000738496)
(0.0960342 0 6.88499e-05)
(0.103033 0 -0.000447677)
(0.109877 0 -0.000852597)
(0.116665 0 -0.00121019)
(0.119968 0 -0.00309211)
(0.1198 0 -0.0065027)
(0.119603 0 -0.00990172)
(0.00130848 0 -0.00142836)
(0.00536299 0 -0.00404501)
(0.0120776 0 -0.00619069)
(0.0207927 0 -0.00788667)
(0.0307057 0 -0.00917363)
(0.0411715 0 -0.0100912)
(0.0516665 0 -0.0106555)
(0.0617766 0 -0.0109121)
(0.0712343 0 -0.0109556)
(0.0799477 0 -0.0108937)
(0.0879609 0 -0.0108191)
(0.0953962 0 -0.010805)
(0.102438 0 -0.010908)
(0.109303 0 -0.011136)
(0.116106 0 -0.0114377)
)
;
    }
    upperWall
    {
        type            slip;
    }
    lowerWall
    {
        type            slip;
    }
    frontAndBack
    {
        type            empty;
    }
}


// ************************************************************************* //
