/*--------------------------------*- C++ -*----------------------------------*\
| =========                 |                                                 |
| \\      /  F ield         | OpenFOAM: The Open Source CFD Toolbox           |
|  \\    /   O peration     | Version:  2012                                  |
|   \\  /    A nd           | Website:  www.openfoam.com                      |
|    \\/     M anipulation  |                                                 |
\*---------------------------------------------------------------------------*/
FoamFile
{
    version     2.0;
    format      ascii;
    class       surfaceScalarField;
    location    "0.5";
    object      meshPhi;
}
// * * * * * * * * * * * * * * * * * * * * * * * * * * * * * * * * * * * * * //

dimensions      [0 3 -1 0 0 0 0];
oriented        oriented;


internalField   nonuniform List<scalar> 
5457
(
5.74953e-05
9.15064e-08
0.000113224
2.52957e-07
0.000171067
3.72771e-07
0.000234184
4.46335e-07
0.000304796
4.72598e-07
0.000384379
4.54578e-07
0.000473691
4.00701e-07
0.000572719
3.26438e-07
0.000680621
2.55314e-07
0.000795763
2.19786e-07
0.000915744
2.6717e-07
0.00103729
4.65142e-07
0.00115623
9.00229e-07
0.00126755
1.67762e-06
0.00136527
2.92041e-06
0.00144252
4.76218e-06
0.00149165
7.33204e-06
0.00150554
1.05316e-05
0.00148039
1.42002e-05
0.00141336
1.83335e-05
0.00130308
2.26248e-05
0.00115288
2.64566e-05
0.00097006
2.91552e-05
0.000765907
3.0003e-05
0.000555538
2.83961e-05
0.000356618
2.39531e-05
0.000187259
1.65086e-05
6.30582e-05
6.3889e-06
-6.57647e-06
-4.70763e-06
-1.75958e-05
5.69252e-05
1.83347e-07
0.000112216
5.06665e-07
0.000169699
7.46254e-07
0.000232499
8.9285e-07
0.000302849
9.44069e-07
0.000382254
9.05431e-07
0.000471515
7.93185e-07
0.000570669
6.37748e-07
0.000678893
4.85443e-07
0.00079459
3.98118e-07
0.000915483
4.67219e-07
0.00103839
8.27677e-07
0.00115927
1.65121e-06
0.00127324
3.14529e-06
0.00137451
5.55172e-06
0.00145654
9.13318e-06
0.00151074
1.40703e-05
0.00152978
2.02653e-05
0.00151138
2.76208e-05
0.00145205
3.60184e-05
0.00134915
4.47357e-05
0.00120586
5.26315e-05
0.0010289
5.84295e-05
0.000828658
6.07997e-05
0.000619312
5.86971e-05
0.000417573
5.15447e-05
0.000241677
3.94244e-05
0.000108736
2.36186e-05
3.22908e-05
7.83427e-06
-4.72814e-06
5.65313e-05
2.74161e-07
0.000111542
7.57196e-07
0.00016882
1.1141e-06
0.000231479
1.33071e-06
0.000301778
1.40282e-06
0.000381273
1.33772e-06
0.000470842
1.15862e-06
0.000570611
9.10355e-07
0.000679745
6.61707e-07
0.000796699
4.97501e-07
0.000919474
5.47272e-07
0.00104507
1.01495e-06
0.00116955
2.15532e-06
0.00128836
4.2713e-06
0.00139589
7.70945e-06
0.00148584
1.28211e-05
0.00154857
1.9788e-05
0.00157775
2.87316e-05
0.00157221
3.97598e-05
0.00152659
5.2397e-05
0.00143752
6.55242e-05
0.00130777
7.76774e-05
0.00114325
8.70952e-05
0.000953235
9.20271e-05
0.000750088
9.11457e-05
0.000548359
8.38964e-05
0.000366721
7.11205e-05
0.000227065
5.52783e-05
0.000152531
4.09007e-05
2.97835e-05
5.63911e-05
3.62428e-07
0.000111332
1.00026e-06
0.000168604
1.46958e-06
0.000231339
1.75083e-06
0.000301836
1.83731e-06
0.000381723
1.73711e-06
0.000471989
1.47926e-06
0.000572911
1.12245e-06
0.000683553
7.60392e-07
0.000802361
4.88363e-07
0.000927889
4.62341e-07
0.00105741
9.66332e-07
0.00118713
2.33534e-06
0.0013128
4.95126e-06
0.00142895
9.2517e-06
0.00152918
1.56653e-05
0.00160452
2.44929e-05
0.00164997
3.60265e-05
0.00166261
5.0353e-05
0.00163603
6.68095e-05
0.00156742
8.41291e-05
0.00145847
0.000100591
0.00131414
0.000114068
0.00114274
0.000122486
0.000954994
0.000124301
0.000763348
0.000119218
0.000584487
0.000109206
0.000446898
9.79522e-05
0.000385843
8.97007e-05
8.34607e-05
5.63043e-05
4.47104e-07
0.000111219
1.23292e-06
0.00016854
1.80808e-06
0.000231426
2.14699e-06
0.00030223
2.23959e-06
0.000382662
2.09354e-06
0.000473862
1.74186e-06
0.000576421
1.25548e-06
0.000688984
7.35091e-07
0.000809917
2.93835e-07
0.000939001
1.47795e-07
0.00107372
6.34712e-07
0.00121027
2.13271e-06
0.0013448
5.0984e-06
0.00147202
1.00568e-05
0.00158574
1.75328e-05
0.00167855
2.79799e-05
0.00174525
4.17276e-05
0.00178094
5.8793e-05
0.00177984
7.85677e-05
0.00173922
9.97566e-05
0.00165947
0.000120435
0.0015445
0.000138231
0.00140158
0.000150789
0.00124085
0.000156392
0.00107511
0.000154803
0.000913332
0.000149043
0.000789956
0.000144422
0.000754323
0.000144551
0.000146751
5.62642e-05
5.27217e-07
0.000111196
1.45243e-06
0.000168615
2.12533e-06
0.000231717
2.51353e-06
0.000302915
2.60269e-06
0.000384008
2.39861e-06
0.000476282
1.93546e-06
0.000580625
1.28771e-06
0.000695412
5.51343e-07
0.000819299
-1.07249e-07
0.000952876
-3.94122e-07
0.00109363
1.33178e-08
0.00123831
1.51039e-06
0.00138343
4.64676e-06
0.00152402
1.00216e-05
0.00165452
1.82402e-05
0.00176852
2.98581e-05
0.00186031
4.52661e-05
0.00192447
6.45115e-05
0.00195597
8.70438e-05
0.00195143
0.000111581
0.00191016
0.000136127
0.00183477
0.000158185
0.0017312
0.000175245
0.00160917
0.000185569
0.00148138
0.000188666
0.00135548
0.000187221
0.0012691
0.000187191
0.00127542
0.000191642
0.000195999
5.62657e-05
6.0188e-07
0.000111253
1.65628e-06
0.000168812
2.41748e-06
0.000232183
2.84552e-06
0.000303843
2.92084e-06
0.000385679
2.64606e-06
0.000479082
2.05433e-06
0.000584975
1.21911e-06
0.000702374
2.50979e-07
0.000830805
-6.37553e-07
0.000969588
-1.14114e-06
0.00111641
-9.43669e-07
0.00127029
4.17238e-07
0.00142746
3.54867e-06
0.0015833
9.07581e-06
0.0017332
1.7674e-05
0.00187125
2.99777e-05
0.00199203
4.64368e-05
0.00209014
6.7172e-05
0.002161
9.17185e-05
0.00220071
0.000118856
0.00220754
0.000146618
0.00218265
0.000172483
0.00213009
0.000193877
0.00205766
0.000208958
0.00197481
0.000217242
0.0019062
0.000220109
0.0018842
0.000221501
0.00194207
0.000223465
0.000219946
5.63043e-05
6.70275e-07
0.000111381
1.84219e-06
0.000169116
2.68108e-06
0.000232796
3.13865e-06
0.000304966
3.18925e-06
0.000387603
2.83123e-06
0.000482192
2.09563e-06
0.000589675
1.05719e-06
0.00070997
-1.55853e-07
0.000843256
-1.32251e-06
0.000987515
-2.14868e-06
0.0011416
-2.2565e-06
0.00130557
-1.13046e-06
0.00147514
1.801e-06
0.00164785
7.19002e-06
0.00181927
1.57908e-05
0.00198385
2.82746e-05
0.00213707
4.51256e-05
0.00227359
6.65682e-05
0.00238993
9.22561e-05
0.00248164
0.000121062
0.00254602
0.000151139
0.00258305
0.00018003
0.0025942
0.000205196
0.00258522
0.000224598
0.00256663
0.000237383
0.00257275
0.000244019
0.00262086
0.000246339
0.00272408
0.000244453
0.000232513
5.63757e-05
7.31681e-07
0.000111571
2.00816e-06
0.000169507
2.91314e-06
0.000233524
3.38937e-06
0.000306235
3.4043e-06
0.000389707
2.95101e-06
0.000485538
2.05717e-06
0.000594815
7.97357e-07
0.000717964
-6.93096e-07
0.000855282
-2.19361e-06
0.00100532
-3.3987e-06
0.00116828
-3.88577e-06
0.0013426
-3.13405e-06
0.00152541
-5.73807e-07
0.00171613
4.46366e-06
0.00190936
1.27022e-05
0.00210266
2.48107e-05
0.00229114
4.13349e-05
0.00246903
6.26548e-05
0.00263586
8.85585e-05
0.00278634
0.00011799
0.00291667
0.000149325
0.00302659
0.000180226
0.00311332
0.000208438
0.00318502
0.000232016
0.00325848
0.000248992
0.00334817
0.000259125
0.00345551
0.00026384
0.00359233
0.000261983
0.000248898
5.64764e-05
7.85513e-07
0.000111814
2.15259e-06
0.000169971
3.11142e-06
0.000234337
3.59521e-06
0.000307596
3.56388e-06
0.00039191
3.00439e-06
0.000488995
1.93986e-06
0.000600113
4.42886e-07
0.00072602
-1.34923e-06
0.000867145
-3.21537e-06
0.00102314
-4.842e-06
0.00119438
-5.80823e-06
0.00137899
-5.59137e-06
0.00157667
-3.58285e-06
0.00178515
8.91888e-07
0.00200085
8.49753e-06
0.00222458
1.98754e-05
0.00244758
3.55634e-05
0.00266769
5.59506e-05
0.00288982
8.09394e-05
0.00310449
0.000109743
0.00330686
0.000141208
0.00349536
0.000173445
0.00366696
0.000204052
0.00383972
0.000230533
0.00402269
0.000250653
0.00420163
0.000264053
0.0043697
0.000271759
0.00453818
0.000272402
0.000265592
5.66036e-05
8.31328e-07
0.000112104
2.27429e-06
0.000170492
3.27434e-06
0.000235207
3.75471e-06
0.000309003
3.66734e-06
0.000394132
2.99237e-06
0.000492438
1.74741e-06
0.000605363
1.21482e-09
0.000733949
-2.11063e-06
0.000878916
-4.36947e-06
0.00104057
-6.46335e-06
0.00121916
-7.97938e-06
0.00141405
-8.40767e-06
0.00162557
-7.15266e-06
0.00185104
-3.5419e-06
0.00209055
3.09788e-06
0.00234298
1.34263e-05
0.0025985
2.79389e-05
0.00286366
4.68399e-05
0.00314331
7.01469e-05
0.00342108
9.75257e-05
0.00369427
0.000128134
0.00396296
0.000160566
0.00423575
0.00019199
0.00452973
0.000219064
0.00482846
0.000239957
0.00510648
0.000253926
0.00535167
0.00026105
0.00556333
0.000260791
0.000256638
5.67561e-05
8.68794e-07
0.000112435
2.37243e-06
0.00017106
3.40089e-06
0.000236114
3.86724e-06
0.000310413
3.71511e-06
0.000396303
2.91745e-06
0.000495747
1.48548e-06
0.000610365
-5.17367e-07
0.000741452
-2.9602e-06
0.000890027
-5.63022e-06
0.00105682
-8.2236e-06
0.00124241
-1.03419e-05
0.00144696
-1.14976e-05
0.00167063
-1.11272e-05
0.0019125
-8.60966e-06
0.00217348
-3.30845e-06
0.00245102
5.42549e-06
0.00274083
1.80943e-05
0.00305217
3.4908e-05
0.00338296
5.60906e-05
0.00371809
8.15265e-05
0.00406079
0.000110242
0.00441884
0.000140731
0.00480801
0.000170468
0.00522595
0.000196375
0.00564264
0.000215722
0.00603529
0.000225801
0.00637956
0.000225737
0.00665341
0.000217572
0.000208371
5.69342e-05
8.97681e-07
0.000112808
2.44645e-06
0.000171669
3.49055e-06
0.000237041
3.93281e-06
0.000311798
3.70853e-06
0.000398364
2.78327e-06
0.00049882
1.16138e-06
0.000614945
-1.10029e-06
0.000748258
-3.87773e-06
0.000900053
-6.96703e-06
0.00107142
-1.00772e-05
0.00126328
-1.28297e-05
0.00147634
-1.47673e-05
0.0017112
-1.53703e-05
0.00196807
-1.40796e-05
0.00224749
-1.03304e-05
0.00254879
-3.57629e-06
0.00287207
6.63614e-06
0.00322245
2.06199e-05
0.00359624
3.86845e-05
0.00398827
6.07662e-05
0.00440541
8.60398e-05
0.00485817
0.000113075
0.00535469
0.000139777
0.00588293
0.000163102
0.00642049
0.000178459
0.00694378
0.000180572
0.00741264
0.000167813
0.00777451
0.000146911
0.000129762
5.71407e-05
9.17854e-07
0.000113226
2.49605e-06
0.000172322
3.54318e-06
0.000237985
3.95201e-06
0.000313138
3.64964e-06
0.000400277
2.59435e-06
0.00050158
7.83433e-07
0.000618969
-1.73357e-06
0.000754153
-4.84111e-06
0.000908664
-8.34657e-06
0.00108389
-1.19751e-05
0.00128108
-1.53725e-05
0.0015014
-1.81172e-05
0.0017459
-1.97404e-05
0.00201551
-1.97526e-05
0.00231132
-1.76748e-05
0.00263416
-1.30633e-05
0.00298532
-5.54698e-06
0.00336764
5.15631e-06
0.0037813
1.9268e-05
0.00422782
3.67891e-05
0.00471362
5.72905e-05
0.00524619
7.97746e-05
0.00582804
0.000102264
0.00645221
0.000121059
0.0071054
0.000129984
0.0077642
0.000121417
0.00838355
9.22253e-05
0.00888507
5.42699e-05
3.48064e-05
5.7382e-05
9.2919e-07
0.000113698
2.52093e-06
0.000173029
3.55847e-06
0.000238955
3.92475e-06
0.000314437
3.53909e-06
0.000402029
2.35283e-06
0.000503992
3.56377e-07
0.000622363
-2.40834e-06
0.000759005
-5.8352e-06
0.000915648
-9.74446e-06
0.00109392
-1.38799e-05
0.00129536
-1.79143e-05
0.00152147
-2.14652e-05
0.00177373
-2.41184e-05
0.00205361
-2.54573e-05
0.0023627
-2.50936e-05
0.00270268
-2.26893e-05
0.00307568
-1.79745e-05
0.00348463
-1.07457e-05
0.00393209
-8.5011e-07
0.00442139
1.17496e-05
0.00495802
2.68234e-05
0.0055476
4.36007e-05
0.00619271
6.01817e-05
0.00689013
7.25754e-05
0.00763013
7.37432e-05
0.00839204
5.42476e-05
0.00912856
8.05541e-06
0.00973658
-5.40164e-05
-0.00014433
3.74882e-05
-9.23208e-05
0.000185895
-0.000115961
0.000450181
-0.000136832
0.000787036
-0.000149717
0.00114089
-0.000152835
0.00147102
-0.000148265
0.00175139
-0.000139464
0.00196916
-0.000128862
0.00212065
-0.000117686
0.00220739
-0.000106509
0.0022334
-9.54339e-05
0.00220553
-8.45239e-05
0.0021333
-7.40526e-05
0.00202497
-6.40967e-05
0.00188814
-5.46402e-05
0.00173104
-4.58206e-05
0.00156237
-3.78323e-05
0.00138892
-3.0713e-05
0.00121513
-2.4354e-05
0.00104625
-1.88469e-05
0.000886997
-1.42727e-05
0.000739878
-1.05432e-05
0.000606203
-7.5626e-06
0.000486713
-5.23981e-06
0.000381989
-3.48863e-06
0.000291143
-2.2173e-06
0.000210891
-1.33148e-06
0.000138126
-7.4019e-07
6.9441e-05
-3.59371e-07
-1.06292e-07
9.24633e-05
-0.00021389
0.000271714
-0.000247079
0.000561391
-0.000281751
0.000908316
-0.000302753
0.00125722
-0.000305491
0.0015771
-0.00029422
0.00184469
-0.000275834
0.00204914
-0.000254476
0.00218769
-0.000232315
0.00226252
-0.000210229
0.00227795
-0.000188566
0.00224033
-0.000167261
0.00215958
-0.000146379
0.00204439
-0.00012643
0.00190179
-0.000107703
0.00173961
-9.02727e-05
0.00156733
-7.44283e-05
0.00139206
-6.03571e-05
0.00121646
-4.79396e-05
0.00104584
-3.71699e-05
0.000885727
-2.81517e-05
0.000738235
-2.07963e-05
0.000604365
-1.49141e-05
0.000484798
-1.03281e-05
0.000380212
-6.87478e-06
0.000289669
-4.36973e-06
0.000209741
-2.62112e-06
0.000137352
-1.45384e-06
6.90958e-05
-7.05043e-07
-2.08522e-07
0.000232951
-0.000351237
0.00045893
-0.00039378
0.000783747
-0.000433537
0.00114161
-0.000455257
0.00148061
-0.000454179
0.00178217
-0.0004351
0.0020268
-0.000406962
0.0022069
-0.000375221
0.00232145
-0.000342464
0.00237375
-0.000309797
0.00236917
-0.000277737
0.00231399
-0.000246339
0.00221761
-0.000215646
0.0020891
-0.000186242
0.00193548
-0.000158609
0.00176399
-0.000132928
0.00158439
-0.000109477
0.0014044
-8.862e-05
0.00122501
-7.04541e-05
0.00105095
-5.47669e-05
0.000888765
-4.15293e-05
0.000740118
-3.07024e-05
0.00060529
-2.2022e-05
0.00048506
-1.52436e-05
0.000380082
-1.01409e-05
0.000289201
-6.43986e-06
0.000209263
-3.85802e-06
0.000137082
-2.13756e-06
6.89945e-05
-1.03611e-06
-3.0651e-07
0.000489199
-0.000506476
0.000762359
-0.000552939
0.00111236
-0.000588501
0.00147258
-0.000602699
0.00179882
-0.000594537
0.00207541
-0.000568015
0.00228839
-0.000531048
0.0024345
-0.000489763
0.00251543
-0.000447047
0.002536
-0.000404292
0.00250276
-0.00036216
0.00242281
-0.000320971
0.0023048
-0.000281015
0.00215747
-0.000242777
0.00198831
-0.000206751
0.00180441
-0.000173313
0.00161432
-0.000142785
0.00142555
-0.000115543
0.00124002
-9.18034e-05
0.00106135
-7.13863e-05
0.000896064
-5.41817e-05
0.000745797
-4.01014e-05
0.000609274
-2.8796e-05
0.000487553
-1.99362e-05
0.000381658
-1.32541e-05
0.00028997
-8.40941e-06
0.00020964
-5.03327e-06
0.000137368
-2.78696e-06
6.91511e-05
-1.35033e-06
-3.99484e-07
0.000886873
-0.000681189
0.0011945
-0.000719923
0.00155007
-0.000743128
0.0018991
-0.000744752
0.00220469
-0.000726726
0.00244675
-0.000692007
0.00261882
-0.000646801
0.00272188
-0.000596807
0.00276055
-0.000544903
0.00274144
-0.000492703
0.00267214
-0.000441103
0.00256065
-0.000390668
0.00241538
-0.000341883
0.00224459
-0.000295289
0.00205592
-0.000251426
0.0018565
-0.000210775
0.00165354
-0.000173745
0.00145347
-0.000140676
0.00125959
-0.00011173
0.00107498
-8.68342e-05
0.000905642
-6.59086e-05
0.000753254
-4.87977e-05
0.000614576
-3.50796e-05
0.000490825
-2.43084e-05
0.000383747
-1.61591e-05
0.000291199
-1.02481e-05
0.000210352
-6.12925e-06
0.000137819
-3.39088e-06
6.93803e-05
-1.64156e-06
-4.85439e-07
0.00144205
-0.000852224
0.00176152
-0.000878514
0.00209784
-0.000887156
0.00241632
-0.000875424
0.00268805
-0.000847306
0.0028847
-0.000805125
0.00300653
-0.000752898
0.00305828
-0.000695261
0.00304727
-0.000635057
0.00298182
-0.000574152
0.00287056
-0.000513743
0.00272209
-0.000454668
0.00254482
-0.000397624
0.00234673
-0.000343258
0.00213524
-0.000292172
0.00191732
-0.000244908
0.00169941
-0.000201922
0.00148715
-0.000163557
0.00128363
-0.000129935
0.00109201
-0.000100987
0.000917837
-7.66683e-05
0.000761775
-5.67715e-05
0.000620312
-4.08085e-05
0.000494645
-2.82918e-05
0.000386259
-1.88176e-05
0.000292785
-1.19318e-05
0.000211337
-7.13092e-06
0.000138423
-3.94038e-06
6.96792e-05
-1.90502e-06
-5.62841e-07
0.00214003
-0.000991083
0.00244982
-0.00101336
0.00274985
-0.001013
0.00301745
-0.000991752
0.00323649
-0.000955077
0.00337723
-0.000906697
0.00343983
-0.000848786
0.00343269
-0.000784511
0.00336561
-0.000716851
0.00324838
-0.000647989
0.00309045
-0.000579461
0.00290091
-0.000512411
0.00268814
-0.000447762
0.00245987
-0.000386289
0.00222308
-0.000328647
0.00198456
-0.000275422
0.00175003
-0.000227096
0.0015248
-0.000184002
0.00131153
-0.000146275
0.0011123
-0.000113777
0.000932133
-8.63934e-05
0.000770928
-6.39522e-05
0.000626157
-4.59531e-05
0.000498856
-3.18634e-05
0.000389128
-2.12055e-05
0.000294668
-1.34435e-05
0.000212542
-8.0274e-06
0.000139158
-4.42915e-06
7.00405e-05
-2.13743e-06
-6.30648e-07
0.00294436
-0.00110096
0.00323202
-0.00112555
0.0034919
-0.00112194
0.00369574
-0.00109586
0.00384188
-0.00105286
0.00391472
-0.000998453
0.00390812
-0.000934979
0.00383452
-0.000864522
0.00370572
-0.00078994
0.00353233
-0.000713748
0.00332417
-0.000637785
0.00309077
-0.000563469
0.00284017
-0.00049194
0.00257984
-0.000424093
0.00231607
-0.00036061
0.00205526
-0.000302065
0.00180383
-0.000249085
0.00156556
-0.000201991
0.00134203
-0.000160689
0.00113442
-0.000125033
0.000947036
-9.49507e-05
0.00078042
-7.02635e-05
0.000632449
-5.0483e-05
0.000503402
-3.50166e-05
0.000392273
-2.33102e-05
0.000296777
-1.47732e-05
0.000213917
-8.81231e-06
0.000140002
-4.85359e-06
7.04553e-05
-2.33698e-06
-6.88307e-07
0.00382726
-0.00120209
0.00408707
-0.00122845
0.00429876
-0.00122192
0.0044295
-0.00119093
0.00448917
-0.00114159
0.00448335
-0.00108112
0.00440067
-0.0010122
0.00425287
-0.00093551
0.00405758
-0.000854045
0.00382487
-0.000771004
0.00356408
-0.000688282
0.00328542
-0.000607466
0.00299579
-0.000529871
0.00270177
-0.000456407
0.0024112
-0.000387964
0.00212845
-0.000325128
0.00185932
-0.000268146
0.00160728
-0.000217375
0.00137229
-0.000172892
0.00115613
-0.000134547
0.000961958
-0.000102243
0.000790237
-7.56968e-05
0.000639232
-5.43943e-05
0.000508201
-3.77412e-05
0.000395609
-2.51262e-05
0.000299047
-1.59172e-05
0.000215418
-9.48363e-06
0.000140933
-5.21281e-06
7.09141e-05
-2.50338e-06
-7.35762e-07
0.00478256
-0.0013097
0.00500671
-0.00133228
0.00515433
-0.00131983
0.00519996
-0.00128164
0.00515767
-0.0012241
0.00505773
-0.00115508
0.00489757
-0.00107904
0.00467472
-0.000996283
0.00441065
-0.000908499
0.0041175
-0.000819208
0.00380256
-0.000730499
0.00347774
-0.000643988
0.00315084
-0.000561568
0.00282393
-0.00048393
0.00250591
-0.000411256
0.00220186
-0.000344389
0.00191395
-0.000283871
0.00164671
-0.00022995
0.00140064
-0.000182844
0.00117666
-0.00014239
0.000976635
-0.000108304
0.000800267
-8.02404e-05
0.000646221
-5.76853e-05
0.000513119
-4.00375e-05
0.000399048
-2.6656e-05
0.000301417
-1.68782e-05
0.000217009
-1.00437e-05
0.000141929
-5.50875e-06
7.14083e-05
-2.63792e-06
-7.73477e-07
0.00580977
-0.0014216
0.00598285
-0.00143794
0.00604738
-0.00141698
0.00599362
-0.00136869
0.00583802
-0.00130095
0.00562232
-0.00122104
0.00537012
-0.00113456
0.00507596
-0.00104429
0.00474851
-0.000951397
0.00439868
-0.000857619
0.00403291
-0.000764585
0.00366389
-0.000674045
0.00330156
-0.000587889
0.00294354
-0.000506466
0.00259626
-0.000429796
0.00226976
-0.000359269
0.00196475
-0.000295944
0.00168344
-0.000239825
0.00142727
-0.000190791
0.00119614
-0.000148678
0.00099063
-0.000113188
0.000810092
-8.39245e-05
0.000653133
-6.037e-05
0.000518009
-4.19179e-05
0.000402501
-2.79103e-05
0.000303833
-1.76647e-05
0.000218656
-1.04991e-05
0.000142974
-5.74607e-06
7.19304e-05
-2.74347e-06
-8.02438e-07
0.00689217
-0.00152944
0.0069941
-0.00154167
0.00695175
-0.0015096
0.0067814
-0.00144748
0.00651177
-0.00136724
0.00617621
-0.0012766
0.00581038
-0.00117974
0.00543425
-0.00108055
0.00504974
-0.000982211
0.00465201
-0.000885397
0.00424561
-0.000790006
0.00383987
-0.000697176
0.00344056
-0.000607815
0.00305045
-0.000522458
0.00267729
-0.000442658
0.00233034
-0.000369973
0.00201038
-0.000304851
0.0017173
-0.000247173
0.00145193
-0.000196785
0.00121413
-0.000153479
0.00100361
-0.000116951
0.000819342
-8.67911e-05
0.000659727
-6.24788e-05
0.000522733
-4.34062e-05
0.00040589
-2.89079e-05
0.000306247
-1.8291e-05
0.000220333
-1.08602e-05
0.000144054
-5.932e-06
7.24748e-05
-2.82438e-06
-8.24124e-07
0.00799671
-0.00163819
0.00799868
-0.00163987
0.00782009
-0.00158891
0.00751645
-0.00150859
0.00713181
-0.00141471
0.00669252
-0.00131469
0.00622094
-0.00121087
0.00575309
-0.00110551
0.00530814
-0.00100253
0.00486778
-0.000903096
0.0044279
-0.000805988
0.00399243
-0.000711412
0.00355867
-0.000619708
0.00313907
-0.00053194
0.00274618
-0.000450571
0.00238319
-0.000376842
0.00205012
-0.000310745
0.00174693
-0.00025216
0.00147371
-0.00020094
0.00123007
-0.000156877
0.00101519
-0.000119667
0.000827725
-8.88988e-05
0.00066581
-6.40566e-05
0.000527177
-4.45366e-05
0.00040915
-2.9675e-05
0.000308625
-1.87767e-05
0.00022202
-1.11413e-05
0.00014516
-6.07622e-06
7.30384e-05
-2.88637e-06
-8.40481e-07
0.00908066
-0.00175219
0.00891766
-0.0017186
0.00857491
-0.00163534
0.00813635
-0.00153661
0.00764503
-0.00143341
0.00712159
-0.00132875
0.00657621
-0.00122276
0.00603638
-0.00111632
0.00553071
-0.00101197
0.00504562
-0.000910698
0.00457111
-0.000811923
0.0041079
-0.000716
0.00364944
-0.000623441
0.00320962
-0.000535455
0.00280183
-0.000454067
0.00242628
-0.000380195
0.00208285
-0.000313844
0.00177144
-0.000254951
0.00149187
-0.000203397
0.00124346
-0.000158987
0.00102506
-0.000121429
0.000835015
-9.03216e-05
0.000671236
-6.51604e-05
0.000531256
-4.53528e-05
0.000412234
-3.02444e-05
0.000310943
-1.91461e-05
0.000223709
-1.13598e-05
0.000146288
-6.19063e-06
7.362e-05
-2.93651e-06
-8.53902e-07
0.00996638
-0.00182949
0.00960472
-0.00167096
0.00911594
-0.00159698
0.00857603
-0.00150733
0.00801059
-0.00141173
0.00742912
-0.00131302
0.00684056
-0.00121167
0.00626133
-0.00110905
0.00570952
-0.00100691
0.00518254
-0.000906186
0.0046744
-0.000807529
0.00418535
-0.00071187
0.00371156
-0.000620177
0.00326107
-0.000533607
0.00284316
-0.0004534
0.00245861
-0.000380242
0.00210763
-0.000314338
0.00179017
-0.000255714
0.0015059
-0.000204299
0.00125398
-0.00015993
0.001033
-0.000122337
0.000841069
-9.11408e-05
0.00067592
-6.5854e-05
0.000534928
-4.59039e-05
0.000415128
-3.06531e-05
0.000313201
-1.94263e-05
0.000225405
-1.15348e-05
0.000147445
-6.28797e-06
7.42228e-05
-2.98214e-06
-8.66827e-07
5.98559e-05
9.32263e-07
0.000118579
2.52277e-06
0.000180413
3.53921e-06
0.000249091
3.85519e-06
0.000327714
3.38271e-06
0.000418977
2.06668e-06
0.000525294
-1.09027e-07
0.000648873
-3.11013e-06
0.00079177
-6.84051e-06
0.000955936
-1.11344e-05
0.00114325
-1.57557e-05
0.00135554
-2.04063e-05
0.00159464
-2.47441e-05
0.00186241
-2.841e-05
0.00216077
-3.10603e-05
0.00249178
-3.23959e-05
0.00285764
-3.21822e-05
0.00326105
-3.02555e-05
0.00370536
-2.6511e-05
0.004194
-2.08789e-05
0.00473084
-1.33422e-05
0.00532092
-4.06509e-06
0.00596867
6.28937e-06
0.00667535
1.59533e-05
0.00743675
2.11399e-05
0.0082411
1.51626e-05
0.00906446
-1.13267e-05
0.00985051
-6.61046e-05
0.0104734
-0.000142528
-0.000211503
0.0108866
6.15649e-05
9.28389e-07
0.000121931
2.50554e-06
0.000185438
3.49233e-06
0.000255911
3.75382e-06
0.00033654
3.19537e-06
0.000430111
1.75609e-06
0.000539137
-5.86265e-07
0.000665942
-3.80501e-06
0.00081272
-7.81436e-06
0.000981573
-1.24634e-05
0.00117455
-1.7537e-05
0.00139368
-2.27665e-05
0.00164101
-2.78503e-05
0.00191864
-3.24826e-05
0.00222882
-3.63877e-05
0.00257385
-3.93506e-05
0.0029561
-4.12319e-05
0.00337836
-4.19683e-05
0.0038442
-4.15592e-05
0.00435703
-4.00375e-05
0.0049197
-3.74494e-05
0.00553644
-3.3964e-05
0.0062099
-3.02019e-05
0.00693805
-2.77384e-05
0.00771184
-2.97766e-05
0.0085138
-4.17927e-05
0.00931522
-7.1363e-05
0.0100578
-0.000125206
0.010631
-0.000199737
-0.000277546
0.0109496
6.32401e-05
9.18832e-07
0.000125205
2.4731e-06
0.000190313
3.42469e-06
0.000262468
3.63114e-06
0.00034493
2.9921e-06
0.000440556
1.44166e-06
0.000551938
-1.04803e-06
0.000681486
-4.4576e-06
0.000831486
-8.71177e-06
0.00100415
-1.36747e-05
0.00120163
-1.91527e-05
0.00142606
-2.49065e-05
0.00167959
-3.06725e-05
0.00196443
-3.61939e-05
0.00228306
-4.12564e-05
0.0026379
-4.57201e-05
0.00303105
-4.95296e-05
0.00346481
-5.27045e-05
0.00394298
-5.53401e-05
0.00446859
-5.75906e-05
0.00504096
-5.95805e-05
0.0056642
-6.1483e-05
0.00633968
-6.3928e-05
0.0070599
-6.835e-05
0.0078114
-7.73352e-05
0.00857155
-9.501e-05
0.00930821
-0.000126625
0.00996833
-0.000176709
0.0104736
-0.000244558
-0.000326928
0.0107568
6.48295e-05
9.04838e-07
0.000128298
2.42921e-06
0.000194884
3.34282e-06
0.000268548
3.49699e-06
0.0003526
2.78677e-06
0.000449948
1.14212e-06
0.000563232
-1.46968e-06
0.000694914
-5.03621e-06
0.000847334
-9.49247e-06
0.00102275
-1.47177e-05
0.00122337
-2.05395e-05
0.00145135
-2.67466e-05
0.00170879
-3.3111e-05
0.00199773
-3.94173e-05
0.00232098
-4.55021e-05
0.00268119
-5.12933e-05
0.00307966
-5.68089e-05
0.00351674
-6.21175e-05
0.00399752
-6.73742e-05
0.00452643
-7.28989e-05
0.00509436
-7.88525e-05
0.00570323
-8.53045e-05
0.00635969
-9.30629e-05
0.00704993
-0.000103526
0.00775544
-0.000118497
0.00845238
-0.000140761
0.00910753
-0.000173692
0.00967741
-0.000220146
0.0101076
-0.000280654
-0.00035501
0.0103419
6.62811e-05
8.87773e-07
0.000131108
2.37795e-06
0.000198995
3.25367e-06
0.000273937
3.36162e-06
0.00035927
2.59351e-06
0.000457926
8.76242e-07
0.000572565
-1.82697e-06
0.000705665
-5.51001e-06
0.000859576
-1.01178e-05
0.00103656
-1.55441e-05
0.0012388
-2.1637e-05
0.00146843
-2.8212e-05
0.00172739
-3.50738e-05
0.00201687
-4.20377e-05
0.0023404
-4.8973e-05
0.00270164
-5.5873e-05
0.00310096
-6.28408e-05
0.00353388
-6.99181e-05
0.00400554
-7.72139e-05
0.00452685
-8.5249e-05
0.00508188
-9.43473e-05
0.00566246
-0.000104514
0.00628173
-0.000116485
0.00692536
-0.000131411
0.00756882
-0.000150449
0.00819067
-0.000175361
0.00876014
-0.000208262
0.00924195
-0.000250837
0.00959625
-0.000303483
-0.000365233
0.00978157
6.75415e-05
8.69006e-07
0.000133532
2.32337e-06
0.00020249
3.16406e-06
0.000278421
3.23491e-06
0.000364661
2.42572e-06
0.000464138
6.61499e-07
0.0005795
-2.09763e-06
0.000713204
-5.85108e-06
0.000867565
-1.05528e-05
0.00104479
-1.61106e-05
0.00124703
-2.23912e-05
0.00147637
-2.92354e-05
0.00173491
-3.64823e-05
0.00202156
-4.39554e-05
0.00233984
-5.15249e-05
0.00269697
-5.92671e-05
0.00309219
-6.73465e-05
0.00351607
-7.57705e-05
0.00397013
-8.46483e-05
0.00446921
-9.45046e-05
0.00500169
-0.00010576
0.00555009
-0.00011855
0.00612092
-0.000133316
0.00670473
-0.000150781
0.0072781
-0.000171772
0.00782092
-0.000197359
0.00830684
-0.000228666
0.00870692
-0.00026645
0.00899195
-0.000310603
-0.000359248
0.00913414
6.85565e-05
8.49786e-07
0.000135463
2.26915e-06
0.000205211
3.0801e-06
0.000281786
3.12556e-06
0.000368497
2.29497e-06
0.000468236
5.12701e-07
0.000583609
-2.26316e-06
0.000717011
-6.03656e-06
0.000870679
-1.07696e-05
0.00104672
-1.63824e-05
0.00124717
-2.27585e-05
0.00147402
-2.97588e-05
0.00172957
-3.72448e-05
0.00201126
-4.50594e-05
0.00232063
-5.31002e-05
0.00266735
-6.1456e-05
0.0030502
-7.0259e-05
0.00345999
-7.95696e-05
0.00389476
-8.95742e-05
0.00436253
-0.000100636
0.00485895
-0.000113077
0.00536861
-0.000127137
0.00588729
-0.000143132
0.00640651
-0.000161483
0.00690845
-0.000182658
0.00737405
-0.000207177
0.00778158
-0.000235478
0.00810842
-0.000267669
0.00833368
-0.000303242
-0.000339992
0.00844027
6.92763e-05
8.31228e-07
0.000136802
2.21849e-06
0.00020701
3.00692e-06
0.00028383
3.04063e-06
0.000370519
2.2103e-06
0.000469901
4.40966e-07
0.000584503
-2.31012e-06
0.000716623
-6.05036e-06
0.000868375
-1.07488e-05
0.00104171
-1.63363e-05
0.00123845
-2.27109e-05
0.00146032
-2.97495e-05
0.0017091
-3.73249e-05
0.00198362
-4.53185e-05
0.00228369
-5.36657e-05
0.00261535
-6.23971e-05
0.00297832
-7.15915e-05
0.00336698
-8.13597e-05
0.0037783
-9.18879e-05
0.00421238
-0.000103434
0.00466591
-0.000116253
0.00512895
-0.000130555
0.00559341
-0.000146541
0.00604917
-0.000164417
0.0064818
-0.00018437
0.00687511
-0.000206534
0.00721176
-0.000230915
0.00747475
-0.000257243
0.00764953
-0.000284832
-0.000311607
0.00772673
6.96588e-05
8.14463e-07
0.000137467
2.17457e-06
0.000207763
2.94949e-06
0.000284394
2.98666e-06
0.000370528
2.17966e-06
0.000468896
4.55569e-07
0.000581914
-2.22803e-06
0.000711746
-5.8808e-06
0.000860346
-1.04774e-05
0.00102947
-1.5958e-05
0.00122068
-2.2233e-05
0.00143533
-2.91936e-05
0.00167453
-3.67274e-05
0.00193849
-4.47347e-05
0.00222678
-5.31534e-05
0.00254097
-6.19818e-05
0.00288093
-7.12744e-05
0.00324331
-8.11303e-05
0.00362483
-9.16971e-05
0.00402274
-0.000103159
0.00443242
-0.000115694
0.00484605
-0.000129444
0.00525509
-0.000144512
0.00564947
-0.000160951
0.00601708
-0.000178758
0.00634468
-0.000197837
0.00661883
-0.000217963
0.00682712
-0.000238706
0.00695963
-0.000259384
-0.000278275
0.00701228
6.96662e-05
8.00328e-07
0.000137385
2.13975e-06
0.000207368
2.91136e-06
0.000283347
2.96809e-06
0.000368376
2.208e-06
0.000465062
5.61553e-07
0.000575683
-2.01215e-06
0.000702243
-5.52383e-06
0.00084651
-9.95243e-06
0.00101002
-1.52457e-05
0.00119406
-2.13245e-05
0.00139968
-2.80917e-05
0.00162759
-3.54456e-05
0.00187797
-4.32945e-05
0.00215043
-5.15743e-05
0.00244485
-6.02639e-05
0.0027602
-6.9388e-05
0.00309375
-7.90116e-05
0.00344214
-8.9234e-05
0.00380152
-0.000100172
0.00416671
-0.000111933
0.00453074
-0.000124589
0.00488558
-0.00013816
0.00522211
-0.000152606
0.00553021
-0.000167811
0.00579933
-0.000183571
0.00601933
-0.000199573
0.00618136
-0.000215379
0.00627888
-0.000230412
-0.000243363
0.00631155
6.92673e-05
7.89185e-07
0.0001365
2.11496e-06
0.000205746
2.89372e-06
0.000280594
2.98583e-06
0.000363958
2.29541e-06
0.000458299
7.57478e-07
0.000565732
-1.66619e-06
0.000688083
-4.9862e-06
0.000826914
-9.18437e-06
0.000983531
-1.42144e-05
0.00115896
-2.00056e-05
0.00135394
-2.647e-05
0.00156887
-3.35138e-05
0.00180364
-4.1049e-05
0.00205768
-4.9007e-05
0.00233006
-5.73495e-05
0.00261915
-6.60724e-05
0.00292226
-7.52031e-05
0.00323592
-8.47917e-05
0.00355592
-9.48967e-05
0.00387705
-0.000105564
0.00419297
-0.000116806
0.00449649
-0.000128589
0.00477972
-0.000140816
0.00503439
-0.000153327
0.00525231
-0.000165888
0.00542597
-0.000178189
0.00554926
-0.000189853
0.00561812
-0.000200446
-0.000209029
0.00563504
6.84415e-05
7.81093e-07
0.000134771
2.10023e-06
0.000202845
2.89613e-06
0.00027608
3.03839e-06
0.000357225
2.43848e-06
0.000448576
1.03711e-06
0.000552071
-1.20028e-06
0.000669342
-4.28306e-06
0.000801738
-8.19471e-06
0.00095033
-1.28933e-05
0.00111589
-1.83148e-05
0.00129887
-2.43786e-05
0.00149935
-3.09965e-05
0.00171696
-3.80826e-05
0.00195085
-4.55632e-05
0.00219965
-5.33852e-05
0.00246139
-6.15193e-05
0.00273328
-6.99584e-05
0.00301186
-7.87101e-05
0.00329291
-8.7785e-05
0.0035715
-9.71818e-05
0.00384193
-0.000106871
0.00409797
-0.000116785
0.00433303
-0.000126807
0.00454051
-0.000136769
0.00471416
-0.000146454
0.00484856
-0.000155602
0.00493961
-0.000163917
0.00498491
-0.000171094
-0.000176486
0.00498886
6.7178e-05
7.75749e-07
0.000132182
2.09451e-06
0.000198646
2.9163e-06
0.000269791
3.12148e-06
0.000348184
2.62998e-06
0.000435939
1.38908e-06
0.000534806
-6.31267e-07
0.000646216
-3.43832e-06
0.000771304
-7.01608e-06
0.000910909
-1.13258e-05
0.00106556
-1.63085e-05
0.00123544
-2.18894e-05
0.00142037
-2.79852e-05
0.00161973
-3.45114e-05
0.00183242
-4.13901e-05
0.00205685
-4.85564e-05
0.00229083
-5.59611e-05
0.00253158
-6.35697e-05
0.00277571
-7.13567e-05
0.00301923
-7.92976e-05
0.00325763
-8.73581e-05
0.00348594
-9.54833e-05
0.00369889
-0.00010359
0.00389112
-0.000111561
0.00405749
-0.000119248
0.00419335
-0.00012647
0.00429489
-0.000133028
0.00435943
-0.000138713
0.00438564
-0.000143324
-0.000146441
0.00437891
6.5478e-05
7.72492e-07
0.000128736
2.09566e-06
0.000193164
2.95015e-06
0.000261765
3.22822e-06
0.000336908
2.85911e-06
0.000420517
1.79727e-06
0.000514146
1.78082e-08
0.000619026
-2.48374e-06
0.000736082
-5.69108e-06
0.000865935
-9.56761e-06
0.00100889
-1.40583e-05
0.0011649
-1.90935e-05
0.00133356
-2.4594e-05
0.00151406
-3.04771e-05
0.00170512
-3.66627e-05
0.00190501
-4.3078e-05
0.00211152
-4.96596e-05
0.00232193
-5.63538e-05
0.00253302
-6.31125e-05
0.00274116
-6.98882e-05
0.00294236
-7.66267e-05
0.00313237
-8.32608e-05
0.00330686
-8.97056e-05
0.00346158
-9.58566e-05
0.00359262
-0.000101591
0.00369663
-0.000106773
0.00377104
-0.000111263
0.0038143
-0.000114925
0.0038259
-0.000117644
-0.000119178
0.00381198
6.33554e-05
7.7033e-07
0.000124464
2.1006e-06
0.000186451
2.99198e-06
0.000252088
3.3494e-06
0.000323535
3.11191e-06
0.000402517
2.24151e-06
0.000490396
7.18781e-07
0.000588208
-1.45751e-06
0.000696678
-4.27024e-06
0.000816227
-7.68424e-06
0.000946961
-1.16479e-05
0.00108865
-1.60958e-05
0.00124072
-2.09531e-05
0.00140219
-2.61399e-05
0.00157173
-3.15758e-05
0.00174754
-3.71841e-05
0.00192747
-4.28937e-05
0.00210893
-4.86391e-05
0.00228899
-5.43594e-05
0.00246443
-5.99943e-05
0.00263181
-6.54807e-05
0.00278759
-7.07491e-05
0.00292829
-7.57212e-05
0.00305061
-8.031e-05
0.00315168
-8.44215e-05
0.00322915
-8.79603e-05
0.00328143
-9.08351e-05
0.00330777
-9.29677e-05
0.00330837
-9.43013e-05
-9.47247e-05
0.00328991
6.08362e-05
7.67996e-07
0.000119419
2.10542e-06
0.000178596
3.03475e-06
0.000240895
3.47394e-06
0.000308261
3.37201e-06
0.000382223
2.69858e-06
0.000463953
1.43975e-06
0.000554299
-4.02324e-07
0.000653809
-2.80941e-06
0.000762727
-5.74747e-06
0.000880993
-9.16783e-06
0.00100823
-1.30094e-05
0.00114374
-1.72018e-05
0.00128648
-2.16689e-05
0.00143505
-2.63327e-05
0.00158772
-3.11162e-05
0.00174244
-3.59456e-05
0.00189685
-4.07512e-05
0.00204832
-4.54666e-05
0.00219409
-5.00274e-05
0.00233125
-5.43696e-05
0.00245693
-5.84281e-05
0.00256839
-6.21355e-05
0.00266315
-6.54236e-05
0.00273914
-6.8225e-05
0.00279481
-7.04772e-05
0.00282923
-7.2127e-05
0.00284218
-7.31356e-05
0.0028342
-7.34835e-05
-7.31481e-05
0.00281201
5.79593e-05
7.64014e-07
0.00011368
2.10562e-06
0.000169723
3.07047e-06
0.000228368
3.58949e-06
0.000291344
3.62148e-06
0.000359986
3.14344e-06
0.000435285
2.14681e-06
0.000517922
6.36965e-07
0.000608281
-1.36675e-06
0.00070646
-3.83133e-06
0.000812271
-6.71101e-06
0.00092523
-9.94902e-06
0.00104456
-1.348e-05
0.0011692
-1.72329e-05
0.00129777
-2.11339e-05
0.00142864
-2.51092e-05
0.00155992
-2.90869e-05
0.0016895
-3.29978e-05
0.00181512
-3.67767e-05
0.00193441
-4.03612e-05
0.00204503
-4.36917e-05
0.00214467
-4.67114e-05
0.00223125
-4.93659e-05
0.00230294
-5.16047e-05
0.00235831
-5.3383e-05
0.00239639
-5.46642e-05
0.00241674
-5.54227e-05
0.00241947
-5.56473e-05
0.00240525
-5.53434e-05
-5.45498e-05
0.00238063
5.47745e-05
7.56792e-07
0.000107346
2.09636e-06
0.000159987
3.09067e-06
0.000214728
3.68313e-06
0.000273086
3.84182e-06
0.000336211
3.55062e-06
0.000404927
2.80585e-06
0.000479759
1.61578e-06
0.000560958
5.71373e-10
0.000648503
-2.00795e-06
0.00074211
-4.36706e-06
0.000841231
-7.02457e-06
0.000945062
-9.92068e-06
0.00105255
-1.29904e-05
0.00116239
-1.6166e-05
0.0012731
-1.93793e-05
0.00138297
-2.25632e-05
0.00149017
-2.56538e-05
0.00159279
-2.85907e-05
0.00168889
-3.13177e-05
0.00177657
-3.37829e-05
0.00185406
-3.59397e-05
0.00191981
-3.77467e-05
0.00197253
-3.91692e-05
0.00201127
-4.01802e-05
0.00203552
-4.07626e-05
0.00204515
-4.09099e-05
0.00204051
-4.06289e-05
0.00202238
-3.99396e-05
-3.89178e-05
0.00199702
5.13426e-05
7.4471e-07
0.000100536
2.07277e-06
0.000149572
3.08686e-06
0.000200234
3.74206e-06
0.000253836
4.01495e-06
0.000311352
3.89558e-06
0.000373453
3.38448e-06
0.000440536
2.49225e-06
0.000512735
1.23947e-06
0.000589944
-3.43544e-07
0.000671812
-2.21741e-06
0.000757765
-4.3348e-06
0.000847005
-6.642e-06
0.000938532
-9.0809e-06
0.00103116
-1.1591e-05
0.00112353
-1.41114e-05
0.00121418
-1.65825e-05
0.00130156
-1.89477e-05
0.00138408
-2.11543e-05
0.00146018
-2.31543e-05
0.00152838
-2.49052e-05
0.00158736
-2.63709e-05
0.00163598
-2.7522e-05
0.00167339
-2.83367e-05
0.00169902
-2.88017e-05
0.00171266
-2.89132e-05
0.00171443
-2.86773e-05
0.0017048
-2.81109e-05
0.00168459
-2.72415e-05
-2.61622e-05
0.00165963
4.77329e-05
7.26217e-07
9.33895e-05
2.03016e-06
0.000138687
3.05099e-06
0.000185173
3.75432e-06
0.00023397
4.12424e-06
0.00028589
4.15604e-06
0.000341469
3.85367e-06
0.000400993
3.22943e-06
0.000464508
2.30374e-06
0.000531845
1.10499e-06
0.000602622
-3.31056e-07
0.000676263
-1.96223e-06
0.000752009
-3.74128e-06
0.000828939
-5.61744e-06
0.00090599
-7.53819e-06
0.000981991
-9.45099e-06
0.00105569
-1.13048e-05
0.0011258
-1.30518e-05
0.00119104
-1.46478e-05
0.00125019
-1.60543e-05
0.00130212
-1.72382e-05
0.00134588
-1.81731e-05
0.00138068
-1.88398e-05
0.00140599
-1.92265e-05
0.00142153
-1.93298e-05
0.00142728
-1.91542e-05
0.00142353
-1.87131e-05
0.00141081
-1.80279e-05
0.00138993
-1.7128e-05
-1.61096e-05
0.00136616
4.40224e-05
6.99909e-07
8.60557e-05
1.96435e-06
0.000127559
2.9759e-06
0.000169855
3.70939e-06
0.000213888
4.15525e-06
0.000260327
4.313e-06
0.00030959
4.18917e-06
0.00036187
3.79697e-06
0.000417151
3.15614e-06
0.000475223
2.29271e-06
0.000535697
1.23853e-06
0.000598021
3.04124e-08
0.000661497
-1.29097e-06
0.0007253
-2.68238e-06
0.000788507
-4.09955e-06
0.000850121
-5.49857e-06
0.000909103
-6.83737e-06
0.000964415
-8.07689e-06
0.00101505
-9.18224e-06
0.00106007
-1.01235e-05
0.00109866
-1.08765e-05
0.00113015
-1.14232e-05
0.00115402
-1.17525e-05
0.00116999
-1.18598e-05
0.00117796
-1.17479e-05
0.00117807
-1.14262e-05
0.00117068
-1.09108e-05
0.00115634
-1.02241e-05
0.0011358
-9.39372e-06
-8.50922e-06
0.00111378
4.02937e-05
6.64597e-07
7.86968e-05
1.87179e-06
0.000116428
2.85561e-06
0.000154603
3.59863e-06
0.000194005
4.09638e-06
0.000235173
4.35158e-06
0.000278427
4.37242e-06
0.000323889
4.17233e-06
0.000371496
3.76978e-06
0.000421022
3.18812e-06
0.000472088
2.45508e-06
0.000524186
1.60205e-06
0.000576691
6.63232e-07
0.000628886
-3.25552e-07
0.000679987
-1.32803e-06
0.000729167
-2.30871e-06
0.000775589
-3.23408e-06
0.000818432
-4.07361e-06
0.000856926
-4.80072e-06
0.000890384
-5.39346e-06
0.000918223
-5.83507e-06
0.000939997
-6.11436e-06
0.000955412
-6.22591e-06
0.000964342
-6.1701e-06
0.000966833
-5.95294e-06
0.000963105
-5.58582e-06
0.000953545
-5.08499e-06
0.000938691
-4.47094e-06
0.000919215
-3.76767e-06
-3.05221e-06
0.000899254
3.6634e-05
6.19351e-07
7.14829e-05
1.74972e-06
0.000105546
2.68553e-06
0.000139754
3.41558e-06
0.000174742
3.93923e-06
0.000210939
4.26138e-06
0.000248584
4.39103e-06
0.000287743
4.34116e-06
0.000328328
4.12854e-06
0.000370109
3.77352e-06
0.000412735
3.29966e-06
0.00045575
2.73309e-06
0.000498612
2.10178e-06
0.000540713
1.43462e-06
0.000581405
7.60409e-07
0.00062002
1.06925e-07
0.000655898
-5.0007e-07
0.000688412
-1.03765e-06
0.00071699
-1.48642e-06
0.000741143
-1.83106e-06
0.000760483
-2.06073e-06
0.000774735
-2.16922e-06
0.000783758
-2.15503e-06
0.000787544
-2.02122e-06
0.000786223
-1.77513e-06
0.000780057
-1.42801e-06
0.000769433
-9.94434e-07
0.000754848
-4.91705e-07
0.000736892
6.08601e-08
6.01136e-07
0.000719138
3.3134e-05
5.63517e-07
6.45907e-05
1.59623e-06
9.51748e-05
2.46253e-06
0.000125649
3.15601e-06
0.000156523
3.67865e-06
0.000188132
4.03653e-06
0.000220648
4.23873e-06
0.0002541
4.29719e-06
0.000288382
4.22663e-06
0.000323278
4.04428e-06
0.000358471
3.76957e-06
0.000393566
3.42365e-06
0.000428104
3.02876e-06
0.000461584
2.60748e-06
0.000493482
2.182e-06
0.000523275
1.77329e-06
0.000550456
1.40047e-06
0.000574562
1.08008e-06
0.000595184
8.25637e-07
0.000611992
6.47268e-07
0.000624745
5.51466e-07
0.000633298
5.41042e-07
0.000637616
6.15206e-07
0.000637769
7.69775e-07
0.000633932
9.97509e-07
0.000626384
1.28854e-06
0.000615488
1.63087e-06
0.000601689
2.01093e-06
0.000585494
2.41417e-06
2.79341e-06
0.000569947
2.98877e-05
4.96714e-07
5.82028e-05
1.41021e-06
8.55808e-05
2.18494e-06
0.000112639
2.81789e-06
0.00013978
3.31257e-06
0.000167261
3.67539e-06
0.000195201
3.91484e-06
0.000223602
4.04142e-06
0.000252356
4.0675e-06
0.000281264
4.00719e-06
0.000310051
3.876e-06
0.000338382
3.6905e-06
0.000365879
3.46778e-06
0.000392139
3.22493e-06
0.000416752
2.97843e-06
0.000439317
2.74361e-06
0.00045946
2.53407e-06
0.00047685
2.36127e-06
0.000491211
2.23422e-06
0.000502335
2.1592e-06
0.000510091
2.13972e-06
0.000514428
2.17653e-06
0.000515382
2.26776e-06
0.000513071
2.40917e-06
0.000507691
2.5945e-06
0.000499513
2.81581e-06
0.00048887
3.06397e-06
0.00047615
3.32904e-06
0.000461781
3.60077e-06
3.84542e-06
0.00044833
2.69927e-05
4.18805e-07
5.25096e-05
1.1913e-06
7.70429e-05
1.85234e-06
0.000101088
2.4011e-06
0.000124957
2.84166e-06
0.000148843
3.18002e-06
0.000172827
3.42357e-06
0.000196893
3.58102e-06
0.000220936
3.66229e-06
0.00024478
3.67842e-06
0.000268192
3.64129e-06
0.000290894
3.56334e-06
0.000312584
3.45722e-06
0.000332943
3.33535e-06
0.000351661
3.20949e-06
0.000368439
3.09036e-06
0.000383012
2.98726e-06
0.000395155
2.90778e-06
0.000404695
2.8576e-06
0.000411516
2.84037e-06
0.000415569
2.85772e-06
0.000416867
2.90933e-06
0.000415491
2.9931e-06
0.000411585
3.10535e-06
0.00040535
3.24117e-06
0.00039704
3.39469e-06
0.000386953
3.55944e-06
0.000375418
3.72867e-06
0.000362794
3.89565e-06
4.0377e-06
0.000351235
2.45517e-05
3.29857e-07
4.77116e-05
9.39762e-07
6.98554e-05
1.46541e-06
9.13785e-05
1.90718e-06
0.00011252
2.26888e-06
0.000133424
2.55556e-06
0.000154142
2.77309e-06
0.000174646
2.92816e-06
0.00019484
3.02821e-06
0.00021457
3.08133e-06
0.000233643
3.09607e-06
0.000251832
3.08128e-06
0.000268898
3.04579e-06
0.000284597
2.99812e-06
0.000298697
2.94624e-06
0.000310985
2.89725e-06
0.000321281
2.85717e-06
0.000329442
2.83074e-06
0.000335372
2.82136e-06
0.000339025
2.83096e-06
0.000340406
2.86015e-06
0.000339574
2.90819e-06
0.000336637
2.97325e-06
0.000331749
3.05252e-06
0.000325109
3.1425e-06
0.000316948
3.23921e-06
0.000307528
3.33841e-06
0.00029713
3.43587e-06
0.000286052
3.52754e-06
3.59923e-06
0.000276104
2.26741e-05
2.30096e-07
4.40243e-05
6.56341e-07
6.43366e-05
1.02571e-06
8.39286e-05
1.33898e-06
0.000102983
1.59911e-06
0.000121605
1.80971e-06
0.000139826
1.97485e-06
0.000157612
2.09907e-06
0.000174874
2.18731e-06
0.000191482
2.24487e-06
0.000207271
2.27729e-06
0.000222059
2.29022e-06
0.000235657
2.28923e-06
0.000247879
2.27965e-06
0.000258555
2.26636e-06
0.000267537
2.25366e-06
0.000274707
2.2451e-06
0.000279985
2.24342e-06
0.00028333
2.25044e-06
0.000284743
2.26712e-06
0.00028427
2.29355e-06
0.000281996
2.32906e-06
0.000278045
2.3723e-06
0.000272578
2.42144e-06
0.000265781
2.47426e-06
0.000257869
2.52834e-06
0.00024907
2.58121e-06
0.000239629
2.63051e-06
0.000229792
2.67405e-06
2.7038e-06
0.000221103
2.14774e-05
1.19836e-07
4.16826e-05
3.42116e-07
6.08398e-05
5.35474e-07
7.92078e-05
7.00516e-07
9.69274e-05
8.38873e-07
0.000114077
9.52426e-07
0.000130673
1.04325e-06
0.00014668
1.11363e-06
0.000162015
1.16603e-06
0.000176561
1.20309e-06
0.000190179
1.22752e-06
0.000202716
1.24208e-06
0.000214018
1.24949e-06
0.00022394
1.25231e-06
0.000232353
1.25287e-06
0.000239154
1.25321e-06
0.000244268
1.25498e-06
0.000247655
1.25942e-06
0.000249312
1.26734e-06
0.000249272
1.2791e-06
0.000247604
1.29467e-06
0.000244411
1.31365e-06
0.000239827
1.33534e-06
0.000234013
1.35883e-06
0.00022715
1.38304e-06
0.000219435
1.40685e-06
0.000211079
1.42912e-06
0.000202296
1.44881e-06
0.000193302
1.46503e-06
1.47414e-06
0.000185459
2.10832e-05
4.09173e-05
5.96968e-05
7.76454e-05
9.48799e-05
0.000111464
0.000127408
0.000142674
0.000157181
0.000170821
0.000183464
0.000194972
0.00020521
0.000214051
0.000221389
0.000227141
0.000231256
0.000233712
0.000234527
0.00023375
0.000231462
0.000227778
0.000222837
0.0002168
0.000209847
0.00020217
0.000193969
0.000185449
0.000176811
0.000169336
0.0111684
-4.99362e-06
0.0112427
-5.68794e-05
-0.000353105
0.0113713
0.0111223
-0.000117661
0.0112673
-0.00019322
-0.000297262
0.0112164
0.0108751
-0.000172527
0.0109412
-0.000233651
-0.00028222
0.0109414
0.0104263
-0.000194045
0.0104733
-0.000238367
-0.000269644
0.010503
0.00984402
-0.000199029
0.00988798
-0.000230766
-0.000253529
0.00994034
0.00917969
-0.000193488
0.00922254
-0.000216338
-0.000233651
0.00929133
0.00847306
-0.000180755
0.00851498
-0.000197235
-0.000210727
0.00859358
0.00774891
-0.000163679
0.00778838
-0.000175551
-0.000186186
0.00787167
0.00702488
-0.000144646
0.00705983
-0.000153178
-0.000161572
0.00714374
0.00631631
-0.000125402
0.00634629
-0.000131547
-0.000138123
0.00642701
0.00563431
-0.000106923
0.00566157
-0.000111373
-0.000116562
0.00573767
0.00498325
-8.96707e-05
0.00500852
-9.28552e-05
-9.69672e-05
0.00508177
0.00436859
-7.3952e-05
0.00438979
-7.61844e-05
-7.93753e-05
0.00445968
0.00379937
-5.98551e-05
0.00381635
-6.14134e-05
-6.38721e-05
0.00387981
0.00327645
-4.73019e-05
0.00329057
-4.83637e-05
-5.02584e-05
0.00334688
0.0027971
-3.62887e-05
0.00280875
-3.69693e-05
-3.84249e-05
0.00285934
0.00236475
-2.68673e-05
0.0023741
-2.72771e-05
-2.83865e-05
0.00241938
0.0019813
-1.90048e-05
0.00198872
-1.92266e-05
-2.00659e-05
0.00202841
0.00164459
-1.26356e-05
0.00165041
-1.27329e-05
-1.33614e-05
0.00168481
0.00135215
-7.65462e-06
0.00135667
-7.67485e-06
-8.13895e-06
0.00138617
0.00110101
-3.92041e-06
0.00110448
-3.89766e-06
-4.2339e-06
0.00112955
0.000887832
-1.26543e-06
0.000890472
-1.22294e-06
-1.46062e-06
0.000911577
0.000709095
4.89988e-07
0.000711084
5.37407e-07
3.74579e-07
0.000728699
0.000561242
1.52362e-06
0.000562729
1.56749e-06
1.46029e-06
0.000577321
0.000440867
1.99945e-06
0.000441972
2.03573e-06
1.96866e-06
0.000453995
0.000344876
2.05896e-06
0.000345697
2.0865e-06
2.04722e-06
0.000355589
0.000270675
1.81608e-06
0.000271289
1.83538e-06
1.81435e-06
0.000279477
0.000216395
1.35584e-06
0.000216862
1.36802e-06
1.35818e-06
0.000223767
0.000181222
7.36747e-07
0.000181574
7.42748e-07
7.39209e-07
0.000187609
0.000165291
0.000165559
0.000171168
0.0107546
-0.0013558
0.0102876
-0.00146983
0.00973115
-0.00146476
0.00913872
-0.00141628
0.00852371
-0.00134678
0.00789008
-0.00126455
0.00725912
-0.0011744
0.00664333
-0.00108049
0.00604641
-0.000984751
0.00547207
-0.000888383
0.00492064
-0.00079297
0.0043938
-0.000700013
0.00389187
-0.000610868
0.00341859
-0.000526718
0.00297875
-0.000448526
0.00257398
-0.000376906
0.00220484
-0.000312161
0.00187137
-0.0002544
0.00157324
-0.00020361
0.00130947
-0.000159678
0.00107844
-0.000122372
0.000878018
-9.13395e-05
0.000705708
-6.61234e-05
0.00055867
-4.6178e-05
0.000433744
-3.08913e-05
0.000327419
-1.96095e-05
0.000235768
-1.16604e-05
0.000154301
-6.36395e-06
7.77013e-05
-3.02068e-06
-8.78378e-07
0.0109143
-0.00103745
0.0104798
-0.00122773
0.00995584
-0.0012904
0.00938092
-0.00128681
0.008765
-0.00124841
0.00811771
-0.00118805
0.00747525
-0.00111437
0.00684843
-0.00103315
0.00623366
-0.000946935
0.00563724
-0.000857852
0.00506334
-0.000768227
0.00451599
-0.000680057
0.00399791
-0.000595029
0.00351153
-0.000514431
0.00305951
-0.000439193
0.0026434
-0.000369956
0.0022639
-0.000307099
0.00192117
-0.000250811
0.00161494
-0.000201157
0.00134424
-0.000158083
0.00110731
-0.000121405
0.000901866
-9.08105e-05
0.000725264
-6.58799e-05
0.000574538
-4.61035e-05
0.000446409
-3.09028e-05
0.000337256
-1.96531e-05
0.000243044
-1.17056e-05
0.000159168
-6.39764e-06
8.01875e-05
-3.03996e-06
-8.84502e-07
0.0107718
-0.000842663
0.0104178
-0.00101583
0.00995798
-0.00111314
0.00942767
-0.00114287
0.00884094
-0.00113174
0.0082164
-0.00109385
0.00758657
-0.00103839
0.00696192
-0.000971212
0.00634422
-0.000896041
0.00574082
-0.000816067
0.00515773
-0.000734053
0.00460091
-0.000652327
0.0040743
-0.000572776
0.00358021
-0.000496808
0.00312076
-0.000425437
0.00269743
-0.000359379
0.00231102
-0.000299099
0.00196186
-0.000244879
0.00164985
-0.000196865
0.00137405
-0.000155072
0.00113263
-0.000119368
0.000923232
-8.94916e-05
0.000743138
-6.50688e-05
0.000589305
-4.56341e-05
0.000458385
-3.06498e-05
0.000346686
-1.95275e-05
0.000250094
-1.16487e-05
0.000163921
-6.3741e-06
8.26249e-05
-3.03111e-06
-8.82204e-07
0.010421
-0.000719243
0.0101604
-0.000856329
0.00977574
-0.000955314
0.00930432
-0.00100173
0.00876801
-0.00100997
0.00818883
-0.000990603
0.00758913
-0.000951386
0.00698153
-0.000897977
0.00637516
-0.000834639
0.00577846
-0.000764891
0.00519891
-0.000691727
0.0046433
-0.000617643
0.00411628
-0.00054463
0.00362082
-0.000474208
0.00315926
-0.000407505
0.00273323
-0.000345335
0.00234375
-0.00028826
0.00199145
-0.00023666
0.00167637
-0.000190766
0.0013976
-0.000150656
0.00115334
-0.00011626
0.000941273
-8.73728e-05
0.000758656
-6.36753e-05
0.000602443
-4.47535e-05
0.000469265
-3.01167e-05
0.000355401
-1.92192e-05
0.000256698
-1.14788e-05
0.000168415
-6.28552e-06
8.49402e-05
-2.98938e-06
-8.6986e-07
0.00992284
-0.000628832
0.00974764
-0.000734192
0.00944191
-0.000821118
0.00903987
-0.000871454
0.00856557
-0.000890433
0.00804016
-0.000884194
0.0074826
-0.000858312
0.00690737
-0.000817523
0.00632614
-0.000765817
0.00574891
-0.000706624
0.00518437
-0.000642903
0.00463978
-0.000577148
0.00412049
-0.000511382
0.0036304
-0.000447197
0.00317241
-0.00038581
0.00274855
-0.000328124
0.00236025
-0.000274802
0.0020084
-0.000226312
0.00169319
-0.000182963
0.00141378
-0.000144899
0.00116855
-0.000112114
0.000955235
-8.44672e-05
0.000771206
-6.17001e-05
0.000613461
-4.34552e-05
0.000478663
-2.92941e-05
0.000363107
-1.87183e-05
0.000262641
-1.11871e-05
0.000172508
-6.12512e-06
8.70623e-05
-2.91051e-06
-8.46011e-07
0.00932207
-0.000553368
0.00921894
-0.000634604
0.00898811
-0.000706646
0.00865772
-0.000754043
0.00824985
-0.00077741
0.00778411
-0.000779502
0.00727794
-0.00076378
0.00674607
-0.000733748
0.00620112
-0.000692714
0.00565397
-0.000643705
0.00511401
-0.000589428
0.00458904
-0.000532228
0.00408519
-0.000474072
0.00360718
-0.000416553
0.00315857
-0.000360932
0.00274197
-0.000308182
0.00235922
-0.000259042
0.00201153
-0.000214059
0.00169922
-0.000173605
0.00142165
-0.000137894
0.00117739
-0.000106986
0.000964405
-8.08047e-05
0.000780193
-5.91562e-05
0.000621872
-4.17417e-05
0.000486189
-2.81785e-05
0.000369502
-1.80188e-05
0.000267701
-1.07671e-05
0.000176052
-5.88744e-06
8.89157e-05
-2.79085e-06
-8.09355e-07
0.00865708
-0.000484862
0.00861056
-0.000548482
0.00844565
-0.000606989
0.00818341
-0.000648799
0.007842
-0.000672754
0.00743862
-0.000679611
0.00698909
-0.000671212
0.00650761
-0.000649897
0.00600675
-0.000618168
0.00549766
-0.000578498
0.00499004
-0.00053321
0.00449211
-0.000484396
0.0040106
-0.000433877
0.00355094
-0.000383182
0.00311731
-0.000333563
0.00271289
-0.000286027
0.00233998
-0.000241361
0.00200004
-0.000200168
0.00169364
-0.000162879
0.00142039
-0.000129768
0.00117916
-0.000100957
0.000968148
-7.64367e-05
0.000785074
-5.60733e-05
0.000627221
-3.96285e-05
0.000491474
-2.67761e-05
0.000374297
-1.71216e-05
0.000271664
-1.02173e-05
0.000178903
-5.57001e-06
9.04264e-05
-2.62838e-06
-7.59102e-07
0.00795684
-0.000420578
0.0079531
-0.000471271
0.00784331
-0.000518687
0.00764232
-0.000554475
0.0073639
-0.000577096
0.00702224
-0.00058634
0.00663117
-0.000582997
0.00620369
-0.000568487
0.00575176
-0.000544565
0.00528625
-0.000513128
0.00481683
-0.000476063
0.00435189
-0.000435152
0.00389857
-0.000392008
0.00346275
-0.000348041
0.00304915
-0.000304449
0.00266144
-0.000262226
0.00230229
-0.000222182
0.0019735
-0.00018495
0.0016759
-0.000151007
0.00140944
-0.000120676
0.00117329
-9.41361e-05
0.000965946
-7.14345e-05
0.00078539
-5.24969e-05
0.000629118
-3.71425e-05
0.000494194
-2.51018e-05
0.000377232
-1.60334e-05
0.000274332
-9.53979e-06
0.000180927
-5.17283e-06
9.1525e-05
-2.42244e-06
-6.94922e-07
0.00724301
-0.000360523
0.00727107
-0.000401379
0.00720589
-0.000439913
0.00705775
-0.000470114
0.00683652
-0.000490577
0.00655332
-0.000500718
0.00621969
-0.000500725
0.00584705
-0.000491364
0.00544629
-0.00047379
0.00502762
-0.000449375
0.00460036
-0.000419585
0.00417281
-0.000385875
0.00375223
-0.000349621
0.00334475
-0.000312075
0.00295544
-0.000274342
0.00258833
-0.000237372
0.00224646
-0.000201959
0.0019319
-0.000168751
0.00164582
-0.000138247
0.00138849
-0.000110808
0.00115942
-8.6658e-05
0.000957436
-6.58927e-05
0.000780794
-4.84906e-05
0.000627245
-3.43252e-05
0.000494073
-2.31807e-05
0.000378081
-1.47689e-05
0.000275531
-8.7422e-06
0.000182005
-4.6994e-06
9.2149e-05
-2.17439e-06
-6.1714e-07
0.00653335
-0.000305413
0.00658433
-0.000338453
0.00655406
-0.000369832
0.00645005
-0.000395093
0.006279
-0.000413124
0.00604922
-0.000423254
0.00576993
-0.000425358
0.00545075
-0.000419779
0.00510125
-0.00040722
0.00473068
-0.000388627
0.00434773
-0.000365091
0.00396037
-0.000337755
0.00357571
-0.000307755
0.00319993
-0.000276166
0.00283826
-0.000243974
0.00249496
-0.000212054
0.00217332
-0.000181165
0.00187571
-0.000151939
0.00160358
-0.000124883
0.00135755
-0.000100379
0.00113745
-7.86815e-05
0.000942431
-5.99257e-05
0.000771068
-4.41348e-05
0.000621383
-3.12308e-05
0.000490906
-2.10484e-05
0.000376663
-1.335e-05
0.000275117
-7.83753e-06
0.000182034
-4.15682e-06
9.22452e-05
-1.88762e-06
-5.26766e-07
0.0058439
-0.000256007
0.00590894
-0.000282573
0.00590468
-0.000307974
0.00583637
-0.000328909
0.00570811
-0.000344487
0.00552573
-0.000354061
0.00529629
-0.000357359
0.00502757
-0.000354466
0.0047277
-0.000345767
0.00440479
-0.000331881
0.0040667
-0.000313586
0.00372083
-0.000291753
0.00337393
-0.000267289
0.00303206
-0.000241091
0.0027004
-0.000214012
0.00238332
-0.000186836
0.00208428
-0.000160261
0.00180585
-0.000134888
0.00154976
-0.000111212
0.00131693
-8.96184e-05
0.00110749
-7.03809e-05
0.000920939
-5.36626e-05
0.000756141
-3.95226e-05
0.000611417
-2.79247e-05
0.000484564
-1.87493e-05
0.000372856
-1.18059e-05
0.000272985
-6.84379e-06
0.000180937
-3.55559e-06
9.17725e-05
-1.56758e-06
-4.25486e-07
0.00518495
-0.000212052
0.00525649
-0.000233346
0.00527085
-0.000253773
0.00523069
-0.000270976
0.00513805
-0.000284225
0.00499673
-0.000292942
0.00481187
-0.000296803
0.00458954
-0.000295744
0.00433639
-0.000289942
0.00405933
-0.000279776
0.00376525
-0.00026578
0.00346082
-0.000248596
0.00315231
-0.000228929
0.00284543
-0.000207506
0.00254521
-0.000185046
0.00225596
-0.00016223
0.00198121
-0.000139683
0.00172368
-0.00011796
0.00148531
-9.75266e-05
0.00126724
-7.87599e-05
0.00106993
-6.1938e-05
0.000893158
-4.72414e-05
0.000736094
-3.47562e-05
0.00059735
-2.44805e-05
0.000475005
-1.63346e-05
0.000366597
-1.0171e-05
0.000269072
-5.78332e-06
0.000178666
-2.90929e-06
9.07037e-05
-1.22151e-06
-3.1561e-07
0.00456018
-0.000173063
0.00463481
-0.000190142
0.00466237
-0.000206561
0.00464403
-0.000220614
0.0045805
-0.000231747
0.00447404
-0.000239475
0.0043282
-0.000243476
0.00414753
-0.000243614
0.00393732
-0.000239936
0.00370325
-0.000232654
0.00345123
-0.00022212
0.00318709
-0.000208793
0.00291649
-0.000193205
0.00264468
-0.000175932
0.0023764
-0.000157565
0.0021158
-0.000138681
0.00186638
-0.000119824
0.0016309
-0.00010149
0.00141145
-8.41079e-05
0.00120937
-6.80318e-05
0.00102536
-5.35343e-05
0.000859472
-4.0803e-05
0.000711152
-2.99421e-05
0.0005793
-2.09768e-05
0.000462277
-1.38606e-05
0.000357893
-8.48416e-06
0.000263364
-4.68192e-06
0.000175201
-2.23402e-06
8.90273e-05
-8.58244e-07
-1.99984e-07
0.00397511
-0.00013897
0.00405034
-0.000152568
0.00408677
-0.000165711
0.00408497
-0.000177126
0.00404479
-0.000186392
0.00396738
-0.000193109
0.00385504
-0.000196987
0.00371105
-0.000197863
0.00353946
-0.000195708
0.00334484
-0.000190626
0.00313208
-0.000182837
0.00290618
-0.000172658
0.0026721
-0.000160484
0.00243455
-0.00014676
0.00219788
-0.000131958
0.00196601
-0.000116557
0.00174229
-0.000101019
0.00152947
-8.57761e-05
0.00132968
-7.12104e-05
0.00114443
-5.76469e-05
0.000974585
-4.5343e-05
0.000820433
-3.44849e-05
0.000681684
-2.51868e-05
0.000557501
-1.74935e-05
0.000446517
-1.13858e-05
0.000346818
-6.7869e-06
0.000255897
-3.5677e-06
0.000170559
-1.54773e-06
8.67488e-05
-4.87792e-07
-8.18724e-08
0.00343441
-0.000109303
0.00350777
-0.000120099
0.0035496
-0.000130603
0.00355997
-0.00013984
0.00353816
-0.000147496
0.00348453
-0.000153252
0.00340044
-0.000156857
0.00328813
-0.00015815
0.00315062
-0.000157065
0.00299145
-0.000153636
0.00281458
-0.000147994
0.00262419
-0.000140352
0.00242451
-0.000130995
0.00221968
-0.000120258
0.00201361
-0.000108513
0.00180988
-9.61465e-05
0.00161163
-8.35428e-05
0.00142152
-7.1068e-05
0.00124168
-5.90558e-05
0.00107369
-4.77953e-05
0.000918552
-3.75227e-05
0.000776742
-2.84158e-05
0.000648187
-2.05919e-05
0.000532294
-1.41089e-05
0.000427952
-8.9686e-06
0.000333515
-5.1214e-06
0.000246758
-2.46994e-06
0.000164787
-8.69427e-07
8.38912e-05
-1.20927e-07
3.51853e-08
0.00293949
-8.37463e-05
0.00300989
-9.23237e-05
0.00305462
-0.000100708
0.00307363
-0.000108158
0.00306595
-0.000114446
0.00303142
-0.000119323
0.00297071
-0.00012258
0.00288529
-0.000124072
0.00277727
-0.000123719
0.00264936
-0.000121516
0.00250468
-0.000117533
0.0023466
-0.000111908
0.00217869
-0.000104843
0.00200447
-9.65855e-05
0.00182738
-8.74213e-05
0.00165063
-7.76562e-05
0.00147709
-6.76026e-05
0.00130927
-5.75649e-05
0.00114923
-4.78263e-05
0.000998557
-3.86383e-05
0.000858352
-3.02117e-05
0.000729218
-2.27109e-05
0.000611265
-1.62507e-05
0.000504114
-1.08963e-05
0.000406886
-6.6649e-06
0.000318193
-3.52882e-06
0.000236083
-1.4177e-06
0.000157969
-2.18359e-07
8.04946e-05
2.31316e-07
1.47538e-07
0.00249232
-6.21476e-05
0.00255868
-6.89219e-05
0.00260426
-7.55829e-05
0.00262901
-8.15617e-05
0.00263185
-8.66917e-05
0.0026123
-9.07797e-05
0.00257057
-9.36595e-05
0.00250752
-9.52037e-05
0.00242458
-9.5333e-05
0.00232374
-9.40224e-05
0.00220737
-9.1303e-05
0.00207816
-8.72616e-05
0.00193902
-8.20356e-05
0.00179289
-7.58057e-05
0.00164273
-6.87867e-05
0.00149134
-6.12159e-05
0.00134131
-5.33418e-05
0.00119493
-4.54118e-05
0.00105415
-3.76614e-05
0.000920512
-3.03042e-05
0.000795154
-2.35236e-05
0.000678772
-1.74675e-05
0.000571615
-1.2244e-05
0.00047348
-7.92086e-06
0.000383699
-4.52564e-06
0.000301118
-2.04753e-06
0.000224054
-4.38636e-07
0.000150219
3.86887e-07
7.66159e-05
5.58138e-07
2.5159e-07
0.00209365
-4.42782e-05
0.00215492
-4.95785e-05
0.00219963
-5.48273e-05
0.0022277
-5.95855e-05
0.00223799
-6.37326e-05
0.00222987
-6.71198e-05
0.0022032
-6.96153e-05
0.00215841
-7.11132e-05
0.00209641
-7.15405e-05
0.00201857
-7.08633e-05
0.00192667
-6.90897e-05
0.00182279
-6.62707e-05
0.00170923
-6.2498e-05
0.00158842
-5.79001e-05
0.00146283
-5.26353e-05
0.00133486
-4.68841e-05
0.00120677
-4.084e-05
0.00108064
-3.47003e-05
0.000958235
-2.86565e-05
0.00084104
-2.2886e-05
0.000730171
-1.7545e-05
0.000626372
-1.27629e-05
0.000529993
-8.63826e-06
0.000440974
-5.23769e-06
0.000358827
-2.59489e-06
0.000282612
-7.11561e-07
0.000210894
4.42228e-07
0.000141681
9.29181e-07
7.23266e-05
8.49465e-07
3.43968e-07
0.00174238
-2.98745e-05
0.00179795
-3.39641e-05
0.00184051
-3.80478e-05
0.00186996
-4.17879e-05
0.00188519
-4.50976e-05
0.00188546
-4.78632e-05
0.00187044
-4.99817e-05
0.00184024
-5.13667e-05
0.00179537
-5.19548e-05
0.00173674
-5.17099e-05
0.00166562
-5.0627e-05
0.00158356
-4.87333e-05
0.00149236
-4.60881e-05
0.00139397
-4.27802e-05
0.0012904
-3.89242e-05
0.00118366
-3.46544e-05
0.00107572
-3.01187e-05
0.000968363
-2.54709e-05
0.000863202
-2.08637e-05
0.000761595
-1.64414e-05
0.000664612
-1.23341e-05
0.000573009
-8.65213e-06
0.000487196
-5.48323e-06
0.000407224
-2.88983e-06
0.000332753
-9.08411e-07
0.000263034
4.50695e-07
0.000196862
1.20346e-06
0.000132522
1.39356e-06
6.7712e-05
1.09638e-06
4.21667e-07
0.00143638
-1.86242e-05
0.001486
-2.17191e-05
0.00152555
-2.48395e-05
0.00155491
-2.77285e-05
0.00157305
-3.03239e-05
0.00157921
-3.25399e-05
0.00157294
-3.42968e-05
0.00155412
-3.55257e-05
0.00152299
-3.61732e-05
0.00148009
-3.62052e-05
0.00142629
-3.56097e-05
0.00136272
-3.43987e-05
0.00129074
-3.26088e-05
0.00121185
-3.02997e-05
0.00112769
-2.75522e-05
0.0010399
-2.44644e-05
0.00095012
-2.11467e-05
0.000859894
-1.7717e-05
0.000770632
-1.42942e-05
0.000683555
-1.09935e-05
0.000599656
-7.92069e-06
0.00051967
-5.16814e-06
0.000444037
-2.81151e-06
0.000372884
-9.07489e-07
0.000305994
5.07377e-07
0.000242779
1.41733e-06
0.000182243
1.82798e-06
0.000122931
1.7678e-06
6.28676e-05
1.29147e-06
4.82169e-07
0.00117285
-1.0167e-05
0.00121655
-1.24498e-05
0.00125255
-1.47774e-05
0.00128076
-1.69575e-05
0.00130025
-1.89464e-05
0.00131028
-2.068e-05
0.00131033
-2.20976e-05
0.00130017
-2.31455e-05
0.00127981
-2.37799e-05
0.00124955
-2.39706e-05
0.00120993
-2.37026e-05
0.00116175
-2.29788e-05
0.001106
-2.18201e-05
0.00104382
-2.02653e-05
0.000976476
-1.837e-05
0.000905305
-1.62041e-05
0.000831644
-1.38483e-05
0.000756788
-1.13909e-05
0.000681946
-8.92284e-06
0.00060819
-6.53393e-06
0.000536416
-4.30856e-06
0.000467311
-2.32225e-06
0.00040132
-6.38718e-07
0.000338618
6.92167e-07
0.000279082
1.63573e-06
0.000222261
2.17338e-06
0.000167343
2.30348e-06
0.000113112
2.04274e-06
5.78978e-05
1.42908e-06
5.23532e-07
0.000948533
-4.10852e-06
0.000986536
-5.73773e-06
0.00101874
-7.42074e-06
0.0010451
-9.01716e-06
0.00106477
-1.04969e-05
0.00107707
-1.18132e-05
0.00108149
-1.29206e-05
0.0010777
-1.37781e-05
0.0010656
-1.4351e-05
0.00104528
-1.46134e-05
0.00101707
-1.45504e-05
0.000981469
-1.41594e-05
0.000939186
-1.3451e-05
0.000891066
-1.24495e-05
0.000838072
-1.11919e-05
0.000781243
-9.72663e-06
0.000721653
-8.1115e-06
0.000660365
-6.41102e-06
0.00059839
-4.69333e-06
0.000536647
-3.02699e-06
0.000475924
-1.47787e-06
0.000416843
-1.06285e-07
0.000359831
1.03534e-06
0.000305088
1.90439e-06
0.000252559
2.46937e-06
0.000201909
2.71087e-06
0.000152484
2.62256e-06
0.000103282
2.21247e-06
5.29132e-05
1.50538e-06
5.44427e-07
0.000759938
-4.24987e-08
0.000792611
-1.15727e-06
0.000820997
-2.32692e-06
0.000845064
-3.4522e-06
0.000864098
-4.51312e-06
0.000877482
-5.47627e-06
0.00088472
-6.30878e-06
0.000885462
-6.97997e-06
0.000879513
-7.46314e-06
0.000866849
-7.73728e-06
0.000847614
-7.78866e-06
0.00082212
-7.61212e-06
0.000790832
-7.21195e-06
0.000754351
-6.60228e-06
0.000713388
-5.8069e-06
0.000668733
-4.8585e-06
0.000621226
-3.79737e-06
0.000571717
-2.6696e-06
0.000521035
-1.52501e-06
0.000469946
-4.14776e-07
0.000419125
6.10832e-07
0.000369121
1.5047e-06
0.000320324
2.22478e-06
0.000272943
2.73565e-06
0.00022697
3.00975e-06
0.000182159
3.02836e-06
0.000137995
2.78254e-06
9.36651e-05
2.27428e-06
4.80291e-05
1.51841e-06
5.44143e-07
0.000603507
2.4248e-06
0.000631325
1.70255e-06
0.000656034
9.29873e-07
0.000677623
1.74131e-07
0.000695489
-5.51984e-07
0.000709092
-1.22552e-06
0.000717976
-1.82337e-06
0.000721788
-2.32341e-06
0.000720292
-2.70576e-06
0.000713379
-2.95404e-06
0.000701077
-3.05656e-06
0.000683543
-3.00741e-06
0.000661067
-2.80715e-06
0.000634053
-2.46337e-06
0.000603006
-1.99069e-06
0.000568509
-1.41042e-06
0.000531201
-7.49852e-07
0.000491744
-4.10721e-08
0.000450799
6.80408e-07
0.000408992
1.37728e-06
0.000366885
2.01213e-06
0.000324946
2.54906e-06
0.000283525
2.95517e-06
0.00024282
3.20187e-06
0.000202855
3.26592e-06
0.000163454
3.1303e-06
0.000124216
2.78506e-06
8.44924e-05
2.22838e-06
4.33647e-05
1.46797e-06
5.22552e-07
0.000475811
3.65315e-06
0.000499324
3.21816e-06
0.000520632
2.74045e-06
0.000539744
2.26348e-06
0.000556157
1.79479e-06
0.000569407
1.34943e-06
0.000579087
9.43003e-07
0.00058486
5.90821e-07
0.000586475
3.07107e-07
0.000583775
1.04068e-07
0.000576707
-8.98143e-09
0.000565321
-2.64213e-08
0.000549773
5.30213e-08
0.000530315
2.25826e-07
0.000507291
4.83491e-07
0.000481112
8.12631e-07
0.00045225
1.19537e-06
0.000421206
1.61002e-06
0.000388493
2.03196e-06
0.000354609
2.43477e-06
0.00032001
2.79132e-06
0.000285088
3.07502e-06
0.000250141
3.26089e-06
0.000215351
3.32658e-06
0.000180759
3.25319e-06
0.000146243
3.02607e-06
0.000111494
2.63551e-06
7.60035e-05
2.0776e-06
3.90434e-05
1.35537e-06
4.80054e-07
0.000373727
3.95239e-06
0.000393542
3.71593e-06
0.000411833
3.44585e-06
0.000428624
3.16843e-06
0.000443502
2.88775e-06
0.000456072
2.61315e-06
0.000465978
2.35459e-06
0.00047291
2.12219e-06
0.000476618
1.92563e-06
0.00047692
1.77356e-06
0.000473711
1.67297e-06
0.000466968
1.62855e-06
0.000456749
1.64226e-06
0.000443195
1.71287e-06
0.000426519
1.83578e-06
0.000407002
2.00297e-06
0.000384974
2.20316e-06
0.000360806
2.42221e-06
0.000334883
2.64364e-06
0.000307592
2.84933e-06
0.000279296
3.02029e-06
0.000250311
3.13749e-06
0.000220886
3.18266e-06
0.000191182
3.13896e-06
0.000161246
2.99175e-06
0.000130995
2.72909e-06
0.000100195
2.34238e-06
6.84501e-05
1.82704e-06
3.51953e-05
1.18333e-06
4.17511e-07
0.000294636
3.57318e-06
0.000311408
3.46298e-06
0.000327155
3.3283e-06
0.000341916
3.18378e-06
0.000355349
3.03135e-06
0.000367122
2.87638e-06
0.000376926
2.72484e-06
0.000384478
2.583e-06
0.00038954
2.45706e-06
0.000391919
2.35278e-06
0.000391481
2.27502e-06
0.000388152
2.22733e-06
0.000381923
2.21162e-06
0.000372851
2.2278e-06
0.000361053
2.2736e-06
0.000346707
2.34449e-06
0.000330036
2.43371e-06
0.000311302
2.53246e-06
0.000290789
2.63023e-06
0.000268789
2.71518e-06
0.000245585
2.77465e-06
0.000221427
2.79571e-06
0.000196521
2.76565e-06
0.000171002
2.67256e-06
0.000144918
2.50571e-06
0.000118213
2.25611e-06
9.07101e-05
1.91686e-06
6.21048e-05
1.48374e-06
3.19615e-05
9.55775e-07
3.36207e-07
0.000236665
2.70497e-06
0.0002511
2.66511e-06
0.000264864
2.60925e-06
0.000278005
2.54471e-06
0.000290237
2.47224e-06
0.000301277
2.39463e-06
0.000310853
2.31514e-06
0.000318712
2.23728e-06
0.000324624
2.16469e-06
0.000328398
2.10081e-06
0.000329881
2.0487e-06
0.000328966
2.01072e-06
0.0003256
1.98832e-06
0.000319779
1.98181e-06
0.000311553
1.99023e-06
0.000301023
2.01122e-06
0.000288331
2.04106e-06
0.000273658
2.07472e-06
0.000257209
2.10603e-06
0.000239203
2.12792e-06
0.000219857
2.1327e-06
0.000199371
2.11235e-06
0.000177911
2.05888e-06
0.000155589
1.96467e-06
0.000132453
1.82272e-06
0.000108462
1.62698e-06
8.34821e-05
1.3727e-06
5.72749e-05
1.05669e-06
2.95028e-05
6.77856e-07
2.37861e-07
0.000198996
1.48136e-06
0.000211882
1.47245e-06
0.000224324
1.45544e-06
0.000236377
1.43329e-06
0.000247795
1.40625e-06
0.000258326
1.37546e-06
0.000267726
1.34234e-06
0.000275759
1.30846e-06
0.000282208
1.27549e-06
0.00028688
1.24504e-06
0.000289612
1.21861e-06
0.000290279
1.19737e-06
0.000288796
1.18211e-06
0.000285122
1.17311e-06
0.000279261
1.17003e-06
0.000271261
1.17189e-06
0.000261213
1.17706e-06
0.000249239
1.18324e-06
0.000235491
1.18759e-06
0.000220138
1.1868e-06
0.00020335
1.17721e-06
0.000185291
1.15499e-06
0.000166099
1.11626e-06
0.000145871
1.05728e-06
0.000124649
9.74602e-07
0.000102404
8.65186e-07
7.90272e-05
7.2659e-07
5.43237e-05
5.57149e-07
2.80158e-05
3.56258e-07
1.24755e-07
0.000181876
0.000194095
0.000205981
0.000217593
0.000228701
0.000239071
0.000248468
0.000256667
0.000263453
0.00026863
0.000272031
0.000273519
0.000272992
0.000270389
0.000265691
0.000258921
0.000250138
0.000239441
0.000226951
0.000212812
0.000197174
0.00018018
0.000161955
0.000142589
0.000122121
0.000100527
7.77106e-05
5.3494e-05
2.76228e-05
)
;

boundaryField
{
    inlet
    {
        type            calculated;
        value           uniform 0;
    }
    outlet
    {
        type            calculated;
        value           uniform 0;
    }
    flap
    {
        type            calculated;
        value           nonuniform List<scalar> 
33
(
-2.87298e-05
-2.00392e-05
0.000105348
0.000341836
0.000717961
0.00126529
0.00196895
0.00277798
0.00365523
0.00460306
0.00564253
0.00676248
0.00791907
0.00908947
0.0102823
-0.00034999
-4.70128e-05
0.000255704
7.63368e-06
-1.44753e-05
-0.000124435
-0.000344951
-0.000710245
-0.00125584
-0.00196485
-0.00278432
-0.00367467
-0.00463475
-0.00568124
-0.00679744
-0.00793891
-0.00909377
-0.0102812
)
;
    }
    upperWall
    {
        type            calculated;
        value           nonuniform List<scalar> 
63
(
0
0
0
0
0
0
0
0
-9.9889e-16
-9.75293e-16
0
-9.29748e-16
0
-8.86315e-16
0
0
0
0
0
0
0
0
7.14556e-16
0
6.81147e-16
0
0
0
0
0
0
0
1.16608e-20
0
0
0
0
0
0
-6.97943e-16
0
0
0
0
0
0
0
-9.3483e-21
0
0
0
0
0
0
0
0
0
0
0
0
0
-5.90056e-16
0
)
;
    }
    lowerWall
    {
        type            calculated;
        value           uniform 0;
    }
    frontAndBack
    {
        type            empty;
        value           nonuniform List<scalar> 0();
    }
}


// ************************************************************************* //
