/*--------------------------------*- C++ -*----------------------------------*\
| =========                 |                                                 |
| \\      /  F ield         | OpenFOAM: The Open Source CFD Toolbox           |
|  \\    /   O peration     | Version:  2012                                  |
|   \\  /    A nd           | Website:  www.openfoam.com                      |
|    \\/     M anipulation  |                                                 |
\*---------------------------------------------------------------------------*/
FoamFile
{
    version     2.0;
    format      ascii;
    class       surfaceScalarField;
    location    "0.5";
    object      phi;
}
// * * * * * * * * * * * * * * * * * * * * * * * * * * * * * * * * * * * * * //

dimensions      [0 3 -1 0 0 0 0];
oriented        oriented;


internalField   nonuniform List<scalar> 
5457
(
0.198445
0.00149761
0.196613
0.00177546
0.194503
0.00205222
0.192063
0.00237672
0.189287
0.00270473
0.186176
0.00303122
0.182722
0.00336382
0.178913
0.00370936
0.174733
0.00407238
0.170161
0.00445619
0.165178
0.00486343
0.15976
0.00529601
0.153885
0.00575483
0.147532
0.00623947
0.140684
0.00674782
0.133326
0.00727558
0.125454
0.0078155
0.117073
0.00835743
0.108195
0.0088881
0.0988536
0.00939052
0.0890967
0.00984447
0.078993
0.0102275
0.0686306
0.0105161
0.0581176
0.0106872
0.0475796
0.0107199
0.0371573
0.0105973
0.027003
0.0103072
0.0172792
0.0098416
0.00808615
0.0092674
0.0081259
0.199959
0.00148171
0.199316
0.00236305
0.198285
0.00302467
0.196899
0.00369998
0.195148
0.00438489
0.193027
0.0050721
0.190529
0.00577237
0.187641
0.00649824
0.184346
0.00725911
0.180624
0.0080622
0.176452
0.00891351
0.171807
0.00981773
0.166663
0.0107778
0.160993
0.0117943
0.154772
0.0128647
0.147979
0.0139821
0.140599
0.0151346
0.132623
0.0163048
0.124047
0.0174691
0.114882
0.0185973
0.105154
0.0196533
0.0949009
0.0205972
0.0841767
0.0213879
0.0730467
0.0219866
0.0615826
0.0223631
0.0498499
0.022504
0.0378869
0.0224232
0.0256703
0.0221739
0.0130299
0.0219717
0.0211953
0.199809
0.00161569
0.199221
0.00289667
0.198252
0.00393511
0.196951
0.00493848
0.195318
0.00594725
0.193347
0.00696303
0.191031
0.00799813
0.18836
0.00906901
0.18532
0.0101897
0.181894
0.0113716
0.17806
0.0126245
0.173795
0.0139566
0.169074
0.015374
0.163869
0.01688
0.15815
0.0184737
0.15189
0.0201487
0.145064
0.0218922
0.137647
0.0236839
0.129614
0.0254952
0.120952
0.0272885
0.111655
0.0290189
0.101721
0.0306361
0.0911566
0.032088
0.0799755
0.0333266
0.0681934
0.0343159
0.0558219
0.0350449
0.0428446
0.0355505
0.029218
0.0359085
0.0148849
0.0363462
0.0360929
0.19973
0.00182876
0.199137
0.00343487
0.198185
0.00482988
0.196902
0.006158
0.195298
0.00748066
0.193367
0.00881293
0.191105
0.0101699
0.188502
0.0115709
0.185548
0.0130336
0.182227
0.0145732
0.178523
0.0162029
0.174416
0.0179347
0.169882
0.0197778
0.164897
0.021739
0.159432
0.0238202
0.153461
0.0260173
0.146953
0.0283202
0.139874
0.03071
0.132188
0.0331581
0.123862
0.0356267
0.114862
0.0380689
0.105152
0.0404313
0.0946999
0.042658
0.0834713
0.044696
0.071439
0.0465029
0.0585846
0.0480556
0.0449051
0.0493707
0.0304275
0.050481
0.0153126
0.0514734
0.0513958
0.199693
0.00207964
0.199087
0.00398496
0.198149
0.00571111
0.196887
0.00735585
0.195313
0.00898431
0.193421
0.0106234
0.191207
0.0122925
0.188662
0.0140133
0.185776
0.0158068
0.182537
0.0176916
0.178927
0.0196842
0.174928
0.0217998
0.170518
0.0240512
0.165674
0.0264482
0.16037
0.0289964
0.154576
0.0316959
0.148259
0.0345406
0.14138
0.0375162
0.133896
0.0405988
0.125756
0.0437553
0.116907
0.0469431
0.107287
0.0501116
0.0968305
0.053205
0.0854754
0.0561657
0.0731679
0.058939
0.0598808
0.0614729
0.0456664
0.0637071
0.0306633
0.065561
0.0152375
0.0668799
0.0666064
0.199676
0.00234775
0.199065
0.00454059
0.198142
0.00657578
0.19691
0.00852514
0.195372
0.0104504
0.193528
0.0123863
0.19137
0.0143573
0.188892
0.0163876
0.186083
0.0185009
0.182932
0.0207193
0.17942
0.0230626
0.175531
0.0255492
0.171243
0.0281955
0.166531
0.031015
0.161369
0.0340175
0.155726
0.0372084
0.149563
0.0405876
0.142836
0.0441474
0.135493
0.0478723
0.127471
0.0517376
0.118697
0.0557096
0.10909
0.0597443
0.0985623
0.0637879
0.0870315
0.0677756
0.0744354
0.071628
0.0607621
0.0752401
0.0461067
0.0784502
0.0307128
0.0809986
0.0151062
0.0824331
0.0816735
0.19967
0.00262161
0.199061
0.0050937
0.198159
0.0074201
0.19696
0.00966039
0.195467
0.0118717
0.193678
0.0140934
0.191587
0.0163546
0.189187
0.0186823
0.186467
0.0211032
0.183416
0.0236423
0.180018
0.0263227
0.176255
0.0291666
0.172103
0.0321942
0.167539
0.035423
0.162534
0.0388682
0.157051
0.0425416
0.15105
0.0464502
0.14448
0.050596
0.137278
0.0549737
0.129369
0.0595711
0.120664
0.0643667
0.111065
0.069326
0.100466
0.0743979
0.0887686
0.079507
0.0759075
0.0845381
0.0618873
0.0893146
0.0468312
0.093542
0.0310661
0.0967514
0.0152037
0.0982058
0.0968263
0.199671
0.00289426
0.199072
0.00563721
0.198195
0.00823955
0.197035
0.0107563
0.195593
0.0132413
0.193867
0.0157364
0.191852
0.0182747
0.189541
0.0208864
0.186923
0.0236008
0.183987
0.0264457
0.180719
0.0294479
0.177099
0.0326333
0.173105
0.036026
0.168712
0.0396484
0.163887
0.0435219
0.158594
0.0476654
0.152786
0.052095
0.146407
0.056824
0.139384
0.0618603
0.131631
0.0672071
0.123045
0.0728585
0.11351
0.0787926
0.1029
0.0849632
0.0911013
0.0912833
0.0780353
0.0975974
0.0636982
0.10365
0.048248
0.108962
0.0320575
0.112869
0.0157236
0.114416
0.112483
0.199677
0.00316112
0.199093
0.0061653
0.198245
0.00902937
0.197129
0.0118079
0.195745
0.0145527
0.19409
0.0173076
0.192161
0.0201087
0.189949
0.0229893
0.187445
0.0259813
0.184639
0.0291154
0.181517
0.0324218
0.178059
0.03593
0.174244
0.0396683
0.170047
0.0436646
0.165434
0.047947
0.160368
0.0525417
0.154797
0.0574763
0.148659
0.0627765
0.141881
0.0684652
0.13436
0.0745645
0.125984
0.0810875
0.116618
0.0880298
0.106115
0.0953557
0.0943368
0.102972
0.0811621
0.110693
0.0665632
0.118164
0.0507067
0.124714
0.0339404
0.12951
0.0167987
0.131403
0.129203
0.199686
0.00341894
0.199122
0.00667329
0.198308
0.00978499
0.197241
0.0128101
0.195921
0.0158
0.194344
0.0187997
0.192508
0.0218482
0.190405
0.0249812
0.188028
0.0282332
0.185365
0.0316379
0.182404
0.0352284
0.179127
0.0390377
0.175515
0.0430986
0.17154
0.0474447
0.167172
0.0521099
0.162372
0.0571299
0.157087
0.0625429
0.151259
0.0683872
0.144806
0.0747054
0.137615
0.0815401
0.129571
0.0889254
0.120525
0.096882
0.110302
0.105396
0.0987152
0.114392
0.0855757
0.123661
0.0708216
0.132734
0.0545357
0.140816
0.0369589
0.146911
0.0185579
0.149625
0.147679
0.199697
0.00366533
0.199157
0.00715734
0.198381
0.0105022
0.197368
0.0137585
0.196117
0.0169778
0.194625
0.0202064
0.19289
0.0234854
0.190905
0.026853
0.188665
0.030346
0.186158
0.0340006
0.183374
0.0378527
0.180296
0.0419387
0.176907
0.0462955
0.173182
0.0509617
0.169094
0.0559777
0.164601
0.0613881
0.159658
0.0672402
0.15421
0.0735876
0.148166
0.0804927
0.141421
0.0880163
0.133862
0.0962189
0.125325
0.105159
0.115601
0.114865
0.104436
0.125295
0.0915849
0.13623
0.0768626
0.147168
0.0601385
0.157272
0.0414817
0.165333
0.0212408
0.169666
0.16885
0.19971
0.00389844
0.199197
0.00761434
0.198463
0.0111774
0.197508
0.0146488
0.19633
0.018081
0.194929
0.0215217
0.193302
0.0250134
0.191444
0.0285966
0.18935
0.0323101
0.187011
0.0361921
0.184417
0.0402813
0.181556
0.0446167
0.178411
0.049239
0.174962
0.0541911
0.171183
0.0595196
0.167041
0.0652757
0.162495
0.0715167
0.157492
0.0783107
0.151951
0.0857345
0.145782
0.0938687
0.138873
0.102809
0.131051
0.112656
0.122088
0.12349
0.111693
0.135322
0.0995278
0.148
0.0851676
0.161136
0.0681532
0.173922
0.048205
0.184973
0.025379
0.192261
0.194168
0.199725
0.0041168
0.199241
0.00804173
0.198552
0.0118073
0.197658
0.0154774
0.196559
0.0191056
0.195254
0.0227405
0.193741
0.0264263
0.192017
0.030205
0.190077
0.0341172
0.187916
0.0382028
0.185526
0.0425024
0.182895
0.0470575
0.180013
0.0519116
0.176862
0.0571112
0.173423
0.0627072
0.16967
0.0687569
0.165568
0.0753259
0.161076
0.0824916
0.156131
0.090343
0.15066
0.0989833
0.144559
0.108538
0.137676
0.119146
0.129799
0.130942
0.120627
0.144028
0.109709
0.158423
0.0963679
0.173977
0.0796653
0.190146
0.0585533
0.205674
0.0322422
0.218281
0.226344
0.19974
0.0043193
0.199288
0.00843748
0.198647
0.0123894
0.197818
0.0162411
0.196801
0.0200477
0.195596
0.0238586
0.194202
0.027719
0.192618
0.0316723
0.19084
0.0357603
0.188866
0.0400244
0.186688
0.0445064
0.184302
0.0492494
0.181698
0.0542989
0.178865
0.0597037
0.17579
0.0655178
0.172457
0.0718021
0.168842
0.0786272
0.164918
0.0860764
0.160647
0.094248
0.155976
0.10326
0.150835
0.113256
0.14512
0.124404
0.13867
0.136893
0.131227
0.150928
0.122341
0.166726
0.11122
0.184494
0.0964445
0.204322
0.0756429
0.225932
0.0452684
0.248247
0.271503
0.199757
0.00450508
0.199338
0.00879993
0.198747
0.0129214
0.197984
0.0169375
0.197052
0.0209045
0.195951
0.0248724
0.194681
0.0288875
0.193242
0.0329939
0.191632
0.0372342
0.189851
0.0416506
0.187895
0.0462857
0.185762
0.0511835
0.183448
0.0563902
0.180948
0.0619556
0.178257
0.0679346
0.175368
0.0743896
0.172273
0.0813925
0.16896
0.0890281
0.165418
0.0973971
0.161629
0.106622
0.15757
0.116851
0.153204
0.128264
0.148467
0.141076
0.143239
0.155552
0.137282
0.172035
0.130094
0.190998
0.120578
0.213143
0.106239
0.239618
0.081067
0.272919
0.352203
-0.00806131
0.00810851
-0.0202539
0.0121601
-0.0355939
0.0152126
-0.053285
0.0175039
-0.0725337
0.0190477
-0.0926495
0.019934
-0.113036
0.0202459
-0.133161
0.0200362
-0.152518
0.0193223
-0.170596
0.0180977
-0.186868
0.0163421
-0.200787
0.0140314
-0.211792
0.0111511
-0.219329
0.00770936
-0.222869
0.00373201
-0.221978
-0.000688459
-0.216333
-0.0054385
-0.205859
-0.0102698
-0.19078
-0.0148809
-0.171565
-0.0190276
-0.148872
-0.0225196
-0.123486
-0.0252276
-0.0962633
-0.0270819
-0.0680717
-0.0280669
-0.0397268
-0.0282367
-0.0116829
-0.0279508
0.0154043
-0.0270056
0.0411849
-0.0257071
0.0661831
-0.0249292
-0.0268823
-0.0113791
0.0195312
-0.0253244
0.0260573
-0.0414205
0.031164
-0.0592411
0.0351306
-0.0782622
0.0378724
-0.0979692
0.0394671
-0.117864
0.0400098
-0.137461
0.0395542
-0.156272
0.0381093
-0.173791
0.0356459
-0.189485
0.0321139
-0.202794
0.0274604
-0.213142
0.0216518
-0.219954
0.0146993
-0.222722
0.00669571
-0.221025
-0.00217909
-0.214627
-0.0116278
-0.20353
-0.0211614
-0.187969
-0.030243
-0.16841
-0.0383973
-0.145507
-0.0452492
-0.120031
-0.0505456
-0.0928082
-0.0541634
-0.0646332
-0.0561171
-0.0361777
-0.0565842
-0.00812152
-0.0559143
0.018837
-0.053883
0.0445754
-0.0513723
0.0696164
-0.0499016
-0.0518229
-0.0133221
0.0328821
-0.0283772
0.0410331
-0.0447194
0.0473331
-0.0621446
0.0523505
-0.0803604
0.0558979
-0.0990441
0.0579901
-0.117826
0.0586781
-0.136307
0.0579755
-0.154054
0.0558526
-0.170599
0.0522382
-0.185427
0.0470357
-0.19798
0.0401474
-0.207672
0.0315092
-0.21392
0.0211356
-0.216186
0.00916617
-0.214056
-0.00409435
-0.207282
-0.0181872
-0.195899
-0.0323363
-0.180183
-0.0457576
-0.160628
-0.0577605
-0.1379
-0.0678018
-0.112768
-0.0755182
-0.086043
-0.0807469
-0.0584867
-0.0835482
-0.0307262
-0.0842366
-0.0036207
-0.0829268
0.022366
-0.0797885
0.0472924
-0.0762258
0.0714204
-0.0739612
-0.0751711
-0.0145245
0.0474176
-0.0301101
0.0565047
-0.0462644
0.0632924
-0.0629536
0.0688269
-0.0800896
0.072848
-0.0975154
0.0752723
-0.11499
0.0760638
-0.132213
0.0751668
-0.148819
0.0724822
-0.164374
0.0678671
-0.178372
0.0611515
-0.190239
0.0521687
-0.199352
0.0408056
-0.205079
0.0270668
-0.20685
0.0111544
-0.204237
-0.00648287
-0.197042
-0.0251586
-0.185363
-0.0438004
-0.169524
-0.0613896
-0.150048
-0.0770405
-0.127608
-0.0900644
-0.102961
-0.100006
-0.0768884
-0.106676
-0.0501241
-0.110186
-0.0233372
-0.110914
0.0026004
-0.108771
0.0274216
-0.104528
0.0512595
-0.0999909
0.0741744
-0.0968076
-0.0968523
-0.0150706
0.0624863
-0.0305818
0.0718752
-0.0461003
0.07861
-0.061749
0.0842686
-0.0775968
0.0885224
-0.0936021
0.0911596
-0.109639
0.092044
-0.125493
0.0910251
-0.140859
0.0879074
-0.155334
0.0824495
-0.168416
0.0743823
-0.179513
0.0634464
-0.187962
0.0494608
-0.193087
0.0324148
-0.194273
0.0125741
-0.191128
-0.00939084
-0.183505
-0.0325485
-0.171577
-0.0555033
-0.155724
-0.0770281
-0.13649
-0.0960748
-0.114535
-0.111838
-0.0905929
-0.123787
-0.0654091
-0.131715
-0.0396933
-0.135774
-0.0141739
-0.136324
0.0104099
-0.13326
0.0338942
-0.12793
0.0564311
-0.122455
0.0779198
-0.118228
-0.116803
-0.0149045
0.0773757
-0.02972
0.0865299
-0.0441513
0.0928489
-0.0584385
0.098368
-0.0727602
0.102693
-0.0871627
0.105479
-0.101604
0.10647
-0.115943
0.105411
-0.129927
0.101993
-0.143187
0.0958563
-0.155232
0.0866107
-0.165452
0.0738795
-0.173146
0.0573877
-0.177589
0.0371034
-0.178102
0.0133394
-0.174377
-0.0128631
-0.166346
-0.040334
-0.154278
-0.0673365
-0.138593
-0.0924913
-0.119833
-0.114628
-0.098634
-0.132852
-0.0756754
-0.146582
-0.0516549
-0.155588
-0.0272493
-0.16005
-0.00335849
-0.160104
0.0196089
-0.156132
0.0416691
-0.149908
0.0627362
-0.143448
0.0826321
-0.138054
-0.134958
-0.013956
0.0912953
-0.0274543
0.0998533
-0.0403517
0.105572
-0.0529346
0.1108
-0.0654504
0.115097
-0.0780257
0.118015
-0.0906725
0.11915
-0.103309
0.118144
-0.115733
0.114566
-0.127609
0.107924
-0.138461
0.0976855
-0.147666
0.0833322
-0.154485
0.0644699
-0.158124
0.0410132
-0.157948
0.0134372
-0.153624
-0.0169185
-0.145269
-0.0484291
-0.13325
-0.0791102
-0.117996
-0.107515
-0.100017
-0.132395
-0.0798993
-0.15278
-0.0582488
-0.168064
-0.0357168
-0.17797
-0.0130104
-0.182625
0.00901121
-0.182013
0.0302004
-0.177226
0.0506797
-0.170304
0.0701113
-0.162806
0.0882727
-0.156147
-0.151261
-0.0122043
0.103449
-0.0237945
0.111268
-0.0347097
0.116336
-0.0452349
0.121225
-0.0556398
0.125454
-0.0661116
0.128506
-0.0767161
0.129847
-0.0874194
0.129
-0.098066
0.125414
-0.108357
0.118454
-0.117836
0.107431
-0.125877
0.0916577
-0.131706
0.070593
-0.134483
0.0440884
-0.133487
0.0127377
-0.128612
-0.0215068
-0.1201
-0.0566674
-0.108409
-0.0905449
-0.0939304
-0.121755
-0.0770891
-0.149018
-0.0584171
-0.171256
-0.038417
-0.187891
-0.0176916
-0.198543
0.00283411
-0.203019
0.0227547
-0.201821
0.0421762
-0.19655
0.0608685
-0.188913
0.0784918
-0.180355
0.0947931
-0.172378
-0.165671
-0.00973316
0.113131
-0.0188894
0.120267
-0.0273697
0.124705
-0.03546
0.12928
-0.0434227
0.133446
-0.0514784
0.13665
-0.0597514
0.13828
-0.0682444
0.137712
-0.0768483
0.134278
-0.0853015
0.127197
-0.0931771
0.115618
-0.0998664
0.0986697
-0.104572
0.0756257
-0.106481
0.0463244
-0.104586
0.0111601
-0.0992546
-0.0265321
-0.0908431
-0.0647907
-0.0798476
-0.101273
-0.0665536
-0.134802
-0.0512349
-0.164111
-0.034383
-0.187907
-0.0163537
-0.205743
0.00199799
-0.21674
0.0201091
-0.220996
0.0379759
-0.219573
0.0554343
-0.213911
0.0721434
-0.205538
0.0877957
-0.195932
0.102127
-0.186639
-0.178156
-0.00675376
0.119845
-0.0129995
0.126393
-0.0186033
0.130259
-0.0238558
0.134577
-0.029019
0.138734
-0.0343377
0.142142
-0.0399737
0.144143
-0.0459592
0.143981
-0.0522185
0.140855
-0.0585328
0.133853
-0.0645137
0.121956
-0.0696209
0.104138
-0.0730679
0.0794313
-0.0739075
0.0475184
-0.0713303
0.00892417
-0.0656997
-0.0318394
-0.0577582
-0.0724285
-0.0478848
-0.110867
-0.0362023
-0.146229
-0.0228027
-0.177278
-0.00806381
-0.20244
0.00739566
-0.221022
0.0230631
-0.23225
0.038872
-0.236669
0.0545704
-0.235156
0.0698386
-0.229081
0.0843765
-0.219991
0.0979119
-0.209392
0.110182
-0.198839
-0.188697
-0.00341738
0.123245
-0.006309
0.129217
-0.00873364
0.132716
-0.0107804
0.136765
-0.0128168
0.141003
-0.0151074
0.144715
-0.0178159
0.147159
-0.0210053
0.147513
-0.0246179
0.144838
-0.0284763
0.138099
-0.0322458
0.126125
-0.0355523
0.107844
-0.0375651
0.0818328
-0.0369223
0.0472561
-0.0337941
0.00616181
-0.0283864
-0.0369057
-0.0214372
-0.0790606
-0.0130488
-0.118964
-0.00330674
-0.155707
0.00768203
-0.18803
0.0196743
-0.214222
0.0323832
-0.233547
0.045624
-0.245331
0.0590356
-0.249944
0.07232
-0.248323
0.0851935
-0.241855
0.0973973
-0.232109
0.108696
-0.220615
0.11884
-0.208912
-0.19729
0.000240266
0.123018
0.000746481
0.128712
0.00191419
0.131684
0.00338198
0.135546
0.00469497
0.140025
0.00560261
0.144198
0.00598637
0.147186
0.00579882
0.148113
0.00507206
0.145981
0.0039307
0.139666
0.00253392
0.127954
0.00139711
0.109409
0.00189545
0.0817537
0.0040709
0.0454868
0.00743034
0.00318839
0.01182
-0.0409377
0.0171803
-0.0840921
0.0234867
-0.12497
0.030819
-0.162768
0.0391925
-0.196161
0.0486435
-0.223458
0.0588217
-0.243538
0.0694655
-0.255813
0.0802601
-0.2606
0.0909345
-0.25888
0.10125
-0.25207
0.110994
-0.241767
0.119971
-0.229515
0.127953
-0.216822
-0.203953
0.00394433
0.119125
0.00839548
0.124358
0.0133616
0.126975
0.0184258
0.130847
0.0230915
0.135792
0.0271522
0.140615
0.0305693
0.144272
0.0333679
0.145807
0.0356009
0.144213
0.037426
0.138299
0.0390904
0.126745
0.0410717
0.107878
0.0436615
0.0796096
0.0467586
0.0428188
0.0499415
0.000406317
0.0531235
-0.0437499
0.0565682
-0.0871978
0.0606795
-0.128773
0.0657069
-0.167518
0.0717098
-0.201917
0.0786249
-0.230156
0.0861771
-0.2509
0.0941009
-0.263573
0.102137
-0.268496
0.110068
-0.266693
0.117716
-0.259617
0.124923
-0.248887
0.131535
-0.236051
0.137354
-0.222569
-0.208723
0.00829384
0.110958
0.0171037
0.115789
0.0258413
0.118627
0.0342684
0.122886
0.0420027
0.128568
0.0489589
0.134196
0.0551995
0.138589
0.060817
0.14074
0.065918
0.139627
0.070662
0.134048
0.0752796
0.122608
0.080048
0.103577
0.0846452
0.0754746
0.0885654
0.039342
0.0914784
-0.00209535
0.0935313
-0.045424
0.0953489
-0.0886689
0.0975728
-0.130683
0.100565
-0.170228
0.104378
-0.205479
0.10888
-0.234438
0.113829
-0.255658
0.119001
-0.26858
0.124215
-0.27357
0.129339
-0.271697
0.134271
-0.264447
0.138916
-0.253444
0.143168
-0.240226
0.146862
-0.226189
-0.211663
0.0170433
0.094307
0.0277558
0.105391
0.039406
0.107427
0.0506242
0.112179
0.0609032
0.118832
0.0703353
0.12533
0.0790679
0.130433
0.0872187
0.133161
0.0949135
0.132479
0.102288
0.127196
0.109475
0.115925
0.116428
0.097109
0.12255
0.0698231
0.127172
0.0351685
0.129987
-0.00449332
0.131327
-0.0463788
0.132062
-0.0890532
0.132978
-0.131281
0.134433
-0.171398
0.136409
-0.207201
0.138723
-0.23653
0.141175
-0.257918
0.143633
-0.270872
0.146031
-0.275826
0.148349
-0.273895
0.150579
-0.266575
0.152698
-0.255474
0.154647
-0.242097
0.156292
-0.227761
-0.212864
0.207425
0.00467956
0.207027
0.00913975
0.206467
0.0134189
0.205749
0.0175869
0.204875
0.0217007
0.203845
0.0258112
0.202662
0.0299648
0.201327
0.0342063
0.19984
0.0385787
0.198204
0.0431243
0.196418
0.0478859
0.194484
0.0529073
0.192404
0.0582344
0.19018
0.0639163
0.187815
0.0700072
0.185313
0.0765675
0.182683
0.0836667
0.179934
0.0913857
0.177083
0.0998199
0.174152
0.109084
0.171177
0.119314
0.168206
0.130676
0.165309
0.143363
0.162585
0.157614
0.160188
0.173722
0.158368
0.192071
0.157578
0.213175
0.159328
0.237157
0.172884
0.258828
0.266702
0.25804
0.212463
0.00483828
0.212094
0.00944819
0.21158
0.0138693
0.210924
0.0181728
0.210128
0.0224164
0.209195
0.0266509
0.208127
0.0309234
0.206929
0.0352783
0.205604
0.0397584
0.204155
0.0444059
0.202587
0.0492626
0.200906
0.0543714
0.19912
0.0597765
0.197238
0.0655249
0.195273
0.0716672
0.193242
0.0782597
0.191171
0.0853654
0.18909
0.0930556
0.187047
0.101412
0.185106
0.110531
0.18336
0.120522
0.181943
0.131505
0.181056
0.143614
0.181003
0.156982
0.182285
0.171717
0.185777
0.187835
0.193118
0.205092
0.207067
0.222525
0.227324
0.238055
0.249513
0.24426
0.217623
0.00497939
0.217288
0.00972174
0.216825
0.0142674
0.216237
0.0186885
0.215528
0.0230431
0.214701
0.027382
0.213762
0.0317519
0.212715
0.0361967
0.211565
0.0407587
0.210321
0.0454787
0.20899
0.0503974
0.207584
0.0555552
0.206116
0.0609938
0.204604
0.0667562
0.20307
0.0728876
0.201544
0.0794372
0.200066
0.0864583
0.19869
0.0940084
0.197488
0.10215
0.196561
0.11095
0.196051
0.120482
0.196149
0.130812
0.197134
0.141987
0.199404
0.154032
0.203533
0.166884
0.210333
0.180329
0.22078
0.193963
0.235553
0.207144
0.253813
0.219334
0.227207
0.275885
0.22291
0.00510115
0.222611
0.00995701
0.222204
0.0146083
0.221691
0.0191278
0.221077
0.0235733
0.220367
0.0279952
0.219566
0.0324396
0.218682
0.0369496
0.217723
0.041566
0.2167
0.046328
0.215624
0.051274
0.214511
0.0564415
0.213382
0.0618681
0.212261
0.0675915
0.21118
0.07365
0.210179
0.0800834
0.209313
0.0869329
0.208654
0.0942394
0.208293
0.102043
0.208351
0.110378
0.209007
0.119277
0.210476
0.128758
0.21304
0.138796
0.217095
0.149322
0.223121
0.160192
0.231665
0.171134
0.24326
0.18176
0.258442
0.191435
0.277961
0.199421
0.203611
0.301352
0.228326
0.00520191
0.228068
0.0101508
0.227721
0.0148875
0.227289
0.0194846
0.226778
0.0239996
0.226192
0.0284822
0.225541
0.0329771
0.224831
0.0375263
0.224075
0.0421686
0.223286
0.0469412
0.22248
0.0518792
0.221676
0.0570166
0.220901
0.0623862
0.220187
0.0680193
0.219571
0.073946
0.219102
0.0801951
0.218848
0.0867939
0.218896
0.0937662
0.219346
0.101131
0.220321
0.108894
0.222014
0.117045
0.224649
0.125561
0.228475
0.134375
0.233822
0.143359
0.241074
0.152329
0.25061
0.161011
0.26282
0.169015
0.27804
0.175764
0.296439
0.18069
0.183237
0.316638
0.233875
0.00528013
0.233659
0.0103002
0.233377
0.0151007
0.233033
0.0197536
0.23263
0.0243157
0.232178
0.0288353
0.231684
0.033356
0.231159
0.0379176
0.230617
0.042557
0.230073
0.0473084
0.229547
0.0522034
0.229064
0.0572718
0.228652
0.0625407
0.228352
0.0680346
0.228207
0.0737756
0.228267
0.0797815
0.228606
0.0860635
0.229325
0.0926297
0.230529
0.0994804
0.232336
0.106597
0.234921
0.11394
0.238495
0.121452
0.243277
0.129039
0.249515
0.136556
0.257486
0.143807
0.267447
0.150529
0.279597
0.156399
0.293961
0.161016
0.310351
0.164023
0.165445
0.327994
0.239558
0.00533442
0.239389
0.0104026
0.239176
0.0152441
0.238923
0.01993
0.238637
0.0245158
0.238324
0.0290483
0.237996
0.0335692
0.237664
0.0381164
0.237343
0.0427239
0.237053
0.0474228
0.236815
0.052241
0.236658
0.0572032
0.236613
0.0623309
0.236725
0.0676418
0.237043
0.0731496
0.237619
0.0788614
0.238527
0.0847753
0.239865
0.0908851
0.241742
0.0971736
0.244274
0.103604
0.247604
0.11012
0.251909
0.116645
0.257368
0.123072
0.264161
0.129254
0.272467
0.13501
0.28242
0.140119
0.294078
0.144341
0.307354
0.147414
0.322035
0.149109
0.149629
0.337726
0.245381
0.00536357
0.24526
0.0104556
0.24512
0.0153145
0.244963
0.0200098
0.244797
0.0245953
0.24463
0.0291161
0.244473
0.0336118
0.244339
0.0381175
0.244247
0.0426647
0.244215
0.0472809
0.244269
0.05199
0.244439
0.0568119
0.244759
0.0617623
0.245274
0.0668524
0.246036
0.0720876
0.247102
0.0774651
0.248542
0.0829739
0.250445
0.0885954
0.25291
0.0942993
0.256045
0.100037
0.259971
0.105744
0.264823
0.111334
0.270733
0.116701
0.277824
0.12171
0.286195
0.126208
0.295899
0.130022
0.30692
0.132978
0.319148
0.134912
0.332382
0.135682
0.135547
0.346358
0.251345
0.00536656
0.251275
0.0104574
0.25121
0.0153093
0.251153
0.0199899
0.251112
0.0245508
0.251094
0.0290352
0.251113
0.0334802
0.251182
0.0379183
0.25132
0.0423779
0.251548
0.0468829
0.251894
0.0514532
0.252386
0.0561041
0.253063
0.0608459
0.253967
0.0656836
0.25515
0.0706154
0.25667
0.0756312
0.258591
0.0807122
0.260993
0.0858308
0.263963
0.0909481
0.267591
0.0960105
0.271976
0.100949
0.277214
0.105681
0.283399
0.110105
0.290602
0.114109
0.298869
0.117568
0.308203
0.120352
0.318552
0.122342
0.329802
0.123436
0.341769
0.123556
0.122959
0.354271
0.257453
0.00534263
0.257436
0.0104066
0.257449
0.0152267
0.257495
0.019868
0.257581
0.0243801
0.257716
0.0288036
0.257912
0.033173
0.258185
0.0375183
0.258554
0.0418644
0.25904
0.0462321
0.259671
0.0506371
0.260478
0.0550906
0.261497
0.0595979
0.26277
0.0641587
0.264346
0.0687655
0.266278
0.0734026
0.268628
0.0780457
0.271461
0.0826617
0.274851
0.0872076
0.278871
0.0916283
0.283594
0.0958572
0.289088
0.0998173
0.29541
0.103422
0.302597
0.106578
0.310658
0.109188
0.319566
0.11116
0.329254
0.112415
0.339612
0.112893
0.350488
0.112554
0.111629
0.36175
0.26371
0.00529123
0.263747
0.0103022
0.263839
0.0150653
0.263989
0.0196429
0.264204
0.0240821
0.264492
0.0284208
0.264866
0.0326909
0.265342
0.0369195
0.265939
0.0411285
0.266678
0.0453352
0.267586
0.049552
0.268694
0.053786
0.270037
0.0580386
0.271653
0.0623051
0.273588
0.0665737
0.275891
0.0708249
0.278613
0.0750314
0.28181
0.0791574
0.28554
0.0831591
0.28986
0.0869834
0.294821
0.0905692
0.300465
0.0938489
0.306824
0.0967502
0.313907
0.099199
0.321702
0.101124
0.330167
0.10246
0.33923
0.103157
0.348792
0.103182
0.358728
0.102519
0.101368
0.368938
0.270118
0.00521209
0.27021
0.0101437
0.270382
0.0148249
0.270637
0.0193146
0.270981
0.0236572
0.271422
0.0278881
0.271972
0.0320364
0.272648
0.0361262
0.273466
0.0401766
0.27445
0.0442019
0.275623
0.0482113
0.277016
0.0522085
0.278659
0.0561918
0.280591
0.0601532
0.282849
0.0640781
0.285476
0.0679451
0.288516
0.0717253
0.292013
0.0753831
0.296011
0.0788761
0.300551
0.0821557
0.305665
0.0851681
0.311377
0.0878561
0.317699
0.0901612
0.324622
0.0920269
0.33212
0.0934013
0.340146
0.0942415
0.348629
0.0945167
0.357482
0.0942117
0.366603
0.0933239
0.0920233
0.375911
0.276681
0.00510521
0.276828
0.00993139
0.277081
0.0145057
0.27744
0.0188838
0.277911
0.0231072
0.278503
0.0272084
0.279226
0.0312138
0.280095
0.0351448
0.281128
0.0390178
0.282344
0.0428444
0.283768
0.0466309
0.285426
0.0503787
0.287346
0.0540835
0.289561
0.0577352
0.292104
0.0613179
0.295011
0.0648091
0.298316
0.0681807
0.302054
0.0713984
0.306255
0.0744235
0.310946
0.0772128
0.316145
0.0797204
0.321862
0.0818996
0.328093
0.0837044
0.334819
0.0850929
0.342008
0.0860288
0.349608
0.0864847
0.357557
0.0864437
0.365778
0.0859016
0.374183
0.084864
0.0834735
0.38271
0.283402
0.00497084
0.283604
0.00966573
0.283936
0.014109
0.284399
0.0183526
0.284996
0.022435
0.285734
0.0263858
0.286625
0.0302291
0.28768
0.0339835
0.288916
0.0376631
0.290352
0.0412768
0.292009
0.0448291
0.29391
0.0483191
0.29608
0.0517412
0.298546
0.0550842
0.301337
0.0583314
0.30448
0.0614612
0.308001
0.0644467
0.311925
0.0672569
0.316272
0.0698571
0.321057
0.0722103
0.326287
0.0742786
0.33196
0.0760245
0.338062
0.0774133
0.34457
0.0784146
0.351446
0.079004
0.358642
0.0791651
0.366099
0.0788909
0.37375
0.0781836
0.381523
0.0770537
0.0756196
0.389363
0.290284
0.00480949
0.290541
0.00934785
0.290952
0.0136365
0.291515
0.0177235
0.292234
0.0216444
0.293114
0.0254261
0.294165
0.0290899
0.295397
0.0326522
0.296825
0.0361249
0.298466
0.039515
0.300336
0.0428252
0.302457
0.0460534
0.30485
0.049193
0.307536
0.0522325
0.310537
0.0551558
0.313874
0.0579425
0.317566
0.0605682
0.321628
0.0630053
0.326073
0.065224
0.330904
0.0671935
0.336121
0.068883
0.341714
0.0702636
0.347663
0.0713095
0.35394
0.0719994
0.360508
0.072318
0.36732
0.0722567
0.374323
0.0718147
0.38146
0.0709987
0.388668
0.0698215
0.0683802
0.395902
0.297333
0.00462187
0.297643
0.00897927
0.298129
0.0130907
0.29879
0.0170003
0.299626
0.0207406
0.300642
0.0243358
0.301845
0.0278048
0.303243
0.031162
0.30485
0.0344171
0.306679
0.0375759
0.308743
0.0406395
0.311061
0.0436053
0.313649
0.0464663
0.316523
0.0492114
0.319699
0.0518256
0.323192
0.0542905
0.327014
0.0565844
0.331174
0.0586837
0.335674
0.0605634
0.340513
0.0621984
0.345683
0.0635645
0.351169
0.0646398
0.356948
0.0654057
0.36299
0.0658481
0.369257
0.0659583
0.375707
0.0657332
0.382293
0.0651761
0.388963
0.064296
0.395665
0.0631071
0.0616881
0.402357
0.30455
0.00440892
0.304912
0.00856188
0.305472
0.0124746
0.306226
0.0161873
0.307174
0.0197294
0.308318
0.0231225
0.309664
0.0263835
0.311217
0.0295246
0.312988
0.0325542
0.314988
0.0354766
0.317226
0.0382924
0.319717
0.0409983
0.322473
0.0435876
0.325505
0.0460502
0.328825
0.0483726
0.33244
0.0505385
0.336356
0.0525295
0.340577
0.0543258
0.345099
0.055907
0.349915
0.057253
0.355013
0.0583453
0.360374
0.0591679
0.365972
0.0597079
0.371778
0.0599567
0.377756
0.0599101
0.383867
0.0595689
0.390067
0.0589389
0.396312
0.0580306
0.402557
0.0568582
0.0554854
0.408766
0.311941
0.00417172
0.312352
0.00809789
0.312982
0.0117915
0.313826
0.0152891
0.31488
0.018617
0.316144
0.0217944
0.317622
0.024836
0.319318
0.0277526
0.321239
0.0305509
0.323392
0.0332345
0.325785
0.0358034
0.328427
0.0382545
0.331325
0.0405816
0.334488
0.0427756
0.337921
0.0448249
0.341627
0.0467156
0.345608
0.0484325
0.34986
0.0499592
0.354377
0.0512795
0.359147
0.052378
0.364154
0.0532409
0.369377
0.0538566
0.37479
0.054217
0.380364
0.0543172
0.386066
0.0541566
0.391858
0.0537383
0.397704
0.0530697
0.403562
0.0521617
0.409395
0.0510283
0.0497206
0.415169
0.319508
0.00391147
0.319968
0.0075897
0.320665
0.0110453
0.321592
0.014311
0.322745
0.0174102
0.324122
0.0203599
0.325722
0.0231728
0.327549
0.0258581
0.329605
0.0284216
0.331894
0.0308662
0.334422
0.0331915
0.337193
0.0353948
0.340211
0.0374707
0.34348
0.0394113
0.347001
0.041207
0.350773
0.0428463
0.354792
0.0443167
0.359052
0.0456054
0.363541
0.0466997
0.368247
0.0475881
0.373151
0.0482604
0.378229
0.0487091
0.383458
0.0489292
0.388809
0.0489189
0.394249
0.0486795
0.399745
0.0482161
0.405264
0.0475365
0.410772
0.0466518
0.416232
0.0455752
0.0443473
0.421618
0.327258
0.00362941
0.327762
0.00703981
0.328522
0.0102398
0.329529
0.0132582
0.330774
0.0161159
0.332254
0.0188275
0.333967
0.021404
0.335911
0.0238533
0.338088
0.0261803
0.340498
0.0283872
0.343143
0.0304738
0.346024
0.0324378
0.349142
0.0342745
0.352495
0.0359777
0.356082
0.0375393
0.359897
0.0389502
0.363934
0.0402006
0.368183
0.0412805
0.372631
0.0421805
0.377261
0.0428919
0.382053
0.043408
0.386987
0.0437239
0.392035
0.0438371
0.397172
0.0437479
0.402367
0.0434592
0.407591
0.0429766
0.412813
0.0423084
0.418002
0.0414651
0.423129
0.0404592
0.0393226
0.428167
0.335192
0.00332678
0.33574
0.00645069
0.336559
0.00937858
0.337639
0.0121359
0.338971
0.0147407
0.340546
0.0172054
0.342361
0.0195395
0.344412
0.0217495
0.346697
0.0238396
0.349213
0.0258117
0.351959
0.0276657
0.354933
0.0293997
0.358131
0.0310099
0.361551
0.0324915
0.365185
0.0338381
0.369027
0.0350426
0.373067
0.0360976
0.377292
0.0369955
0.381687
0.0377294
0.386234
0.0382934
0.390914
0.0386829
0.395705
0.0388953
0.400581
0.0389299
0.405517
0.0387883
0.410487
0.0384743
0.415462
0.0379938
0.420415
0.0373549
0.425319
0.0365674
0.430148
0.0356427
0.0346061
0.434879
0.343318
0.00300472
0.343905
0.00582461
0.344781
0.00846532
0.34593
0.0109489
0.34734
0.0132908
0.349003
0.0155013
0.350911
0.0175882
0.353058
0.0195569
0.355438
0.021411
0.358047
0.0231521
0.360881
0.0247803
0.363933
0.026294
0.367198
0.0276905
0.370669
0.0289659
0.374337
0.0301157
0.378193
0.0311343
0.382224
0.0320163
0.386417
0.0327562
0.390754
0.0333492
0.395218
0.0337914
0.399788
0.03408
0.404442
0.0342139
0.409158
0.0341936
0.41391
0.0340216
0.418674
0.033702
0.423425
0.0332407
0.428138
0.0326454
0.432789
0.031925
0.437356
0.0310897
0.0301592
0.441818
0.351638
0.00266413
0.352264
0.00516345
0.353192
0.00750303
0.354406
0.00970172
0.35589
0.011772
0.357633
0.0137221
0.359625
0.0155581
0.361858
0.0172845
0.364324
0.0189043
0.367015
0.0204187
0.369924
0.021828
0.373042
0.0231312
0.376362
0.0243262
0.379874
0.0254103
0.383567
0.02638
0.387429
0.0272314
0.391446
0.0279607
0.395603
0.028564
0.399882
0.0290381
0.404265
0.0293807
0.408731
0.0295902
0.413261
0.0296666
0.41783
0.0296113
0.422416
0.0294269
0.426998
0.0291178
0.431551
0.0286896
0.436054
0.0281491
0.440485
0.0275044
0.444824
0.0267644
0.0259443
0.449053
0.360158
0.00230556
0.360821
0.00446841
0.3618
0.00649396
0.363074
0.00839784
0.364626
0.0101892
0.366443
0.0118737
0.368513
0.013456
0.370824
0.0149398
0.373367
0.0163273
0.376131
0.0176197
0.379106
0.0188172
0.382282
0.019919
0.385649
0.020924
0.389194
0.0218301
0.392906
0.022635
0.39677
0.023336
0.400771
0.0239304
0.404893
0.0244157
0.409119
0.0247899
0.413428
0.0250518
0.417802
0.0252007
0.422221
0.0252372
0.426662
0.0251631
0.431104
0.0249813
0.435527
0.0246957
0.43991
0.0243115
0.444233
0.0238347
0.448476
0.0232723
0.452623
0.022632
0.0219256
0.456655
0.368883
0.00192878
0.369584
0.00373945
0.370612
0.00543929
0.371943
0.00703991
0.373559
0.00854597
0.375445
0.00996053
0.377587
0.0112871
0.37997
0.0125283
0.382583
0.0136858
0.385413
0.0147606
0.388449
0.0157527
0.391678
0.0166618
0.395087
0.0174871
0.398662
0.0182273
0.402391
0.0188808
0.406258
0.0194459
0.410246
0.0199209
0.414339
0.0203041
0.418519
0.0205945
0.422766
0.0207915
0.427062
0.0208951
0.431387
0.0209063
0.435721
0.0208268
0.440044
0.0206594
0.444335
0.0204077
0.448577
0.0200762
0.452751
0.0196699
0.45684
0.0191948
0.460828
0.0186571
0.0180659
0.4647
0.377821
0.00153208
0.378561
0.00297435
0.379637
0.00433913
0.381023
0.0056304
0.382699
0.00684603
0.384649
0.00798687
0.386857
0.00905566
0.389308
0.0100543
0.391986
0.0109838
0.394878
0.0118447
0.397971
0.012637
0.401249
0.0133607
0.4047
0.0140152
0.408307
0.0145997
0.412055
0.0151133
0.415929
0.0155548
0.419912
0.0159232
0.423986
0.0162177
0.428132
0.0164375
0.432334
0.0165827
0.43657
0.0166536
0.440824
0.0166511
0.445074
0.0165771
0.449303
0.0164337
0.453492
0.0162243
0.457624
0.0159522
0.461681
0.0156219
0.465649
0.015238
0.469513
0.0148056
0.0143316
0.473259
0.386979
0.00111024
0.387765
0.00216523
0.388892
0.00319014
0.390333
0.00416862
0.392069
0.00508967
0.394082
0.00595387
0.396354
0.00676369
0.398868
0.00752005
0.401609
0.0082232
0.404561
0.00887332
0.407709
0.00947051
0.411038
0.0100147
0.414531
0.0105056
0.418172
0.0109427
0.421946
0.0113254
0.425836
0.0116532
0.429823
0.0119254
0.433891
0.0121415
0.438022
0.0123014
0.442196
0.0124051
0.446395
0.012453
0.450601
0.0124461
0.454795
0.0123859
0.458959
0.0122741
0.463077
0.0121132
0.467132
0.011906
0.471108
0.0116556
0.474991
0.0113657
0.478768
0.0110399
0.0106829
0.482427
0.396368
0.000652071
0.397207
0.00130543
0.398382
0.00199546
0.399874
0.00265724
0.401667
0.00327832
0.403741
0.00386262
0.406075
0.00441172
0.408653
0.00492511
0.411457
0.00540242
0.414471
0.00584358
0.417678
0.00624864
0.421062
0.00661751
0.424604
0.00695001
0.42829
0.00724586
0.4321
0.00750472
0.436019
0.00772624
0.440028
0.00791009
0.444108
0.00805603
0.448243
0.00816398
0.452413
0.00823405
0.456601
0.00826663
0.460787
0.00826242
0.464955
0.0082224
0.469087
0.00814792
0.473167
0.00804062
0.47718
0.00790244
0.481109
0.00773558
0.484943
0.00754246
0.488668
0.00732568
0.00708847
0.492272
0.40607
7.06057e-05
0.406969
0.000386932
0.408186
0.000759504
0.409727
0.00109856
0.411572
0.00141659
0.413699
0.00171932
0.416089
0.00200576
0.418725
0.00227453
0.421588
0.00252508
0.424661
0.00275729
0.427926
0.00297112
0.431365
0.00316645
0.434962
0.00334316
0.438698
0.00350105
0.442555
0.00363993
0.446516
0.0037596
0.450562
0.00385985
0.454675
0.00394055
0.458837
0.00400165
0.463029
0.00404318
0.467233
0.00406534
0.471431
0.00406848
0.475606
0.00405312
0.47974
0.00401994
0.483819
0.0039698
0.487827
0.00390372
0.491749
0.00382284
0.495573
0.00372843
0.499287
0.00362186
0.00350492
0.50288
0.415369
0.415736
0.416478
0.417559
0.418959
0.420663
0.422654
0.424914
0.427426
0.430171
0.43313
0.436287
0.439621
0.443114
0.446748
0.450503
0.45436
0.458299
0.462302
0.466347
0.470416
0.474489
0.478549
0.482576
0.486554
0.490467
0.494299
0.498038
0.50167
0.505184
0.148502
0.109611
0.0616998
0.0868321
0.0577138
0.00395488
0.236308
0.117504
0.218198
0.104933
0.0910819
0.184825
0.283862
0.109463
0.283157
0.105612
0.101082
0.273142
0.310543
0.100209
0.315697
0.100416
0.10053
0.316207
0.325932
0.0908578
0.333773
0.0925235
0.0945297
0.339704
0.336789
0.0820119
0.34528
0.0839752
0.0864685
0.353252
0.345654
0.0740383
0.353719
0.0758491
0.078186
0.361901
0.353415
0.0669423
0.360739
0.0684642
0.0704254
0.368391
0.360571
0.0606108
0.367141
0.0618368
0.0633998
0.374058
0.367405
0.054931
0.373296
0.0558941
0.0571028
0.379489
0.374046
0.0498053
0.379348
0.0505448
0.0514582
0.384895
0.380552
0.0451527
0.385348
0.0457052
0.0463777
0.390335
0.386948
0.0409089
0.391308
0.0413074
0.041785
0.395814
0.39325
0.0370205
0.397232
0.0372943
0.0376173
0.40132
0.399479
0.0334444
0.403126
0.0336194
0.0338215
0.406852
0.40566
0.030146
0.409012
0.030244
0.0303534
0.412417
0.411823
0.0270951
0.414913
0.0271345
0.0271745
0.418037
0.418007
0.0242647
0.420865
0.024261
0.0242509
0.423741
0.42426
0.0216306
0.426912
0.0215968
0.0215525
0.42957
0.430636
0.0191709
0.433106
0.0191174
0.0190514
0.435572
0.437194
0.0168648
0.439504
0.0168002
0.0167224
0.441804
0.443999
0.0146929
0.44617
0.0146238
0.0145416
0.448327
0.451118
0.0126362
0.45317
0.0125677
0.0124871
0.455206
0.458622
0.0106764
0.460575
0.0106123
0.0105373
0.462509
0.466588
0.00879593
0.46846
0.00873905
0.00867296
0.470311
0.475085
0.00697607
0.476895
0.00692839
0.00687309
0.478684
0.484208
0.00520076
0.485972
0.00516377
0.0051211
0.487716
0.494029
0.0034488
0.495769
0.00342321
0.00339338
0.497491
0.504627
0.00170674
0.506358
0.00169254
0.00167667
0.508069
0.506895
0.508588
0.51026
0.0156736
0.0827313
0.0360339
0.0852966
0.05387
0.0900152
0.0688614
0.097689
0.0821802
0.106064
0.0944367
0.113658
0.10589
0.119573
0.116723
0.122916
0.127084
0.122693
0.137061
0.117775
0.146642
0.106882
0.155508
0.0887576
0.162895
0.0629284
0.168062
0.030468
0.17075
-0.00674619
0.171764
-0.0469912
0.172116
-0.0890384
0.172487
-0.13132
0.173035
-0.171648
0.173602
-0.207504
0.173985
-0.236683
0.174079
-0.257811
0.173895
-0.270516
0.173525
-0.275309
0.173087
-0.273331
0.172681
-0.266062
0.172357
-0.255058
0.172103
-0.241762
0.171814
-0.227396
-0.212422
0.130179
0.13736
0.104412
0.111256
0.0959551
0.098822
0.0986755
0.095414
0.107559
0.0976971
0.119124
0.102665
0.131545
0.107735
0.144062
0.110979
0.156374
0.110957
0.168296
0.106419
0.179579
0.0961486
0.189715
0.0791485
0.197933
0.0552125
0.203627
0.0252485
0.206942
-0.00961888
0.208779
-0.0484184
0.209906
-0.0897914
0.210599
-0.131673
0.210721
-0.171467
0.210039
-0.206553
0.208449
-0.234857
0.206037
-0.255194
0.203032
-0.267334
0.199723
-0.27185
0.196388
-0.269868
0.193239
-0.262805
0.190401
-0.252126
0.187902
-0.239179
0.185663
-0.225077
-0.210339
0.238692
0.171785
0.206229
0.143861
0.181039
0.124295
0.164924
0.111916
0.158048
0.105043
0.158952
0.102291
0.165347
0.101894
0.175065
0.101823
0.18649
0.100099
0.198502
0.0949679
0.210238
0.0849624
0.220858
0.0690567
0.229592
0.046983
0.236232
0.0190848
0.241234
-0.0141748
0.245077
-0.0518485
0.247825
-0.0921611
0.249221
-0.132725
0.248943
-0.170882
0.246852
-0.204189
0.243079
-0.230844
0.237983
-0.24989
0.232043
-0.261215
0.22575
-0.265403
0.219528
-0.263516
0.21369
-0.256854
0.208416
-0.246755
0.203763
-0.23444
0.199669
-0.220901
-0.206697
0.303995
0.183955
0.28442
0.163537
0.263676
0.145266
0.245055
0.130867
0.230728
0.119784
0.221964
0.111531
0.218986
0.105385
0.221112
0.100232
0.227118
0.0946382
0.235611
0.0870199
0.245245
0.0758656
0.254831
0.0599914
0.263574
0.0387398
0.271471
0.0116604
0.278525
-0.0207852
0.28424
-0.0571511
0.287987
-0.0955295
0.28923
-0.133625
0.287715
-0.169057
0.283544
-0.199744
0.277138
-0.224197
0.269116
-0.241659
0.260169
-0.252086
0.25094
-0.25602
0.241959
-0.254402
0.233598
-0.24838
0.226069
-0.239128
0.219438
-0.227721
0.213647
-0.215026
-0.201622
0.34188
0.181707
0.335989
0.169481
0.325648
0.155779
0.313644
0.143143
0.302028
0.131755
0.292391
0.121587
0.285851
0.112389
0.282961
0.103617
0.283687
0.0944246
0.287492
0.0837334
0.293513
0.0703605
0.300814
0.0531948
0.308722
0.0313178
0.316635
0.00420985
0.323627
-0.0273408
0.328726
-0.0618434
0.3311
-0.0975284
0.330248
-0.132432
0.326096
-0.164597
0.318965
-0.19234
0.309475
-0.214466
0.298399
-0.230373
0.286533
-0.240037
0.274589
-0.243919
0.263132
-0.242811
0.252551
-0.237683
0.243056
-0.229533
0.234706
-0.219281
0.227435
-0.20767
-0.195282
0.363544
0.171309
0.367571
0.165458
0.366854
0.156612
0.363193
0.147017
0.358106
0.137137
0.352874
0.127179
0.348564
0.117111
0.345968
0.106661
0.345542
0.0953224
0.347373
0.0823863
0.351204
0.0670162
0.356523
0.0483555
0.362638
0.0256692
0.368482
-0.00118663
0.37285
-0.0312853
0.37482
-0.0634167
0.373737
-0.0960782
0.369304
-0.127663
0.361621
-0.156611
0.351138
-0.181586
0.338546
-0.201635
0.324652
-0.216269
0.310252
-0.225456
0.296048
-0.229558
0.282581
-0.22921
0.270217
-0.225202
0.259142
-0.218357
0.249398
-0.209446
0.240911
-0.199095
-0.187876
0.375724
0.157353
0.385635
0.155507
0.391828
0.150485
0.395155
0.143847
0.396535
0.135993
0.396845
0.127173
0.396879
0.117433
0.397305
0.106633
0.3986
0.0944537
0.401001
0.0804296
0.404462
0.064006
0.408627
0.0446414
0.412758
0.0219788
0.415788
-0.00378958
0.416784
-0.0318755
0.415063
-0.0613133
0.41024
-0.0909003
0.402245
-0.119342
0.391321
-0.145391
0.377981
-0.167981
0.362919
-0.186338
0.346904
-0.200047
0.330681
-0.209053
0.314891
-0.213613
0.300027
-0.214212
0.28641
-0.211469
0.274202
-0.206047
0.263427
-0.198578
0.254007
-0.189587
-0.179618
0.38293
0.142666
0.395514
0.142849
0.405726
0.140295
0.413754
0.135925
0.419997
0.129933
0.424932
0.122486
0.429047
0.113621
0.432778
0.103248
0.43645
0.09116
0.440219
0.0770605
0.444017
0.0606202
0.447499
0.0415753
0.450004
0.0198857
0.450728
-0.00411325
0.449042
-0.0298053
0.444522
-0.0564288
0.436996
-0.0830344
0.426552
-0.108585
0.413523
-0.132076
0.39844
-0.152641
0.381967
-0.169636
0.364812
-0.18269
0.347647
-0.191711
0.331045
-0.196857
0.315443
-0.198476
0.301125
-0.197036
0.288232
-0.193052
0.276783
-0.187036
0.266708
-0.179422
-0.17072
0.387926
0.128639
0.40108
0.129597
0.412982
0.128379
0.423492
0.12548
0.432654
0.120906
0.440626
0.114711
0.447617
0.106882
0.453823
0.0973374
0.459379
0.085934
0.464302
0.0724921
0.468449
0.0568444
0.471485
0.0389178
0.472903
0.0188458
0.472172
-0.00301147
0.46889
-0.0261642
0.462818
-0.050014
0.453918
-0.073813
0.442362
-0.0967312
0.428514
-0.117954
0.412886
-0.136766
0.396089
-0.152617
0.378757
-0.165161
0.361487
-0.174268
0.344785
-0.180005
0.329041
-0.1826
0.31451
-0.182391
0.301328
-0.179768
0.289522
-0.175136
0.27904
-0.168851
-0.161375
0.392179
0.115788
0.404778
0.116884
0.416849
0.116269
0.428152
0.114206
0.438559
0.110593
0.448025
0.105397
0.456551
0.0985595
0.464146
0.0899909
0.470779
0.0795835
0.476351
0.0672304
0.480659
0.052864
0.483403
0.0365132
0.48422
0.0183718
0.482777
-0.00122805
0.478826
-0.0218824
0.472244
-0.043114
0.463063
-0.0643312
0.451481
-0.0848685
0.437847
-0.104061
0.422627
-0.121311
0.406359
-0.136136
0.389596
-0.148209
0.372861
-0.157365
0.356602
-0.163599
0.341169
-0.167039
0.326804
-0.167913
0.313643
-0.166507
0.301734
-0.163134
0.291052
-0.15808
-0.151753
0.396336
0.104191
0.407932
0.105167
0.419372
0.104771
0.430433
0.103147
0.440931
0.100154
0.450728
0.0957133
0.459708
0.089741
0.467758
0.0821443
0.474745
0.0728353
0.480493
0.0617481
0.484778
0.0488656
0.487335
0.0342564
0.487902
0.018111
0.486266
0.000714348
0.48228
-0.0175949
0.475885
-0.0364264
0.467138
-0.0553064
0.456229
-0.073698
0.443465
-0.0910547
0.429247
-0.106871
0.414034
-0.120722
0.3983
-0.132295
0.382498
-0.141403
0.367024
-0.147984
0.352198
-0.152089
0.338253
-0.153858
0.325335
-0.153491
0.313513
-0.15122
0.302793
-0.147271
-0.141996
0.400625
0.0937546
0.411131
0.0945403
0.421635
0.0941985
0.431955
0.0928093
0.441913
0.090228
0.451342
0.0863644
0.46008
0.0811272
0.46796
0.0744278
0.4748
0.0661925
0.480397
0.0563769
0.484524
0.0449841
0.486954
0.0320877
0.487486
0.0178495
0.485969
0.0025048
0.482306
-0.0136605
0.476472
-0.0303278
0.468528
-0.0471087
0.458637
-0.0635656
0.447053
-0.0792461
0.43411
-0.0937202
0.42019
-0.106613
0.405694
-0.11763
0.391013
-0.12657
0.376498
-0.133333
0.362441
-0.137913
0.34907
-0.14038
0.33654
-0.140864
0.324941
-0.139531
0.314308
-0.136551
-0.13222
0.405087
0.0843413
0.414569
0.0849409
0.424094
0.0845982
0.433518
0.0833536
0.442682
0.0810754
0.451423
0.0776756
0.459575
0.0730677
0.466959
0.0671723
0.473385
0.0599272
0.478649
0.0512993
0.482545
0.041297
0.484872
0.0299845
0.485466
0.0174911
0.484209
0.00400126
0.481019
-0.0102297
0.475891
-0.024962
0.468873
-0.0398613
0.460095
-0.0545691
0.449764
-0.0687089
0.43815
-0.0819143
0.425567
-0.0938544
0.412352
-0.104255
0.398839
-0.112914
0.385341
-0.119706
0.372125
-0.124582
0.359411
-0.127563
0.34736
-0.12872
0.33608
-0.128164
0.325631
-0.126016
-0.12252
0.40971
0.0758224
0.418276
0.0762625
0.426889
0.0759078
0.435428
0.0747727
0.443756
0.0727422
0.451726
0.0697363
0.459182
0.0656776
0.465956
0.0604969
0.471869
0.0541416
0.476736
0.0465849
0.480372
0.0378347
0.482603
0.0279427
0.483285
0.0170104
0.482307
0.00518754
0.479627
-0.00733848
0.475214
-0.0203387
0.469105
-0.0335477
0.461401
-0.0466683
0.452265
-0.059386
0.441914
-0.0713884
0.430606
-0.0823847
0.418622
-0.0921239
0.40625
-0.100408
0.393762
-0.107098
0.381406
-0.112117
0.369388
-0.115447
0.357874
-0.117116
0.346982
-0.117187
0.336792
-0.115742
-0.112975
0.414472
0.0680856
0.422232
0.0683969
0.430028
0.0680342
0.437758
0.0669952
0.445302
0.0651816
0.452529
0.0625223
0.459301
0.05895
0.465466
0.0544047
0.470865
0.0488415
0.475334
0.0422374
0.478713
0.0345979
0.480851
0.0259627
0.481621
0.0164106
0.480927
0.00606042
0.478709
-0.00493752
0.474945
-0.0163917
0.46966
-0.0280816
0.462928
-0.0397609
0.454876
-0.0511665
0.445677
-0.0620317
0.435542
-0.0721025
0.424706
-0.0811515
0.413412
-0.0889897
0.4019
-0.0954736
0.390393
-0.100509
0.379087
-0.104048
0.368143
-0.106086
0.357688
-0.106651
0.347815
-0.105789
-0.103649
0.419362
0.061035
0.426416
0.061245
0.433493
0.0608828
0.440503
0.0599347
0.447342
0.0583172
0.453896
0.0559687
0.460042
0.0528305
0.465647
0.0488509
0.470572
0.0439911
0.474675
0.0382306
0.477815
0.0315721
0.479861
0.0240458
0.4807
0.015713
0.480244
0.00666719
0.478435
-0.00297207
0.475246
-0.013045
0.470691
-0.0233687
0.464823
-0.0337386
0.457739
-0.043934
0.449577
-0.0537283
0.440508
-0.0629002
0.430726
-0.0712459
0.420438
-0.0785887
0.409855
-0.0847859
0.399174
-0.0897332
0.388578
-0.0933648
0.378223
-0.0956502
0.368239
-0.0965893
0.358727
-0.0962002
-0.0945932
0.424389
0.0545881
0.430824
0.0547207
0.437269
0.0543675
0.443645
0.0535073
0.449861
0.0520698
0.455819
0.0500018
0.46141
0.0472526
0.466518
0.0437773
0.471021
0.0395422
0.474796
0.0345287
0.477722
0.0287368
0.479683
0.0221889
0.48058
0.0149324
0.480332
0.00704131
0.478878
-0.0013872
0.476192
-0.0102238
0.472276
-0.0193168
0.467168
-0.0284963
0.460942
-0.0375771
0.453705
-0.0463667
0.445597
-0.0546731
0.436777
-0.0623153
0.427422
-0.0691304
0.417712
-0.0749809
0.407825
-0.0797585
0.397927
-0.0833856
0.388168
-0.0858144
0.378675
-0.0870233
0.369557
-0.0870086
-0.0858474
0.429573
0.0486727
0.435465
0.0487478
0.441357
0.0484109
0.447178
0.0476362
0.45285
0.0463647
0.458285
0.0445508
0.46339
0.0421507
0.468062
0.0391256
0.472197
0.0354459
0.475686
0.0310944
0.478423
0.0260693
0.480308
0.0203866
0.481251
0.014083
0.481179
0.00721683
0.480034
-0.000133165
0.477786
-0.00786249
0.474431
-0.0158463
0.469994
-0.0239432
0.464528
-0.0319983
0.458119
-0.0398478
0.450878
-0.0473264
0.442935
-0.054274
0.43444
-0.0605428
0.425549
-0.0660029
0.416417
-0.0705467
0.407197
-0.0740904
0.398028
-0.0765748
0.389036
-0.0779631
0.380332
-0.0782349
-0.0774399
0.434946
0.0432242
0.440365
0.0432582
0.445773
0.0429433
0.451111
0.0422513
0.456308
0.0411332
0.46129
0.0395498
0.465972
0.0374635
0.470267
0.0348408
0.474083
0.0316556
0.477325
0.0278919
0.4799
0.0235466
0.481721
0.0186308
0.482706
0.0131725
0.482788
0.00721769
0.481915
0.000830061
0.480052
-0.00590539
0.477191
-0.0128877
0.473345
-0.0199992
0.468554
-0.02711
0.462883
-0.0340816
0.45642
-0.0407717
0.449274
-0.0470403
0.441568
-0.0527544
0.433437
-0.0577939
0.425017
-0.0620546
0.416447
-0.0654513
0.407856
-0.0679181
0.399365
-0.0694081
0.391083
-0.0698892
-0.0693886
0.440551
0.0381841
0.445557
0.0381899
0.450547
0.0379011
0.455466
0.0372889
0.460254
0.0363125
0.464843
0.0349385
0.469163
0.0331348
0.473134
0.0308722
0.476677
0.0281279
0.479709
0.0248874
0.482148
0.0211462
0.483916
0.0169121
0.484941
0.0122059
0.485162
0.00706377
0.484528
0.0015364
0.483004
-0.00430403
0.480578
-0.0103806
0.477255
-0.0165935
0.473062
-0.0228344
0.468049
-0.0289865
0.462285
-0.0349281
0.455858
-0.0405373
0.448873
-0.0456961
0.441443
-0.0502948
0.433689
-0.0542356
0.425735
-0.0574345
0.4177
-0.0598232
0.409699
-0.0613488
0.401842
-0.0619717
-0.0617017
0.446438
0.0334986
0.451089
0.0334864
0.455717
0.0332263
0.460277
0.0326905
0.464713
0.031845
0.468969
0.0306614
0.472979
0.0291123
0.476676
0.0271728
0.479989
0.0248227
0.482845
0.0220491
0.485173
0.0188467
0.486901
0.0152205
0.487966
0.0111862
0.48831
0.00677205
0.487885
0.00201887
0.486663
-0.00301873
0.484622
-0.00827304
0.481761
-0.0136641
0.478098
-0.019102
0.473669
-0.0244885
0.468529
-0.0297204
0.462751
-0.0346921
0.456418
-0.0393002
0.449631
-0.043446
0.442493
-0.0470394
0.435115
-0.0500004
0.427608
-0.0522614
0.42008
-0.0537671
0.412637
-0.0544734
-0.0543777
0.452664
0.0291178
0.457011
0.0290954
0.461332
0.0288656
0.465586
0.0284023
0.469725
0.0276775
0.473698
0.0266673
0.477448
0.0253484
0.480916
0.0236994
0.484038
0.0217031
0.486751
0.0193476
0.488989
0.0166276
0.49069
0.0135458
0.491797
0.010114
0.492255
0.0063538
0.492022
0.00229778
0.491064
-0.00201054
0.489361
-0.00651606
0.486907
-0.0111533
0.48371
-0.015848
0.479798
-0.0205184
0.475213
-0.0250771
0.470012
-0.0294342
0.464267
-0.0334996
0.45806
-0.0371862
0.451485
-0.0404124
0.444639
-0.0431044
0.437624
-0.0451974
0.430543
-0.0466366
0.423496
-0.0473767
-0.0474062
0.459293
0.0249954
0.463382
0.0249683
0.467445
0.0247692
0.471443
0.0243745
0.475335
0.0237611
0.479073
0.0229091
0.482609
0.0217989
0.485888
0.0204124
0.488856
0.0187349
0.491453
0.0167557
0.493624
0.0144698
0.49531
0.0118783
0.496459
0.0089898
0.497023
0.00582098
0.496959
0.0023973
0.496235
-0.00124667
0.494828
-0.00506648
0.49273
-0.00900884
0.489942
-0.0130129
0.486483
-0.0170112
0.482386
-0.0209306
0.477695
-0.0246952
0.472471
-0.0282279
0.466785
-0.031453
0.460716
-0.0342984
0.454353
-0.0366974
0.44779
-0.0385901
0.441122
-0.0399245
0.434447
-0.0406562
-0.0407687
0.466389
0.0210875
0.470267
0.0210596
0.474117
0.020891
0.477905
0.0205609
0.481594
0.0200504
0.485142
0.0193433
0.488504
0.0184232
0.491633
0.0172752
0.494478
0.0158867
0.496987
0.0142485
0.499109
0.0123559
0.500791
0.0102091
0.501985
0.0078142
0.502645
0.00518382
0.502732
0.00233775
0.502213
-0.000696728
0.501065
-0.00388433
0.499275
-0.00718219
0.496842
-0.010541
0.493776
-0.0139057
0.490102
-0.0172161
0.485857
-0.0204091
0.48109
-0.0234198
0.475861
-0.0261839
0.470241
-0.0286389
0.464309
-0.0307264
0.458151
-0.0323929
0.451858
-0.0335908
0.445521
-0.0342788
-0.0344381
0.474023
0.0173525
0.477731
0.0173265
0.481412
0.0171875
0.485034
0.016918
0.488562
0.016503
0.49196
0.0159293
0.495187
0.0151837
0.4982
0.0142538
0.500953
0.0131295
0.503398
0.011803
0.505488
0.0102699
0.507175
0.00853003
0.508415
0.00658751
0.509164
0.00445182
0.509384
0.00213807
0.509043
-0.000332386
0.508118
-0.00293224
0.506593
-0.00562759
0.504463
-0.00837922
0.501733
-0.0111429
0.498421
-0.0138704
0.494556
-0.0165102
0.49018
-0.0190091
0.485345
-0.0213137
0.480112
-0.0233717
0.474554
-0.0251334
0.468748
-0.0265528
0.462781
-0.0275882
0.456743
-0.0282031
-0.0283791
0.482268
0.0137503
0.485847
0.0137275
0.489398
0.0136172
0.492894
0.0134049
0.496302
0.013079
0.499588
0.0126291
0.502715
0.012045
0.505644
0.0113169
0.508331
0.0104366
0.510734
0.00939804
0.512808
0.00819742
0.514509
0.00683416
0.515794
0.00531114
0.516623
0.00363521
0.516959
0.00181756
0.51677
-0.000125509
0.516032
-0.00217344
0.514728
-0.00430017
0.51285
-0.00647534
0.510398
-0.00866469
0.507387
-0.0108305
0.503838
-0.0129322
0.499786
-0.0149279
0.495277
-0.0167748
0.490366
-0.0184308
0.485119
-0.0198554
0.479608
-0.0210107
0.473914
-0.0218623
0.468124
-0.0223795
-0.0225462
0.49121
0.0102418
0.494698
0.0102234
0.498159
0.0101405
0.501566
0.00998239
0.504891
0.00974036
0.508102
0.00940677
0.511163
0.00897399
0.514037
0.00843482
0.516685
0.00778309
0.519066
0.00701413
0.521138
0.00612507
0.522859
0.00511526
0.52419
0.00398657
0.52509
0.00274379
0.525524
0.00139484
0.525461
-4.87503e-05
0.524876
-0.00157201
0.52375
-0.00315589
0.522074
-0.00477805
0.519844
-0.00641325
0.517071
-0.00803352
0.513772
-0.00960876
0.509977
-0.0111074
0.505725
-0.0124973
0.501067
-0.0137465
0.496063
-0.0148241
0.490782
-0.0157011
0.485299
-0.016351
0.479701
-0.0167505
-0.0168884
0.500933
0.00678685
0.504371
0.00677259
0.507781
0.00671691
0.51114
0.00661083
0.51442
0.00644878
0.51759
0.0062259
0.520618
0.00593717
0.523468
0.00557776
0.526102
0.00514352
0.528481
0.00463132
0.530565
0.00403922
0.532315
0.0033667
0.53369
0.00261492
0.534653
0.00178686
0.535169
0.000887293
0.535208
-7.60337e-05
0.534742
-0.00109283
0.533751
-0.0021502
0.532223
-0.00323339
0.530154
-0.00432566
0.527549
-0.00540834
0.524423
-0.00646125
0.520801
-0.00746319
0.516719
-0.00839248
0.512224
-0.00922751
0.507372
-0.00994745
0.502229
-0.0105327
0.49687
-0.0109657
0.491378
-0.0112309
-0.0113202
0.5115
0.00334563
0.514921
0.00334004
0.518316
0.00331072
0.521661
0.00325469
0.524929
0.0031702
0.528091
0.00305489
0.531113
0.00290608
0.533963
0.00272125
0.536602
0.00249832
0.538994
0.00223573
0.541099
0.00193257
0.542877
0.00158872
0.544289
0.00120515
0.545296
0.000784248
0.54586
0.00033037
0.545944
-0.000151786
0.545521
-0.000658489
0.544568
-0.00118467
0.543073
-0.00172319
0.541029
-0.0022657
0.538441
-0.00280295
0.535324
-0.00332493
0.531702
-0.00382109
0.527611
-0.00428063
0.523099
-0.00469278
0.518221
-0.0050472
0.513047
-0.00533436
0.507653
-0.00554627
0.502126
-0.00567783
-0.00573983
0.513596
0.516926
0.520226
0.52347
0.526631
0.529677
0.532575
0.535289
0.537782
0.540014
0.541944
0.543533
0.544739
0.545528
0.545864
0.54572
0.545071
0.543899
0.542189
0.539939
0.537153
0.533846
0.530044
0.525784
0.521113
0.516088
0.510777
0.505255
0.499604
)
;

boundaryField
{
    inlet
    {
        type            calculated;
        value           nonuniform List<scalar> 
45
(
-0.2
-0.2
-0.2
-0.2
-0.2
-0.2
-0.2
-0.2
-0.2
-0.2
-0.2
-0.2
-0.2
-0.2
-0.2
-0.20766
-0.212683
-0.217828
-0.223097
-0.228493
-0.23402
-0.239681
-0.245479
-0.251417
-0.257499
-0.263728
-0.270107
-0.276641
-0.283333
-0.290186
-0.297206
-0.304395
-0.311758
-0.3193
-0.327023
-0.334934
-0.343036
-0.351334
-0.359832
-0.368536
-0.377451
-0.386582
-0.395933
-0.40551
-0.415319
)
;
    }
    outlet
    {
        type            calculated;
        value           nonuniform List<scalar> 
45
(
0.0931349
0.0946262
0.0948377
0.0959249
0.0979404
0.100856
0.104646
0.109273
0.114683
0.120795
0.127506
0.134688
0.142197
0.149876
0.157567
0.17145
0.18366
0.196109
0.208657
0.221182
0.233594
0.245839
0.257901
0.269788
0.281522
0.293128
0.304622
0.316021
0.327333
0.338573
0.349752
0.360887
0.371997
0.3831
0.394218
0.405371
0.416578
0.427858
0.439234
0.450723
0.462326
0.474075
0.48584
0.496574
0.493892
)
;
    }
    flap
    {
        type            calculated;
        value           nonuniform List<scalar> 
33
(
-3.38813e-21
-3.38813e-21
0
0
0
0
-4.33681e-19
0
0
0
8.67362e-19
0
0
0
-1.73472e-18
0
-4.06576e-20
5.42101e-20
0
-3.38813e-21
-2.71051e-20
5.42101e-20
-1.0842e-19
-2.1684e-19
0
4.33681e-19
4.33681e-19
0
8.67362e-19
8.67362e-19
1.73472e-18
0
-1.73472e-18
)
;
    }
    upperWall
    {
        type            calculated;
        value           nonuniform List<scalar> 
63
(
0
0
0
0
0
0
0
0
9.9889e-16
9.75293e-16
0
9.29748e-16
0
8.86315e-16
0
0
0
0
0
0
0
0
-7.14556e-16
0
-6.81147e-16
0
0
0
0
0
0
0
-1.16608e-20
0
0
0
0
0
0
6.97943e-16
0
0
0
0
0
0
0
9.3483e-21
0
0
0
0
0
0
0
0
0
0
0
0
0
5.90056e-16
0
)
;
    }
    lowerWall
    {
        type            calculated;
        value           uniform 0;
    }
    frontAndBack
    {
        type            empty;
        value           nonuniform List<scalar> 0();
    }
}


// ************************************************************************* //
