/*--------------------------------*- C++ -*----------------------------------*\
| =========                 |                                                 |
| \\      /  F ield         | OpenFOAM: The Open Source CFD Toolbox           |
|  \\    /   O peration     | Version:  2012                                  |
|   \\  /    A nd           | Website:  www.openfoam.com                      |
|    \\/     M anipulation  |                                                 |
\*---------------------------------------------------------------------------*/
FoamFile
{
    version     2.0;
    format      ascii;
    class       volVectorField;
    location    "0.5";
    object      U;
}
// * * * * * * * * * * * * * * * * * * * * * * * * * * * * * * * * * * * * * //

dimensions      [0 1 -1 0 0 0 0];


internalField   nonuniform List<vector> 
2790
(
(9.94452 8.6651e-22 0.0195453)
(9.88241 8.7978e-22 0.0275767)
(9.79196 0 0.0329328)
(9.67961 -3.69964e-21 0.0384269)
(9.55107 -2.90255e-21 0.0441302)
(9.40728 1.56306e-20 0.0499728)
(9.24742 -1.00421e-20 0.0560661)
(9.07061 0 0.0625533)
(8.87602 0 0.0695511)
(8.66275 2.27039e-21 0.0771586)
(8.4297 0 0.08547)
(8.1756 2.51607e-20 0.0945778)
(7.89911 -1.54933e-20 0.10457)
(7.59887 -1.12139e-20 0.115524)
(7.27355 1.75049e-20 0.127508)
(6.92199 6.29051e-21 0.140563)
(6.54326 0 0.154692)
(6.13692 -2.83234e-20 0.169842)
(5.70309 0 0.185891)
(5.2427 -6.73343e-20 0.202627)
(4.7577 1.39709e-19 0.219708)
(4.25119 1.53234e-19 0.236644)
(3.72754 0 0.25279)
(3.1925 -1.81474e-19 0.267339)
(2.65302 0 0.27933)
(2.11718 -4.32663e-19 0.287668)
(1.59407 0 0.291184)
(1.09403 0 0.28858)
(0.610746 -3.88501e-18 0.281108)
(0.270648 4.76837e-18 0.254256)
(9.99914 -2.59139e-21 0.0376778)
(9.98836 8.74291e-22 0.0563248)
(9.95284 -3.56883e-21 0.0700511)
(9.89482 1.09232e-20 0.0844575)
(9.81859 -8.53286e-22 0.0997688)
(9.72516 2.0084e-21 0.115787)
(9.6139 -5.86369e-21 0.132728)
(9.48397 0 0.150912)
(9.33454 -4.21893e-21 0.170614)
(9.16467 -2.19554e-21 0.192076)
(8.97322 0 0.215528)
(8.75885 -4.64767e-21 0.2412)
(8.5201 -3.64109e-21 0.269304)
(8.2554 -1.29721e-21 0.300029)
(7.96318 2.27813e-20 0.333517)
(7.64193 -3.45285e-20 0.369838)
(7.29031 1.00518e-19 0.408948)
(6.90731 1.36142e-19 0.450646)
(6.49233 -6.77619e-19 0.494539)
(6.04545 -7.30703e-20 0.539988)
(5.5676 3.81104e-19 0.586028)
(5.06057 7.09409e-19 0.631337)
(4.52723 2.69188e-20 0.674223)
(3.9715 -1.45034e-18 0.712659)
(3.39802 0 0.744328)
(2.81185 3.85121e-19 0.76675)
(2.21763 0 0.777614)
(1.61928 0 0.775289)
(0.999604 4.97975e-19 0.763423)
(0.475053 0 0.725431)
(9.9962 0 0.0380952)
(9.98228 -3.48288e-21 0.0651482)
(9.94841 3.54083e-21 0.0882095)
(9.8946 3.61327e-21 0.112126)
(9.82376 0 0.137524)
(9.73702 -1.90259e-21 0.164317)
(9.63402 -9.85754e-22 0.192794)
(9.51409 5.03158e-21 0.223407)
(9.37653 -4.15517e-21 0.256593)
(9.22053 0 0.292756)
(9.04505 0 0.332298)
(8.84888 3.67669e-23 0.375627)
(8.63063 -9.80448e-21 0.423137)
(8.38872 8.30321e-20 0.475193)
(8.12152 -6.34004e-20 0.532099)
(7.82733 -2.26791e-20 0.594056)
(7.50454 -3.87285e-19 0.661107)
(7.15162 8.08452e-19 0.733077)
(6.76721 -4.23009e-19 0.809495)
(6.35049 8.11038e-19 0.889514)
(5.90109 -8.39099e-19 0.971815)
(5.41926 2.0054e-21 1.05454)
(4.90595 0 1.13525)
(4.36276 3.33595e-18 1.21103)
(3.7918 -1.93146e-18 1.27854)
(3.19527 0 1.33436)
(2.5745 -5.40229e-18 1.37558)
(1.93113 6.64024e-18 1.40079)
(1.24617 -1.81571e-18 1.41622)
(0.616443 1.00021e-18 1.41036)
(9.99461 0 0.0424097)
(9.97839 6.0785e-21 0.079202)
(9.94417 8.71317e-22 0.112673)
(9.89135 -3.60405e-21 0.146304)
(9.82194 0 0.181299)
(9.73698 0 0.217977)
(9.63633 0 0.256789)
(9.51946 -4.00531e-21 0.298334)
(9.38581 8.27465e-21 0.343222)
(9.23472 0 0.392038)
(9.06535 0 0.445366)
(8.87668 9.24306e-21 0.503809)
(8.66753 -7.78036e-20 0.567974)
(8.43654 -1.96214e-21 0.638441)
(8.18228 -8.72131e-20 0.715736)
(7.9032 1.30084e-19 0.800274)
(7.59772 -2.83222e-19 0.892315)
(7.26419 6.83549e-19 0.991875)
(6.90101 3.26179e-19 1.09861)
(6.50682 -1.41923e-18 1.21174)
(6.08038 1.14509e-18 1.32989)
(5.62076 4.928e-19 1.45105)
(5.12732 0 1.57246)
(4.59971 -1.12683e-18 1.69067)
(4.03791 -6.08775e-19 1.80174)
(3.44194 -5.26332e-18 1.90155)
(2.81124 4.90177e-18 1.98638)
(2.14739 0 2.05375)
(1.43585 8.35403e-19 2.10799)
(0.738202 -1.46809e-17 2.14183)
(9.99385 0 0.0481783)
(9.97635 -6.91851e-21 0.0931235)
(9.94182 -3.07785e-21 0.135508)
(9.88984 -8.95324e-22 0.177864)
(9.82186 4.55095e-22 0.221722)
(9.7387 0 0.267756)
(9.64028 -1.9376e-21 0.316544)
(9.52615 9.86086e-21 0.368776)
(9.39581 -8.23995e-21 0.425169)
(9.24867 -4.90584e-23 0.486437)
(9.08395 1.74181e-20 0.553296)
(8.90075 1.80672e-20 0.626491)
(8.69804 -7.63048e-20 0.706787)
(8.47463 1.16745e-19 0.794941)
(8.22923 1.6602e-19 0.891665)
(7.96043 1.7838e-19 0.997587)
(7.66676 -4.44802e-19 1.1132)
(7.34661 1.06331e-21 1.23877)
(6.99833 2.96585e-19 1.37421)
(6.62025 -1.69617e-18 1.51897)
(6.21063 -2.65862e-19 1.67189)
(5.76774 1.61359e-18 1.83109)
(5.28983 4.9264e-19 1.99383)
(4.77515 5.32764e-19 2.15648)
(4.22206 0 2.31463)
(3.62908 -4.88416e-18 2.46336)
(2.9949 1.56721e-17 2.59766)
(2.32163 -1.05034e-17 2.71247)
(1.60355 0 2.80597)
(0.855556 -8.42878e-19 2.87459)
(9.99351 6.79138e-21 0.0546103)
(9.97543 3.44907e-21 0.107144)
(9.94096 6.96979e-21 0.157992)
(9.89004 0 0.209024)
(9.8238 0 0.261769)
(9.74284 7.40812e-21 0.317101)
(9.64709 0 0.375719)
(9.53615 -1.56536e-20 0.438388)
(9.40956 8.03535e-21 0.505928)
(9.26679 8.34388e-21 0.57918)
(9.10709 -5.20057e-20 0.658999)
(8.92963 7.16686e-20 0.746267)
(8.73344 -1.29457e-19 0.841903)
(8.51743 -1.17996e-19 0.946837)
(8.28039 3.59388e-19 1.06197)
(8.02099 1.7317e-19 1.18815)
(7.73777 -3.43542e-19 1.32613)
(7.42916 9.14818e-20 1.47645)
(7.09343 -1.91766e-19 1.63934)
(6.72868 -3.15627e-21 1.81463)
(6.33281 -2.08296e-19 2.00154)
(5.9035 -2.19379e-19 2.19851)
(5.43817 -8.83434e-21 2.40306)
(4.93402 -4.004e-18 2.61157)
(4.38818 4.17461e-18 2.81925)
(3.79805 0 3.02007)
(3.16182 1.02526e-17 3.20694)
(2.4816 -1.156e-17 3.37128)
(1.76337 0 3.50213)
(0.972117 -1.2002e-17 3.59555)
(9.9934 -6.89349e-21 0.0613172)
(9.97522 1.06888e-22 0.121158)
(9.94121 -6.95695e-21 0.18002)
(9.89158 0 0.23938)
(9.82736 0 0.300675)
(9.74899 -1.47135e-20 0.36492)
(9.65636 -3.79508e-21 0.432946)
(9.54914 1.15996e-20 0.505619)
(9.42691 -7.97963e-21 0.583856)
(9.28915 0 0.668618)
(9.1352 -3.4144e-20 0.760889)
(8.96428 5.21401e-20 0.861681)
(8.77543 3.69579e-20 0.972054)
(8.56762 -1.1136e-19 1.09309)
(8.3397 -3.90915e-20 1.22588)
(8.09034 3.27504e-19 1.3715)
(7.8181 -9.29285e-19 1.53095)
(7.52134 -1.66533e-20 1.70509)
(7.19821 1.4613e-18 1.89454)
(6.84661 -2.49097e-18 2.09956)
(6.46407 1.78039e-18 2.31991)
(6.04774 2.11307e-19 2.55454)
(5.5943 -4.44143e-19 2.8014)
(5.10001 -4.56606e-19 3.05709)
(4.56083 0 3.31653)
(3.97307 -5.09844e-19 3.57253)
(3.33389 -5.57584e-19 3.81505)
(2.64414 3.0715e-19 4.03151)
(1.92214 1.03782e-17 4.2008)
(1.08817 -1.12598e-17 4.31114)
(9.99343 0 0.0680741)
(9.97549 0 0.134995)
(9.94226 0 0.201457)
(9.89421 4.39561e-22 0.26876)
(9.83229 7.56441e-21 0.338258)
(9.75686 6.40023e-21 0.411057)
(9.6678 0 0.488108)
(9.56482 7.69414e-21 0.570371)
(9.44754 -7.78169e-21 0.658855)
(9.31547 0 0.754622)
(9.16804 -5.00242e-20 0.858774)
(9.0045 3.39109e-20 0.97246)
(8.82393 1.77611e-20 1.09687)
(8.6254 4.64678e-22 1.23325)
(8.40772 -3.7491e-20 1.38288)
(8.16962 -2.77034e-19 1.54705)
(7.90964 2.39063e-19 1.72705)
(7.62606 8.33015e-20 1.92409)
(7.31691 7.06589e-19 2.13922)
(6.97984 -7.18494e-19 2.37324)
(6.61204 0 2.62654)
(6.2101 0 2.89876)
(5.76993 0 3.18852)
(5.28675 4.35637e-19 3.49289)
(4.75522 -3.63036e-18 3.80675)
(4.16998 4.24978e-18 4.12186)
(3.52657 0 4.42507)
(2.82264 2.71474e-19 4.6995)
(2.08668 8.95394e-18 4.91393)
(1.20506 -1.21034e-20 5.0412)
(9.99356 0 0.0747398)
(9.9761 6.73302e-21 0.148502)
(9.94395 -6.81714e-21 0.222182)
(9.89772 7.35644e-21 0.297032)
(9.83839 -7.52939e-21 0.374352)
(9.76624 -7.17883e-21 0.45531)
(9.68117 -3.70475e-21 0.540952)
(9.58292 -3.75727e-21 0.632329)
(9.47115 -1.55624e-20 0.73054)
(9.34543 1.57252e-20 0.836736)
(9.20524 1.63657e-20 0.952129)
(9.04989 0 1.07799)
(8.87858 -6.96576e-20 1.21566)
(8.69039 1.06185e-19 1.36653)
(8.4842 3.69226e-20 1.53207)
(8.25877 0 1.7138)
(8.01263 0 1.91332)
(7.74404 5.70573e-19 2.1322)
(7.45093 -1.33377e-18 2.37198)
(7.13071 -7.09781e-19 2.63409)
(6.78028 1.48884e-19 2.91969)
(6.39567 2.95231e-18 3.2293)
(5.97197 -1.70505e-18 3.56248)
(5.50324 0 3.91722)
(4.98236 3.32178e-18 4.28885)
(4.40144 -3.32479e-18 4.66849)
(3.75368 0 5.04067)
(3.03119 0 5.38409)
(2.26822 6.24843e-20 5.65758)
(1.32796 -6.79489e-20 5.81293)
(9.99374 5.19425e-23 0.0812183)
(9.97696 -6.77775e-21 0.161551)
(9.94613 1.35642e-20 0.242076)
(9.90198 -6.90412e-21 0.324062)
(9.8455 -6.96774e-21 0.40879)
(9.77696 5.65173e-23 0.497469)
(9.69626 0 0.591227)
(9.60317 7.45879e-21 0.691197)
(9.49743 0 0.798557)
(9.37867 0 0.914546)
(9.24641 0 1.04048)
(9.10005 0 1.17773)
(8.9389 -6.78867e-20 1.32777)
(8.76209 6.85035e-20 1.49215)
(8.56862 0 1.67253)
(8.35731 -2.94947e-19 1.87068)
(8.1267 -5.64766e-21 2.08846)
(7.87516 9.29453e-19 2.32788)
(7.6005 -6.29273e-19 2.59098)
(7.30001 1.23609e-18 2.8799)
(6.97044 -1.41805e-18 3.19671)
(6.60732 -8.46267e-20 3.54304)
(6.20496 3.03105e-18 3.9198)
(5.7561 -5.82639e-18 4.32649)
(5.2514 3.0806e-18 4.7597)
(4.67971 -9.93365e-20 5.21108)
(4.03037 -3.05933e-21 5.66429)
(3.28717 0 6.09412)
(2.48433 -5.84038e-20 6.44974)
(1.46703 -5.48223e-20 6.65718)
(9.99398 0 0.0874405)
(9.97801 6.83337e-21 0.174038)
(9.94872 -7.37875e-21 0.261027)
(9.90687 -4.301e-22 0.349725)
(9.85349 7.80897e-21 0.441418)
(9.78885 7.0686e-21 0.537349)
(9.71286 0 0.638711)
(9.62535 -7.363e-21 0.746709)
(9.52611 7.42553e-21 0.862594)
(9.41484 1.51835e-20 0.987685)
(9.29114 -3.15055e-20 1.12338)
(9.15452 1.58751e-20 1.27115)
(9.00437 6.60975e-20 1.43259)
(8.83994 -2.02027e-19 1.6094)
(8.66036 1.36412e-19 1.8034)
(8.46455 0 2.01659)
(8.25119 1.7816e-20 2.25115)
(8.01879 -3.64141e-20 2.50948)
(7.76513 0 2.79416)
(7.4876 7.82094e-20 3.10806)
(7.18297 -7.99302e-20 3.45431)
(6.84645 8.16165e-20 3.83588)
(6.47175 -3.98839e-20 4.2555)
(6.05033 4.04657e-20 4.71489)
(5.57062 -2.79398e-18 5.21317)
(5.01776 2.76311e-18 5.74471)
(4.3748 -3.97978e-20 6.29472)
(3.61384 0 6.8362)
(2.76101 9.28154e-20 7.3097)
(1.63891 1.0455e-20 7.61067)
(9.99425 0 0.0933543)
(9.97921 -5.14046e-23 0.185877)
(9.95163 0 0.278935)
(9.91229 0 0.373907)
(9.86223 0 0.472098)
(9.80175 -1.74626e-21 0.574782)
(9.73078 5.24035e-21 0.683203)
(9.64921 1.07462e-20 0.798628)
(9.55689 7.39137e-21 0.922372)
(9.45359 -4.50571e-20 1.05582)
(9.33902 2.27906e-20 1.20044)
(9.21279 1.57379e-20 1.35779)
(9.0744 -6.43024e-20 1.52957)
(8.92325 5.66206e-20 1.71759)
(8.75864 0 1.92384)
(8.57963 8.38577e-21 2.15052)
(8.38516 2.61164e-19 2.40009)
(8.17387 2.21249e-20 2.67533)
(7.94379 -8.60637e-19 2.97935)
(7.69262 1.16182e-18 3.31577)
(7.41729 -5.85562e-19 3.68878)
(7.11308 1.18233e-18 4.10294)
(6.77354 -2.35234e-18 4.56316)
(6.38943 1.16446e-18 5.07416)
(5.94764 3.64441e-20 5.63936)
(5.42924 0 6.2587)
(4.80918 2.38977e-18 6.92351)
(4.04368 -2.51799e-18 7.61105)
(3.13841 -8.57953e-20 8.25784)
(1.87173 2.86329e-18 8.72597)
(9.99455 0 0.0989193)
(9.98053 -6.15142e-21 0.196998)
(9.9548 -4.11673e-22 0.295713)
(9.91815 0 0.396507)
(9.87162 0 0.500708)
(9.81552 -6.82651e-21 0.609618)
(9.74985 -3.57755e-21 0.724525)
(9.67452 -1.06485e-20 0.846744)
(9.58948 -7.25697e-21 0.97764)
(9.49457 7.40424e-21 1.11865)
(9.38962 -7.53667e-21 1.2713)
(9.27433 7.55786e-21 1.43723)
(9.14836 3.12564e-20 1.61819)
(9.01129 -2.34229e-20 1.81611)
(8.86257 -6.47173e-20 2.0331)
(8.70154 5.86808e-20 2.27154)
(8.52737 2.55462e-22 2.53409)
(8.33901 -2.52896e-19 2.82387)
(8.13495 2.70113e-19 3.14447)
(7.91336 -5.48485e-19 3.50018)
(7.67157 5.64678e-19 3.89623)
(7.40558 8.78488e-21 4.33877)
(7.10957 -2.19381e-21 4.83509)
(6.77478 -1.07538e-18 5.39361)
(6.3878 -1.43726e-20 6.02359)
(5.92698 -9.99765e-19 6.73396)
(5.35989 2.1526e-18 7.52959)
(4.6233 0 8.40509)
(3.68484 1.91438e-18 9.31162)
(2.21974 -4.23475e-18 10.094)
(9.99487 -1.28035e-20 0.104104)
(9.98194 6.44266e-21 0.207343)
(9.95818 8.17892e-22 0.311287)
(9.92437 -7.3899e-21 0.417435)
(9.88153 6.64569e-21 0.527142)
(9.83001 1.18388e-20 0.641735)
(9.76986 -6.9209e-21 0.762533)
(9.70105 8.75066e-21 0.890888)
(9.62358 -3.56078e-21 1.0282)
(9.53742 1.79759e-20 1.17595)
(9.44247 7.25676e-21 1.33571)
(9.33859 -3.81245e-21 1.50914)
(9.22559 -3.03696e-20 1.69808)
(9.10322 3.07073e-20 1.9045)
(8.97118 0 2.13061)
(8.82907 -6.51581e-20 2.37888)
(8.6764 5.51313e-20 2.65216)
(8.51253 0 2.9538)
(8.33654 2.57528e-19 3.28772)
(8.14725 -5.13958e-19 3.65876)
(7.94286 2.397e-19 4.07298)
(7.72067 0 4.53791)
(7.47654 -4.93626e-19 5.06306)
(7.20376 4.89516e-19 5.66056)
(6.89121 0 6.34623)
(6.51916 5.22856e-20 7.1407)
(6.05408 0 8.07038)
(5.41839 0 9.16953)
(4.52754 5.90662e-20 10.4629)
(2.8029 0 11.9114)
(9.99521 1.27984e-20 0.108885)
(9.98343 -7.23919e-21 0.216869)
(9.96174 8.0649e-22 0.325595)
(9.93087 6.55493e-21 0.436612)
(9.89186 -6.63009e-21 0.5513)
(9.84509 -8.38892e-21 0.671004)
(9.79064 3.38304e-21 0.797064)
(9.72855 -1.70743e-21 0.93086)
(9.6589 0 1.07382)
(9.58174 -6.21873e-21 1.22743)
(9.49711 -8.09835e-21 1.3933)
(9.405 -3.7072e-21 1.57312)
(9.30538 3.65207e-21 1.76874)
(9.19821 -2.34526e-22 1.98217)
(9.08343 0 2.21566)
(8.96096 0 2.47172)
(8.83068 2.26861e-20 2.75328)
(8.69245 0 3.06379)
(8.54603 2.98531e-20 3.40737)
(8.3911 -2.95838e-20 3.78916)
(8.2271 1.18663e-19 4.2157)
(8.05314 -1.17533e-19 4.69536)
(7.86766 1.11545e-19 5.23913)
(7.66788 -3.21531e-19 5.86194)
(7.44875 3.07461e-19 6.58488)
(7.20041 -5.04273e-19 7.4391)
(6.9052 1.72339e-19 8.4735)
(6.50821 -5.5211e-20 9.77519)
(5.92974 2.34022e-19 11.5312)
(3.96902 -2.84832e-19 14.6528)
(-0.188274 2.16698e-19 0.236885)
(-0.665686 -1.56861e-18 0.350541)
(-1.38808 2.81443e-18 0.418658)
(-2.23631 -1.27449e-18 0.461067)
(-3.17373 0 0.481152)
(-4.16403 0 0.483159)
(-5.177 0 0.470568)
(-6.18641 2.77042e-19 0.445877)
(-7.16794 0 0.410764)
(-8.09753 -1.37812e-19 0.366355)
(-8.95017 -1.38313e-19 0.313471)
(-9.69947 -1.3876e-19 0.252815)
(-10.3178 0 0.185185)
(-10.777 0 0.111429)
(-11.0495 0 0.0324164)
(-11.1104 0 -0.0510683)
(-10.9403 7.66843e-20 -0.138437)
(-10.5301 -1.48509e-20 -0.224732)
(-9.88428 0 -0.304412)
(-9.02077 -3.25246e-20 -0.373167)
(-7.96884 1.18245e-20 -0.427957)
(-6.76617 -7.22898e-21 -0.46697)
(-5.45581 7.65142e-21 -0.489408)
(-4.08241 0 -0.495251)
(-2.68576 3.34845e-21 -0.485412)
(-1.27417 -3.11598e-21 -0.464203)
(0.14894 0 -0.427277)
(1.41993 0 -0.388001)
(2.67587 -2.01951e-23 -0.360155)
(4.24166 0 -0.378599)
(-0.266638 -2.01444e-19 0.643045)
(-0.834832 3.53805e-19 0.851124)
(-1.6106 0 0.995372)
(-2.47595 1.79012e-18 1.1042)
(-3.41234 9.6296e-20 1.17705)
(-4.39186 1.13813e-19 1.2155)
(-5.38917 -2.01291e-18 1.22132)
(-6.38044 8.07464e-19 1.19577)
(-7.34232 -2.3261e-18 1.13957)
(-8.25086 1.13972e-18 1.05312)
(-9.08077 1.31594e-19 0.936713)
(-9.80512 1.33344e-19 0.791045)
(-10.3955 -2.73659e-19 0.617632)
(-10.8232 -1.36174e-19 0.419287)
(-11.0598 1.35805e-21 0.200321)
(-11.08 1.32866e-19 -0.033457)
(-10.8705 -3.14989e-20 -0.273143)
(-10.4272 -2.27358e-20 -0.503631)
(-9.75509 4.62164e-20 -0.712021)
(-8.87217 4.44911e-21 -0.888472)
(-7.80714 -4.6464e-21 -1.02659)
(-6.59666 0 -1.12341)
(-5.28238 5.44803e-21 -1.17907)
(-3.90726 -5.77642e-21 -1.19638)
(-2.50964 -1.31855e-21 -1.18088)
(-1.0811 0 -1.14161)
(0.319731 0 -1.07072)
(1.59556 0 -0.992213)
(2.84151 1.87368e-23 -0.938912)
(4.37815 0 -0.965556)
(-0.254068 1.17574e-17 1.23221)
(-0.853653 -1.06494e-17 1.51302)
(-1.65641 0 1.71491)
(-2.51575 4.96612e-18 1.87007)
(-3.42851 1.88707e-19 1.97317)
(-4.37359 -3.9024e-18 2.02343)
(-5.33102 0 2.02165)
(-6.28062 0 1.96873)
(-7.20157 -1.29613e-18 1.86527)
(-8.07157 1.50742e-18 1.71163)
(-8.86639 0 1.5083)
(-9.55952 5.45716e-19 1.2565)
(-10.1223 2.87068e-19 0.959028)
(-10.5252 -8.27281e-19 0.62122)
(-10.7388 5.64159e-19 0.251765)
(-10.737 2.64708e-19 -0.137144)
(-10.5091 -2.57505e-19 -0.53104)
(-10.0506 0 -0.907857)
(-9.36867 -1.02216e-19 -1.24654)
(-8.48303 -4.52548e-20 -1.53081)
(-7.42317 1.86272e-20 -1.75011)
(-6.22573 0 -1.89979)
(-4.93176 -3.68232e-21 -1.98077)
(-3.58348 -2.83034e-21 -1.99941)
(-2.21851 8.36109e-22 -1.96743)
(-0.816707 0 -1.89213)
(0.507954 7.21684e-23 -1.77525)
(1.75687 0 -1.65334)
(2.9518 1.40495e-23 -1.56707)
(4.42792 3.65769e-24 -1.56997)
(-0.185878 -1.08574e-17 1.90083)
(-0.779513 3.06009e-19 2.2247)
(-1.59162 0 2.45771)
(-2.42908 -4.22577e-18 2.63787)
(-3.30548 3.88253e-18 2.75624)
(-4.20568 9.85331e-19 2.80973)
(-5.11522 1.99927e-18 2.79757)
(-6.01792 -1.88915e-18 2.71941)
(-6.89577 -1.56843e-18 2.57475)
(-7.7282 1.99515e-18 2.36289)
(-8.49161 0 2.08332)
(-9.15902 5.54884e-19 1.73651)
(-9.70034 0 1.32514)
(-10.0835 -5.7796e-19 0.855469)
(-10.2764 6.77922e-21 0.339028)
(-10.2509 2.87096e-19 -0.206846)
(-10.0021 1.32956e-19 -0.757746)
(-9.52722 0 -1.28116)
(-8.83603 9.96086e-20 -1.74888)
(-7.95037 3.70217e-20 -2.13929)
(-6.90048 -4.18651e-20 -2.43856)
(-5.72274 1.60606e-20 -2.64083)
(-4.45744 1.8941e-20 -2.74806)
(-3.14567 6.98578e-21 -2.77002)
(-1.81977 -2.14708e-21 -2.72237)
(-0.467681 -1.03034e-21 -2.60728)
(0.778937 3.34524e-22 -2.4439)
(1.98621 8.67091e-23 -2.27966)
(3.1196 -1.6891e-23 -2.15658)
(4.51663 5.87665e-23 -2.12172)
(-0.0812362 0 2.6159)
(-0.641355 -9.61287e-18 2.95602)
(-1.4445 -2.56419e-19 3.19943)
(-2.24305 3.79472e-18 3.38883)
(-3.07035 4.80196e-18 3.51179)
(-3.91578 -4.91697e-18 3.56254)
(-4.7697 3.7413e-18 3.53764)
(-5.61946 -9.99014e-19 3.43441)
(-6.44947 0 3.25007)
(-7.24049 -1.04344e-18 2.98173)
(-7.96922 -1.11208e-18 2.62695)
(-8.60789 1.11962e-18 2.18486)
(-9.12462 0 1.65787)
(-9.48456 9.22502e-19 1.05409)
(-9.65269 3.17313e-19 0.389985)
(-9.59926 -3.15216e-19 -0.309344)
(-9.32858 -4.1541e-19 -1.01134)
(-8.83859 0 -1.67368)
(-8.14234 1.00447e-19 -2.26156)
(-7.26362 -1.42174e-19 -2.74895)
(-6.2329 8.27131e-20 -3.11961)
(-5.08572 -1.5601e-20 -3.36712)
(-3.86115 -1.79691e-20 -3.49487)
(-2.59869 1.03439e-21 -3.51594)
(-1.32144 -3.78448e-21 -3.44692)
(-0.0430705 1.1747e-21 -3.28801)
(1.12864 -2.76819e-22 -3.08007)
(2.27974 1.9536e-22 -2.87602)
(3.34421 -1.75806e-23 -2.71408)
(4.64796 -4.94053e-23 -2.63343)
(0.0469484 9.81439e-18 3.34807)
(-0.456003 -8.81743e-18 3.68308)
(-1.22943 0 3.92265)
(-1.96993 0 4.11088)
(-2.73345 -9.60153e-19 4.23167)
(-3.51177 -3.0187e-18 4.27636)
(-4.29928 6.85514e-18 4.23824)
(-5.08637 -2.89049e-18 4.11178)
(-5.8596 1.05637e-18 3.89133)
(-6.6011 5.28734e-19 3.57117)
(-7.28804 0 3.14624)
(-7.89213 -5.80484e-19 2.6135)
(-8.37955 1.89868e-18 1.97441)
(-8.71198 -2.94046e-18 1.23825)
(-8.85042 7.01281e-19 0.426625)
(-8.76399 0 -0.427011)
(-8.47137 0 -1.27692)
(-7.96982 0 -2.07167)
(-7.27615 1.15336e-19 -2.77154)
(-6.41513 0 -3.34751)
(-5.41647 -8.08132e-20 -3.782)
(-4.31413 3.40429e-20 -4.06872)
(-3.14485 0 -4.21253)
(-1.94468 4.3841e-21 -4.22869)
(-0.725724 -4.83287e-21 -4.12975)
(0.444902 -5.72899e-22 -3.92917)
(1.55148 1.4399e-22 -3.68002)
(2.63321 -2.57473e-22 -3.43661)
(3.6226 4.70384e-23 -3.23332)
(4.82166 -7.1346e-23 -3.10142)
(0.187404 1.46943e-19 4.06214)
(-0.23643 0 4.37692)
(-0.955923 7.97058e-18 4.6039)
(-1.6171 -7.9194e-18 4.7854)
(-2.30006 0 4.90086)
(-2.99618 -5.08783e-18 4.93873)
(-3.70354 9.09373e-18 4.88885)
(-4.41504 -4.01743e-18 4.74242)
(-5.11934 -1.05895e-18 4.4904)
(-5.80012 5.77381e-19 4.12363)
(-6.43534 6.09044e-19 3.63366)
(-6.99636 1.93606e-18 3.01444)
(-7.44717 -1.97008e-18 2.26558)
(-7.74518 1.43051e-18 1.39744)
(-7.84763 -3.72427e-19 0.438139)
(-7.72625 1.65717e-20 -0.565469)
(-7.41367 1.91591e-20 -1.55547)
(-6.90796 2.87264e-19 -2.47183)
(-6.22873 -1.16404e-19 -3.27245)
(-5.40017 -4.66943e-20 -3.92683)
(-4.44974 4.41275e-20 -4.41659)
(-3.40929 -8.46811e-20 -4.73648)
(-2.31175 1.57703e-20 -4.89203)
(-1.18644 -1.57419e-20 -4.89777)
(-0.0541737 4.3475e-21 -4.76265)
(1.00623 9.65765e-22 -4.5254)
(2.04249 -6.84071e-22 -4.2404)
(3.04341 -6.99964e-23 -3.95726)
(3.95165 0 -3.71069)
(5.03695 6.84153e-23 -3.5246)
(0.330512 -1.49325e-19 4.71688)
(0.0068899 -8.90022e-18 5.00502)
(-0.631925 8.85102e-18 5.21622)
(-1.19105 0 5.38999)
(-1.7752 -4.22771e-18 5.50034)
(-2.37204 4.02111e-18 5.53303)
(-2.98318 -4.37934e-18 5.47484)
(-3.60365 4.22206e-18 5.3133)
(-4.22424 0 5.03574)
(-4.83049 -2.46391e-18 4.62907)
(-5.40178 1.19478e-18 4.08076)
(-5.90976 7.27833e-19 3.38087)
(-6.31623 -6.85485e-19 2.52623)
(-6.57287 3.54831e-20 1.52789)
(-6.63098 -8.53392e-19 0.42212)
(-6.46988 -3.58597e-19 -0.724074)
(-6.14437 7.04772e-19 -1.84253)
(-5.64656 -3.04468e-19 -2.86596)
(-4.99795 -1.19339e-19 -3.75386)
(-4.22007 1.15585e-19 -4.47587)
(-3.33654 4.87275e-20 -5.0125)
(-2.37636 7.61343e-20 -5.36004)
(-1.36626 0 -5.5226)
(-0.327613 1.0728e-20 -5.50869)
(0.672591 3.72416e-21 -5.34267)
(1.64707 0 -5.07365)
(2.59708 8.50336e-23 -4.75634)
(3.50726 -1.63462e-22 -4.43356)
(4.32802 1.4467e-22 -4.14282)
(5.2924 -2.7437e-23 -3.90178)
(0.46991 1.89491e-17 5.2701)
(0.266922 -9.06254e-18 5.53509)
(-0.265098 0 5.73247)
(-0.699651 -4.93687e-18 5.90117)
(-1.16648 -2.30563e-19 6.00938)
(-1.64614 5.33585e-18 6.04061)
(-2.14354 4.63625e-18 5.97916)
(-2.65557 -5.7228e-18 5.80892)
(-3.17521 3.59668e-18 5.51338)
(-3.69028 -6.35656e-19 5.07526)
(-4.18238 -7.47926e-19 4.47739)
(-4.62461 2.22139e-18 3.70508)
(-4.97725 -2.38977e-18 2.751)
(-5.18511 -8.76765e-19 1.6272)
(-5.19035 -1.0138e-18 0.381717)
(-4.98742 0 -0.901489)
(-4.66102 -3.65365e-19 -2.131)
(-4.18831 6.54586e-19 -3.24311)
(-3.5903 0 -4.20307)
(-2.8838 -5.3138e-20 -4.98173)
(-2.08776 5.50324e-21 -5.55827)
(-1.22416 0 -5.92847)
(-0.313716 -1.55079e-20 -6.09002)
(0.589868 6.59763e-21 -6.05503)
(1.47941 4.5774e-21 -5.86565)
(2.35886 0 -5.57137)
(3.21032 2.93774e-22 -5.22255)
(4.02056 -4.28827e-22 -4.86113)
(4.74762 1.81523e-23 -4.52672)
(5.58558 8.88152e-24 -4.23206)
(0.602767 0 5.6873)
(0.539708 5.65797e-19 5.9384)
(0.135967 -4.57142e-18 6.12775)
(-0.153594 4.95059e-18 6.29656)
(-0.486037 4.6666e-18 6.40734)
(-0.831183 -5.63987e-18 6.44216)
(-1.19732 -4.96107e-18 6.38317)
(-1.58269 3.59754e-18 6.21156)
(-1.98258 -2.63905e-18 5.90671)
(-2.3874 1.42874e-18 5.44681)
(-2.78225 0 4.80934)
(-3.14406 8.16482e-19 3.97373)
(-3.43155 9.32116e-19 2.9268)
(-3.57765 -9.8639e-19 1.68429)
(-3.51235 2.31217e-18 0.313326)
(-3.28449 -1.00832e-18 -1.09052)
(-2.97409 -4.28568e-19 -2.40734)
(-2.54877 5.30871e-19 -3.58863)
(-2.02339 -1.75833e-20 -4.60702)
(-1.40829 -1.32816e-19 -5.43282)
(-0.72129 0 -6.04197)
(0.0370437 0 -6.4299)
(0.800811 2.77336e-20 -6.58168)
(1.58044 -2.31127e-20 -6.53563)
(2.36293 -3.2156e-21 -6.32967)
(3.13325 3.1327e-21 -6.01279)
(3.87554 5.1728e-23 -5.63382)
(4.57748 0 -5.23592)
(5.20507 2.08437e-22 -4.85984)
(5.91283 0 -4.51481)
(0.726398 3.73375e-20 5.94565)
(0.821399 4.72356e-18 6.19183)
(0.560908 -5.19763e-18 6.38354)
(0.432637 0 6.55705)
(0.24786 1.21428e-18 6.67564)
(0.0526393 0 6.72021)
(-0.166654 -1.37951e-18 6.67)
(-0.408442 -1.99206e-19 6.50412)
(-0.670141 5.67365e-18 6.19855)
(-0.944954 -7.53737e-19 5.72676)
(-1.22291 8.54379e-19 5.06071)
(-1.49019 0 4.17565)
(-1.70154 3.17506e-18 3.05734)
(-1.7622 -2.39215e-18 1.71582)
(-1.58636 1.40023e-18 0.224709)
(-1.37865 5.62025e-19 -1.27216)
(-1.11247 -4.77602e-19 -2.65234)
(-0.760198 2.09243e-19 -3.88443)
(-0.329108 -7.01132e-21 -4.95124)
(0.181894 -1.91689e-19 -5.82416)
(0.740925 5.46481e-20 -6.45053)
(1.3483 0 -6.842)
(1.9886 0 -6.99973)
(2.64808 0 -6.94894)
(3.31005 3.85409e-21 -6.7298)
(3.9598 0 -6.39198)
(4.58364 -1.55699e-22 -5.98541)
(5.17022 3.221e-22 -5.55445)
(5.6936 -2.86037e-23 -5.14018)
(6.26917 0 -4.74973)
(0.835773 -4.85483e-18 6.02971)
(1.10749 4.5606e-18 6.28614)
(0.998674 -4.80357e-18 6.4878)
(1.0384 -6.19422e-19 6.66896)
(1.01083 -1.25612e-18 6.79997)
(0.976685 2.69636e-18 6.86068)
(0.915615 -6.81483e-18 6.82746)
(0.829905 -2.12665e-19 6.67708)
(0.721038 3.00337e-18 6.38424)
(0.594008 -1.74916e-18 5.91987)
(0.455065 -1.0611e-18 5.25196)
(0.30142 9.94377e-19 4.35108)
(0.192823 -1.20366e-18 3.15161)
(0.27605 -4.3145e-18 1.68664)
(0.524021 -8.19794e-19 0.0916109)
(0.681184 -6.24835e-19 -1.4444)
(0.871668 0 -2.86173)
(1.12814 0 -4.12543)
(1.44536 -1.51175e-19 -5.21618)
(1.82063 1.19364e-19 -6.10622)
(2.25323 -9.55084e-20 -6.76656)
(2.73368 -3.69682e-20 -7.17913)
(3.24562 0 -7.34443)
(3.7743 0 -7.29036)
(4.30507 -3.64975e-21 -7.05983)
(4.8251 0 -6.7038)
(5.32319 -5.73319e-22 -6.27342)
(5.78921 7.58417e-24 -5.81402)
(6.20501 2.21692e-22 -5.36641)
(6.64832 6.03801e-23 -4.93695)
(0.945649 0 5.93948)
(1.38675 0 6.22089)
(1.44439 5.97319e-19 6.43293)
(1.64395 1.7836e-21 6.61961)
(1.78166 3.70478e-18 6.76566)
(1.91105 -2.40068e-18 6.84618)
(2.0122 -2.64839e-18 6.83423)
(2.08697 5.30671e-18 6.70279)
(2.13755 -2.85133e-18 6.42494)
(2.1693 -8.80376e-19 5.97079)
(2.18731 1.62534e-18 5.30703)
(2.19286 1.89922e-18 4.39425)
(2.25086 2.37614e-20 3.1704)
(2.42386 2.45832e-18 1.70167)
(2.64559 3.27857e-18 0.100468)
(2.76648 -5.33744e-19 -1.49389)
(2.8813 4.27722e-19 -2.95893)
(3.0385 3.47673e-19 -4.26359)
(3.24618 -6.61158e-20 -5.39456)
(3.50641 6.02376e-20 -6.32256)
(3.81695 -1.05018e-21 -7.01014)
(4.16815 -4.94188e-22 -7.4386)
(4.54584 0 -7.61071)
(4.93677 4.38847e-21 -7.55462)
(5.3292 2.53905e-21 -7.31506)
(5.71331 -2.0409e-21 -6.94448)
(6.08083 -1.76935e-21 -6.49511)
(6.42335 1.23272e-21 -6.01291)
(6.73003 -5.09109e-22 -5.53803)
(7.04306 -1.33901e-22 -5.07709)
(1.06427 1.51382e-19 5.67381)
(1.65791 0 5.99726)
(1.88435 -5.83275e-19 6.21159)
(2.2357 5.85732e-19 6.39936)
(2.54187 -1.16617e-18 6.56538)
(2.83211 0 6.67275)
(3.09226 1.19006e-18 6.68828)
(3.32472 -1.24974e-18 6.5814)
(3.53306 -1.3173e-18 6.32298)
(3.7236 -6.97023e-19 5.88202)
(3.9019 0 5.2229)
(4.07466 0 4.29962)
(4.2758 -1.40945e-18 3.07331)
(4.50462 5.11657e-19 1.60518)
(4.71244 -1.11042e-18 0.0097851)
(4.80383 -2.30655e-19 -1.56663)
(4.85715 -5.7703e-19 -3.03033)
(4.92918 -6.29256e-19 -4.35231)
(5.04082 3.04674e-20 -5.51035)
(5.19686 -2.80312e-20 -6.46589)
(5.3927 8.38191e-20 -7.1764)
(5.61793 -7.60362e-21 -7.61873)
(5.86067 7.23485e-21 -7.79641)
(6.11109 -9.78906e-21 -7.73893)
(6.36173 -2.0148e-21 -7.49283)
(6.60691 -1.54363e-21 -7.11193)
(6.84194 0 -6.64917)
(7.0606 -7.29595e-22 -6.1507)
(7.25868 7.43069e-22 -5.65553)
(7.44551 -1.56567e-22 -5.17142)
(1.19977 -7.77621e-19 5.22904)
(1.89892 0 5.64938)
(2.28694 2.32385e-18 5.84043)
(2.79439 -2.25954e-18 6.01823)
(3.27226 1.08222e-18 6.20706)
(3.71719 -1.09829e-18 6.34802)
(4.12611 -1.13741e-18 6.3971)
(4.50573 0 6.32047)
(4.8613 0 6.08678)
(5.19886 6.51686e-19 5.66324)
(5.52337 0 5.01273)
(5.83907 7.48744e-19 4.09223)
(6.14708 1.9277e-20 2.88435)
(6.42459 -9.44706e-19 1.45338)
(6.63301 0 -0.0832973)
(6.70536 4.07919e-19 -1.6088)
(6.71823 -4.14279e-20 -3.05395)
(6.73335 3.26282e-19 -4.38565)
(6.77603 0 -5.56646)
(6.84888 -1.08274e-19 -6.54463)
(6.94389 1.0713e-20 -7.27152)
(7.05082 6.27661e-20 -7.72225)
(7.1617 0 -7.90215)
(7.2723 9.40271e-21 -7.84286)
(7.3811 -1.51802e-21 -7.59257)
(7.48763 1.52057e-21 -7.20595)
(7.59135 7.12239e-22 -6.73597)
(7.68857 -7.18863e-22 -6.22837)
(7.78084 6.03059e-22 -5.72053)
(7.84771 -2.88232e-23 -5.22194)
(9.99556 -3.79939e-22 0.113319)
(9.985 3.81883e-22 0.225698)
(9.96549 6.12578e-21 0.338839)
(9.93774 -6.18118e-21 0.454329)
(9.90276 5.4567e-21 0.573568)
(9.86096 1.58837e-21 0.697916)
(9.8125 -8.00971e-22 0.828723)
(9.75748 -6.46146e-21 0.967381)
(9.69605 -3.23071e-21 1.11533)
(9.62839 -3.32286e-21 1.27406)
(9.55463 0 1.44519)
(9.47493 -3.44793e-21 1.6304)
(9.38944 0 1.83153)
(9.29833 6.87688e-21 2.05059)
(9.20182 -2.81089e-20 2.2898)
(9.10017 2.80907e-20 2.55166)
(8.99368 4.21112e-20 2.83908)
(8.88277 -5.62462e-20 3.15546)
(8.76795 -8.42131e-20 3.5049)
(8.6499 8.35236e-20 3.89253)
(8.52954 1.06994e-19 4.32488)
(8.4081 -5.33648e-20 4.81038)
(8.2873 -2.97684e-19 5.3603)
(8.16968 1.9254e-19 5.99017)
(8.05946 4.98505e-19 6.72241)
(7.96448 -5.11865e-19 7.59092)
(7.90626 2.66643e-19 8.65057)
(7.94615 4.95452e-20 9.99587)
(8.62305 1.45235e-19 11.7639)
(9.10634 -1.05134e-22 14.657)
(9.99594 -3.6709e-22 0.117416)
(9.98666 3.68907e-22 0.233837)
(9.96945 -5.23448e-21 0.351008)
(9.94496 5.28311e-21 0.470546)
(9.91419 -1.21851e-22 0.593866)
(9.87758 4.76741e-23 0.722328)
(9.83533 3.10092e-21 0.857289)
(9.78763 3.11317e-21 1.00014)
(9.73471 1.26692e-20 1.15231)
(9.67684 0 1.31529)
(9.61429 2.42869e-20 1.49066)
(9.54737 -2.59523e-20 1.68009)
(9.47642 0 1.88538)
(9.40184 4.62009e-20 2.10847)
(9.32412 -5.28687e-20 2.35151)
(9.24387 2.60959e-20 2.61691)
(9.16184 0 2.90743)
(9.07898 0 3.22627)
(8.99658 0 3.57728)
(8.91632 -4.95913e-20 3.96522)
(8.84053 0 4.39607)
(8.77247 4.89224e-20 4.87741)
(8.71697 8.63362e-20 5.41923)
(8.68139 7.92038e-20 6.03482)
(8.67798 -7.79983e-20 6.74234)
(8.72833 0 7.56653)
(8.87449 -6.24383e-19 8.54012)
(9.14866 5.56014e-19 9.69758)
(9.8663 3.59976e-21 10.9929)
(10.5661 -1.07818e-19 12.1447)
(9.99634 1.12736e-20 0.1211)
(9.9884 1.13306e-20 0.241145)
(9.97358 0 0.361908)
(9.95249 0 0.485028)
(9.92608 -5.87083e-21 0.611922)
(9.89484 -5.84563e-21 0.743946)
(9.85901 0 0.882447)
(9.81884 -1.80787e-20 1.0288)
(9.77466 1.20809e-20 1.18441)
(9.72683 0 1.35074)
(9.67575 -2.23686e-20 1.52933)
(9.62187 7.13568e-20 1.72179)
(9.56572 -5.99341e-21 1.92983)
(9.50793 -4.99219e-20 2.1553)
(9.44925 -1.23173e-20 2.40021)
(9.39063 -2.53397e-20 2.6668)
(9.33322 -2.43146e-20 2.95757)
(9.2785 -1.94627e-19 3.27539)
(9.22839 2.40243e-19 3.6236)
(9.18546 4.17814e-19 4.00629)
(9.1532 -3.65578e-19 4.42842)
(9.13629 0 4.89598)
(9.14155 5.35559e-19 5.41644)
(9.17883 -1.28671e-19 5.99892)
(9.26263 -5.40577e-19 6.65403)
(9.4139 4.97643e-20 7.39247)
(9.66506 4.17489e-20 8.21994)
(10.0133 3.74289e-19 9.12481)
(10.5833 -3.68896e-19 10.0706)
(11.3658 0 10.8927)
(9.99675 -1.10079e-20 0.124327)
(9.99019 -1.10627e-20 0.247531)
(9.97785 6.92242e-22 0.3714)
(9.96025 -6.23058e-21 0.497579)
(9.93834 0 0.627483)
(9.9126 8.35715e-23 0.762451)
(9.88334 1.14406e-20 0.90381)
(9.85087 -1.14896e-20 1.0529)
(9.81559 0 1.2111)
(9.77796 0 1.37982)
(9.73851 -7.42148e-22 1.56051)
(9.69781 2.98449e-21 1.75472)
(9.65656 5.99043e-21 1.96404)
(9.61559 -1.16638e-20 2.19018)
(9.57591 2.11966e-19 2.43493)
(9.53875 -3.97797e-19 2.7003)
(9.50563 2.09744e-19 2.98846)
(9.47845 0 3.3018)
(9.45958 -4.56139e-20 3.643)
(9.4522 -3.81839e-19 4.01521)
(9.46062 3.35828e-19 4.4222)
(9.49015 -6.05656e-19 4.86796)
(9.54812 4.14363e-20 5.35704)
(9.64461 4.80605e-19 5.89433)
(9.79253 8.25035e-19 6.48398)
(10.0079 -1.491e-18 7.12788)
(10.3139 5.89008e-19 7.82303)
(10.7153 -3.35117e-19 8.55643)
(11.2656 3.38453e-19 9.33184)
(12.0931 0 10.0958)
(9.99717 1.04809e-20 0.127056)
(9.99203 0 0.252914)
(9.98222 0 0.379363)
(9.9682 5.4034e-21 0.508045)
(9.95085 0 0.640356)
(9.93071 5.48499e-21 0.777615)
(9.90811 0 0.921109)
(9.88343 2.21003e-20 1.07214)
(9.85714 2.79972e-21 1.23203)
(9.82978 -6.83491e-20 1.40212)
(9.80197 4.47748e-20 1.58377)
(9.77443 0 1.77842)
(9.748 0 1.98751)
(9.72368 -1.67346e-19 2.21257)
(9.70265 1.67114e-19 2.45514)
(9.68639 2.24292e-20 2.71691)
(9.67671 3.23449e-19 2.99968)
(9.67583 -6.7943e-19 3.30532)
(9.68638 6.60281e-19 3.63571)
(9.71174 -8.68597e-19 3.99296)
(9.75663 1.17274e-18 4.37957)
(9.82651 -1.13315e-18 4.79777)
(9.92814 5.40988e-19 5.24941)
(10.0707 6.09634e-20 5.73619)
(10.265 -4.80462e-20 6.25843)
(10.5235 1.12489e-18 6.8143)
(10.8638 -3.31005e-19 7.39943)
(11.2966 -4.24867e-19 8.00216)
(11.8359 -2.88536e-19 8.61752)
(12.6004 7.74449e-19 9.215)
(9.99761 -9.59953e-21 0.129248)
(9.99391 8.22539e-21 0.257219)
(9.98666 -6.38193e-21 0.385687)
(9.97625 7.7491e-21 0.516277)
(9.96353 -1.04387e-20 0.650362)
(9.94903 2.09159e-20 0.789221)
(9.93312 -5.29757e-21 0.934099)
(9.91625 2.11618e-20 1.08624)
(9.89892 -2.39159e-20 1.24689)
(9.88178 -4.12752e-20 1.41731)
(9.86551 4.27109e-20 1.59876)
(9.85095 9.05358e-20 1.79252)
(9.83904 -2.55235e-19 1.99989)
(9.83095 1.6983e-19 2.22217)
(9.82796 0 2.46063)
(9.83167 -2.03399e-20 2.71658)
(9.84411 3.23035e-19 2.9914)
(9.86772 -3.5919e-19 3.28642)
(9.90524 0 3.60281)
(9.95993 -3.78319e-20 3.94163)
(10.0364 3.59391e-20 4.30408)
(10.1399 0 4.691)
(10.2765 9.04342e-19 5.10233)
(10.4536 -1.0021e-19 5.5374)
(10.6802 -1.38402e-18 5.99429)
(10.9655 6.78171e-19 6.46898)
(11.321 0 6.95522)
(11.7551 0 7.44055)
(12.2651 0 7.91146)
(12.9492 0 8.35685)
(9.99805 -9.71743e-21 0.130868)
(9.9958 -1.43517e-22 0.260375)
(9.99113 4.97762e-21 0.390269)
(9.98436 -4.04311e-23 0.522144)
(9.97626 -4.22124e-23 0.657337)
(9.96739 0 0.797081)
(9.95815 -5.09037e-21 0.942564)
(9.94901 4.05058e-20 1.09496)
(9.94056 -3.81253e-20 1.25544)
(9.93345 -8.12954e-20 1.42514)
(9.92848 8.14549e-20 1.60522)
(9.92654 -5.14144e-21 1.7968)
(9.92866 -4.97653e-21 2.00098)
(9.93612 -1.59437e-19 2.21885)
(9.95029 1.68887e-19 2.45141)
(9.97277 1.98441e-20 2.69955)
(10.0057 1.94501e-20 2.96418)
(10.0515 3.7886e-20 3.24614)
(10.113 3.48713e-20 3.54595)
(10.1932 0 3.86381)
(10.2963 -9.66075e-19 4.19977)
(10.4269 9.86001e-19 4.55351)
(10.5901 -8.24652e-19 4.92372)
(10.7919 8.12937e-19 5.30822)
(11.0387 -6.15335e-19 5.7036)
(11.3371 5.51467e-19 6.10467)
(11.6935 6.14681e-19 6.50427)
(12.1133 -6.04565e-19 6.89176)
(12.5901 0 7.25465)
(13.2056 -3.07927e-21 7.59186)
(9.9985 1.88377e-20 0.131883)
(9.99768 -9.53214e-21 0.262322)
(9.99559 -4.71514e-21 0.393019)
(9.99243 -9.55103e-21 0.52553)
(9.98893 1.4352e-20 0.661145)
(9.98562 -2.89056e-20 0.801038)
(9.98295 1.93477e-20 0.946332)
(9.98142 0 1.09812)
(9.98163 3.63291e-20 1.25748)
(9.98429 3.8619e-20 1.42544)
(9.99024 -3.72554e-22 1.60301)
(10.0004 -7.73658e-20 1.79115)
(10.0159 1.52566e-19 1.99077)
(10.038 -1.61649e-19 2.20272)
(10.0681 2.95971e-19 2.42772)
(10.1079 -2.77502e-19 2.66631)
(10.1594 0 2.91894)
(10.2249 -5.44621e-19 3.18592)
(10.3071 -4.65129e-20 3.46725)
(10.4088 5.17159e-19 3.76248)
(10.5335 -3.06341e-20 4.07079)
(10.6851 8.44138e-19 4.39093)
(10.8676 -8.34743e-19 4.72082)
(11.0855 0 5.05745)
(11.3432 3.7752e-20 5.39672)
(11.645 0 5.73325)
(11.9942 5.91252e-19 6.0603)
(12.3936 -2.80257e-19 6.36956)
(12.8369 -2.88781e-19 6.65106)
(13.3907 3.6174e-19 6.90555)
(9.99895 -9.12934e-21 0.132267)
(9.99956 4.54695e-21 0.263007)
(10 3.58308e-23 0.393864)
(10.0004 1.38006e-20 0.526342)
(10.0014 -9.29861e-21 0.661674)
(10.0036 -1.84724e-20 0.800971)
(10.0073 1.85492e-20 0.945278)
(10.0132 0 1.0956)
(10.0217 0 1.25291)
(10.0338 -7.38683e-20 1.41812)
(10.0501 7.40105e-20 1.5921)
(10.0718 -1.4818e-19 1.77563)
(10.0998 1.50582e-19 1.96943)
(10.1354 9.11176e-21 2.1741)
(10.1801 -2.88166e-19 2.3901)
(10.2355 2.60933e-19 2.61767)
(10.3035 5.28543e-19 2.85685)
(10.3861 -1.73668e-20 3.1075)
(10.4857 -9.44302e-19 3.36914)
(10.6049 4.82122e-19 3.64085)
(10.7465 8.52547e-19 3.92126)
(10.9134 -8.45207e-19 4.20848)
(11.109 0 4.5)
(11.3361 -6.07133e-19 4.79246)
(11.5978 5.82715e-19 5.08172)
(11.8963 0 5.36269)
(12.2332 -5.66444e-19 5.62952)
(12.6095 2.46868e-19 5.87556)
(13.019 2.99957e-19 6.09301)
(13.5169 0 6.28268)
(9.9994 2.1755e-21 0.131999)
(10.0014 -2.18656e-21 0.262388)
(10.0043 0 0.392744)
(10.0082 -4.36827e-21 0.524508)
(10.0136 -1.77466e-20 0.658848)
(10.021 1.77466e-20 0.7968)
(10.031 -3.54394e-20 0.939328)
(10.0439 7.09958e-20 1.08735)
(10.0605 -3.5538e-20 1.24171)
(10.0814 0 1.40321)
(10.1075 1.39852e-19 1.57257)
(10.1398 -1.37824e-19 1.75042)
(10.1794 1.36754e-19 1.93726)
(10.2274 -1.36712e-19 2.13349)
(10.2852 0 2.3393)
(10.3543 -2.48322e-19 2.55467)
(10.4365 7.51394e-19 2.77933)
(10.5334 -4.9393e-19 3.01277)
(10.6473 -4.53766e-19 3.25414)
(10.7802 4.37095e-19 3.50216)
(10.9343 -7.92607e-19 3.75513)
(11.1118 7.8688e-19 4.01086)
(11.3151 1.04388e-20 4.26663)
(11.5461 0 4.5191)
(11.8064 4.73209e-19 4.76434)
(12.0972 -4.62654e-19 4.99785)
(12.4187 0 5.21465)
(12.7707 0 5.40947)
(13.1475 1.69943e-21 5.57639)
(13.5955 0 5.71621)
(9.99984 0 0.131061)
(10.0032 -4.19618e-21 0.260436)
(10.0085 4.21883e-21 0.389621)
(10.0157 2.11698e-20 0.519983)
(10.0254 -2.1267e-20 0.652619)
(10.0379 0 0.788486)
(10.0537 -4.20613e-21 0.928459)
(10.0734 0 1.07336)
(10.0975 6.74695e-20 1.22392)
(10.1267 -1.34736e-19 1.38082)
(10.1619 2.00263e-19 1.54463)
(10.204 -1.69993e-21 1.71583)
(10.254 -1.31632e-19 1.89474)
(10.313 -2.50394e-19 2.08155)
(10.3823 2.54138e-19 2.27624)
(10.4632 -2.89841e-22 2.47856)
(10.5573 -4.58639e-19 2.688)
(10.666 4.64403e-19 2.90376)
(10.7911 4.10072e-19 3.12476)
(10.9341 -4.2138e-19 3.34948)
(11.0969 7.39681e-19 3.57607)
(11.2809 -7.35311e-19 3.80221)
(11.4876 -1.02966e-20 4.02522)
(11.7182 0 4.24193)
(11.9734 -7.45249e-21 4.44882)
(12.2534 -3.63621e-19 4.64201)
(12.5577 3.54842e-19 4.81742)
(12.8853 3.30398e-19 4.97093)
(13.2312 -3.31099e-19 5.09816)
(13.635 0 5.19982)
(10.0003 0 0.129445)
(10.0049 -3.99665e-21 0.257134)
(10.0125 -8.08468e-21 0.384473)
(10.023 8.12838e-21 0.512747)
(10.0367 2.02669e-20 0.642977)
(10.054 1.61704e-20 0.776035)
(10.0754 -2.85185e-20 0.912707)
(10.1013 0 1.05371)
(10.1324 6.43918e-20 1.19968)
(10.1693 -6.45816e-20 1.35115)
(10.2128 0 1.50859)
(10.2637 -1.24939e-19 1.6723)
(10.3229 1.25067e-19 1.84246)
(10.3916 -3.86925e-21 2.01908)
(10.4707 0 2.20197)
(10.5615 -7.36673e-21 2.39068)
(10.6653 -2.76564e-22 2.58453)
(10.7832 0 2.78255)
(10.9166 -3.97802e-19 2.98348)
(11.0668 3.51585e-20 3.18572)
(11.2348 3.71906e-19 3.38735)
(11.4218 0 3.58612)
(11.6285 -5.68415e-19 3.77947)
(11.8555 5.9095e-20 3.96454)
(12.1028 8.34374e-20 4.13827)
(12.37 4.20897e-19 4.29742)
(12.6563 0 4.4387)
(12.9602 1.72776e-19 4.55895)
(13.2774 -1.71593e-19 4.65496)
(13.6419 0 4.72731)
(10.0007 0 0.127147)
(10.0065 3.90497e-21 0.252478)
(10.0163 0 0.377299)
(10.0298 -1.1689e-20 0.502809)
(10.0473 1.16909e-20 0.629946)
(10.0691 -2.72483e-20 0.759496)
(10.0957 2.09565e-22 0.892154)
(10.1275 3.30929e-20 1.02854)
(10.165 0 1.16918)
(10.2088 0 1.3145)
(10.2597 2.33981e-22 1.46483)
(10.3184 4.61445e-22 1.62036)
(10.3857 -2.33172e-19 1.78113)
(10.4626 4.57801e-19 1.94699)
(10.5499 -2.31488e-19 2.11762)
(10.6488 3.35558e-21 2.29244)
(10.7601 -6.72452e-21 2.47064)
(10.8849 0 2.65116)
(11.0241 -3.80122e-19 2.83266)
(11.1786 3.73173e-19 3.01353)
(11.3491 0 3.19189)
(11.5362 0 3.36563)
(11.7402 5.36381e-19 3.53241)
(11.9611 -5.39747e-20 3.68973)
(12.1987 -8.78074e-19 3.83498)
(12.4521 4.05472e-19 3.9655)
(12.7201 -2.56617e-19 4.07871)
(13.0013 2.56893e-19 4.17218)
(13.2918 -1.01292e-19 4.24361)
(13.6213 8.80214e-20 4.29348)
(10.0011 0 0.12417)
(10.0081 -7.41651e-21 0.246474)
(10.0199 7.46177e-21 0.368116)
(10.0363 1.11342e-20 0.490201)
(10.0573 1.48347e-20 0.613582)
(10.0833 -3.37556e-20 0.738959)
(10.1146 2.96987e-20 0.866938)
(10.1517 -2.98721e-20 0.998041)
(10.1949 5.8671e-20 1.1327)
(10.245 -1.75063e-19 1.27123)
(10.3024 1.15851e-19 1.41385)
(10.3678 1.12451e-19 1.56064)
(10.442 1.08316e-19 1.71152)
(10.5257 -4.32708e-19 1.86625)
(10.6197 6.29002e-21 2.02439)
(10.7248 2.03674e-19 2.18527)
(10.8417 0 2.34803)
(10.9712 3.72781e-19 2.51155)
(11.1139 -7.81553e-21 2.67449)
(11.2704 -3.52339e-19 2.8353)
(11.441 3.07529e-19 2.99222)
(11.6259 -8.65938e-19 3.1433)
(11.8252 5.62194e-19 3.28649)
(12.0384 0 3.41964)
(12.265 0 3.54056)
(12.5039 -3.26665e-19 3.64711)
(12.754 3.21897e-19 3.73728)
(13.0136 1.88107e-19 3.80924)
(13.2796 -1.87571e-19 3.86134)
(13.5779 -8.20938e-23 3.89403)
(10.0015 0 0.120523)
(10.0095 -3.52921e-21 0.239145)
(10.0233 -3.54115e-21 0.356961)
(10.0422 0 0.474982)
(10.0665 0 0.593975)
(10.0963 0 0.714554)
(10.1319 0 0.837238)
(10.1737 5.64533e-20 0.96246)
(10.2221 -5.4989e-20 1.09055)
(10.2776 1.09109e-19 1.22175)
(10.3406 -1.10749e-19 1.35618)
(10.4117 0 1.49381)
(10.4916 0 1.63448)
(10.5808 -8.52062e-22 1.77788)
(10.68 2.02506e-19 1.92348)
(10.7897 -1.96271e-19 2.07059)
(10.9104 -3.726e-19 2.21831)
(11.0428 1.40825e-20 2.36553)
(11.187 3.46937e-19 2.51096)
(11.3435 0 2.65315)
(11.5123 2.89023e-19 2.79049)
(11.6933 -2.99173e-20 2.92125)
(11.8862 -2.67122e-19 3.04365)
(12.0905 -4.31116e-19 3.15585)
(12.3055 4.29595e-19 3.25609)
(12.5299 0 3.34265)
(12.7626 -2.80892e-22 3.41398)
(13.002 1.95519e-19 3.46873)
(13.2454 -1.95315e-19 3.50573)
(13.5156 9.04759e-23 3.52537)
(10.0018 -3.36807e-21 0.116221)
(10.0108 3.44884e-21 0.230522)
(10.0263 3.46163e-21 0.343888)
(10.0477 3.40208e-21 0.457234)
(10.0749 2.73818e-20 0.571241)
(10.1081 -2.75394e-20 0.686442)
(10.1476 5.43853e-20 0.803273)
(10.1936 -5.46929e-20 0.922083)
(10.2465 5.18189e-20 1.04313)
(10.3066 -5.04043e-20 1.16655)
(10.3743 0 1.2924)
(10.4502 -1.02335e-19 1.42058)
(10.5346 3.02836e-19 1.55087)
(10.628 -2.01435e-19 1.68289)
(10.7309 0 1.81608)
(10.8437 -1.81259e-19 1.94975)
(10.9668 1.85663e-19 2.08299)
(11.1003 2.72989e-21 2.21476)
(11.2445 -1.25268e-21 2.34384)
(11.3994 2.97612e-19 2.4689)
(11.5648 -1.70504e-20 2.58852)
(11.7406 -2.74675e-19 2.70118)
(11.9261 -2.31785e-19 2.80535)
(12.1208 2.31587e-19 2.89953)
(12.3238 1.1483e-21 2.98227)
(12.5339 -1.64371e-22 3.05222)
(12.75 2.78342e-22 3.10822)
(12.9705 2.02576e-19 3.14926)
(13.1932 -3.49645e-19 3.17454)
(13.4385 1.47032e-19 3.18442)
(10.0021 6.04481e-23 0.111285)
(10.012 0 0.220647)
(10.0291 -1.31207e-20 0.328965)
(10.0526 2.62788e-20 0.437057)
(10.0825 -3.94601e-20 0.545523)
(10.1187 2.64014e-20 0.654814)
(10.1616 0 0.765292)
(10.2112 -3.66317e-23 0.877231)
(10.2679 -1.59337e-21 0.990812)
(10.3319 -1.61355e-21 1.10612)
(10.4035 1.55093e-21 1.22312)
(10.4831 9.75704e-20 1.34168)
(10.571 -9.78583e-20 1.46154)
(10.6675 -4.54163e-23 1.58227)
(10.773 1.80067e-19 1.70332)
(10.8876 -1.81768e-19 1.824)
(11.0115 -1.66705e-19 1.94346)
(11.1448 -1.50558e-19 2.06071)
(11.2876 3.18274e-19 2.17465)
(11.4396 -2.8341e-19 2.28409)
(11.6006 2.83425e-19 2.38777)
(11.7702 0 2.4844)
(11.9477 -2.22614e-19 2.57271)
(12.1325 2.22191e-19 2.65144)
(12.3235 1.76894e-19 2.71944)
(12.5198 -1.77111e-19 2.77567)
(12.7201 1.29241e-19 2.81924)
(12.9232 -1.29279e-19 2.84944)
(13.127 0 2.86573)
(13.3498 0 2.86843)
(10.0024 -3.06533e-21 0.105737)
(10.0131 1.2536e-20 0.209571)
(10.0316 -1.89061e-20 0.312275)
(10.057 9.48294e-21 0.414571)
(10.0892 0 0.51698)
(10.1281 2.50735e-20 0.619882)
(10.1738 -2.36716e-20 0.723569)
(10.2266 -5.10398e-20 0.828247)
(10.2864 2.34003e-21 0.934037)
(10.3536 4.91709e-20 1.04096)
(10.4283 -9.6514e-20 1.14896)
(10.5108 9.53564e-20 1.25784)
(10.6012 0 1.36731)
(10.6997 1.76785e-19 1.47697)
(10.8066 -1.77538e-19 1.58625)
(10.9219 1.65519e-19 1.69451)
(11.0456 -1.65819e-19 1.80094)
(11.1776 -1.52185e-19 1.90466)
(11.3179 -1.34529e-19 2.00468)
(11.4661 5.58443e-19 2.09996)
(11.6219 -2.71963e-19 2.1894)
(11.7847 2.34158e-19 2.27193)
(11.9538 -2.34531e-19 2.34647)
(12.1285 4.04335e-22 2.41202)
(12.3079 -4.46574e-23 2.46767)
(12.4909 1.51536e-19 2.51261)
(12.6765 -2.20348e-20 2.54619)
(12.8635 -2.22977e-20 2.56789)
(13.0503 -1.93089e-19 2.57739)
(13.253 8.52774e-20 2.57497)
(10.0027 3.02633e-21 0.0996077)
(10.0141 -5.48153e-23 0.197352)
(10.0337 -9.0738e-21 0.293907)
(10.0609 1.21647e-20 0.389903)
(10.095 3.00234e-21 0.485788)
(10.1362 2.55366e-20 0.581873)
(10.1844 -2.57118e-20 0.678389)
(10.2397 4.73813e-20 0.775484)
(10.3022 -4.61804e-20 0.873227)
(10.3719 0 0.971603)
(10.4489 9.08386e-20 1.0705)
(10.5334 -1.51296e-21 1.16973)
(10.6255 -8.9352e-20 1.26898)
(10.7252 3.40465e-22 1.36785)
(10.8326 3.21739e-22 1.46582)
(10.9476 0 1.56227)
(11.0701 1.51678e-19 1.6565)
(11.2 -1.51983e-19 1.74769)
(11.3371 0 1.83499)
(11.4808 -1.29641e-19 1.9175)
(11.6308 -1.12875e-19 1.99428)
(11.7864 2.43098e-19 2.06444)
(11.9471 2.14214e-22 2.12711)
(12.1119 0 2.18146)
(12.2801 4.41252e-23 2.2268)
(12.4506 1.50307e-19 2.2625)
(12.6226 -2.0038e-20 2.2881)
(12.795 -1.30524e-19 2.30324)
(12.9663 0 2.30771)
(13.1512 -6.78265e-20 2.30181)
(10.003 2.87438e-21 0.0929255)
(10.0149 -5.82024e-21 0.184051)
(10.0357 -5.8156e-21 0.273958)
(10.0642 -1.15977e-20 0.363191)
(10.1001 1.01883e-20 0.452128)
(10.1432 2.30368e-20 0.54102)
(10.1934 2.26153e-20 0.630041)
(10.2508 -9.013e-20 0.719293)
(10.3153 4.28574e-20 0.808803)
(10.3869 -4.56368e-20 0.898524)
(10.4656 1.3145e-19 0.988328)
(10.5515 -8.67246e-20 1.078)
(10.6445 0 1.16726)
(10.7446 0 1.2557)
(10.8517 3.00153e-22 1.34286)
(10.9657 1.51178e-19 1.42817)
(11.0863 -1.5161e-19 1.51101)
(11.2135 1.38695e-19 1.59066)
(11.3466 -1.39163e-19 1.66639)
(11.4855 0 1.73743)
(11.6294 -5.97867e-23 1.80301)
(11.7779 -1.08849e-19 1.86237)
(11.9301 1.09051e-19 1.91481)
(12.0855 0 1.95969)
(12.2431 0 1.99646)
(12.4021 0 2.02465)
(12.5615 -1.37379e-22 2.04393)
(12.7206 0 2.05406)
(12.878 -2.06709e-22 2.05495)
(13.0471 -4.09344e-22 2.04683)
(10.0032 -2.74048e-21 0.0857215)
(10.0157 -2.75853e-21 0.169731)
(10.0373 1.3951e-20 0.252525)
(10.0671 -1.12252e-20 0.334571)
(10.1044 -1.41061e-21 0.416181)
(10.1491 -2.78737e-21 0.497551)
(10.201 0 0.578808)
(10.26 -1.3882e-21 0.660014)
(10.326 4.31029e-20 0.741164)
(10.399 -4.06426e-20 0.822187)
(10.4788 8.20815e-20 0.902946)
(10.5654 -8.51147e-20 0.98323)
(10.6587 -6.25483e-22 1.06276)
(10.7585 0 1.14118)
(10.8648 -1.1965e-21 1.21806)
(10.9772 1.44931e-19 1.2929)
(11.0955 -2.84662e-19 1.36516)
(11.2194 1.3994e-19 1.43423)
(11.3484 1.28754e-22 1.49947)
(11.4821 0 1.56024)
(11.62 0 1.61591)
(11.7614 0 1.66586)
(11.9056 -9.77245e-20 1.70953)
(12.0519 9.77699e-20 1.74641)
(12.1997 0 1.77608)
(12.348 1.52359e-22 1.7982)
(12.4961 1.35749e-22 1.81253)
(12.6432 0 1.81892)
(12.7883 2.04437e-22 1.81735)
(12.9434 -5.06318e-24 1.80803)
(10.0034 2.67729e-21 0.0780247)
(10.0163 1.36958e-21 0.154452)
(10.0387 0 0.229704)
(10.0695 -9.37577e-21 0.304176)
(10.1081 9.46532e-21 0.378124)
(10.154 1.3517e-21 0.451689)
(10.2072 0 0.52496)
(10.2674 4.18872e-20 0.597965)
(10.3346 -4.08441e-20 0.670676)
(10.4084 3.94597e-20 0.74301)
(10.4889 3.17608e-22 0.814824)
(10.5757 -4.02513e-20 0.88592)
(10.6688 6.13897e-22 0.956038)
(10.7679 0 1.02486)
(10.8729 -7.21047e-20 1.092)
(10.9833 7.186e-20 1.15704)
(11.0989 0 1.2195)
(11.2193 -5.13475e-22 1.27887)
(11.344 -1.22077e-19 1.33462)
(11.4726 6.74284e-21 1.38621)
(11.6045 1.16066e-19 1.43314)
(11.7391 1.02227e-19 1.47489)
(11.8757 -1.02515e-19 1.51104)
(12.0137 -8.77566e-20 1.54118)
(12.1524 8.8344e-20 1.56499)
(12.291 -2.25679e-22 1.58222)
(12.4289 -6.55891e-20 1.59272)
(12.5654 6.59061e-20 1.5964)
(12.6996 0 1.59327)
(12.8425 4.26904e-20 1.58353)
(10.0036 -2.55086e-21 0.0698607)
(10.0168 3.87197e-21 0.138266)
(10.0399 0 0.205579)
(10.0716 -1.03277e-20 0.272131)
(10.1111 3.35629e-20 0.338118)
(10.158 -4.12346e-20 0.403636)
(10.2122 2.06474e-20 0.468738)
(10.2734 0 0.533425)
(10.3412 -3.98066e-20 0.597654)
(10.4156 2.08917e-21 0.661335)
(10.4963 4.00534e-20 0.72433)
(10.583 0 0.786455)
(10.6756 0 0.847477)
(10.7736 7.21516e-20 0.907116)
(10.8769 -7.19176e-20 0.965047)
(10.9851 -6.64852e-20 1.0209)
(11.0979 6.73062e-20 1.07429)
(11.2147 4.95003e-22 1.12477)
(11.3352 0 1.17192)
(11.4588 0 1.21531)
(11.585 0 1.25451)
(11.7132 0 1.28912)
(11.8428 -9.36149e-23 1.31881)
(11.9731 0 1.34326)
(12.1036 -2.43213e-22 1.36224)
(12.2336 7.25181e-20 1.37557)
(12.3625 -7.28817e-20 1.38315)
(12.4896 -5.88256e-20 1.38492)
(12.6142 5.89555e-20 1.38093)
(12.7465 -4.64323e-23 1.37136)
(10.0037 0 0.0612474)
(10.0173 -4.94451e-21 0.121215)
(10.0409 4.9935e-21 0.180222)
(10.0733 -2.49672e-21 0.238541)
(10.1136 8.65907e-21 0.296309)
(10.1614 -2.9745e-20 0.353578)
(10.2163 1.99053e-20 0.410369)
(10.278 -1.94175e-20 0.466665)
(10.3464 1.95595e-20 0.522413)
(10.421 3.59793e-20 0.57752)
(10.5016 -1.5161e-21 0.631857)
(10.5879 -3.67566e-20 0.685257)
(10.6796 5.58423e-22 0.737516)
(10.7764 -5.53578e-22 0.788396)
(10.8779 5.37686e-22 0.837621)
(10.9838 0 0.884887)
(11.0936 0 0.929864)
(11.207 5.94775e-20 0.972205)
(11.3234 -5.99643e-20 1.01156)
(11.4423 0 1.04758)
(11.5632 5.1363e-20 1.07993)
(11.6856 -5.15509e-20 1.1083)
(11.8088 9.22111e-23 1.13243)
(11.9323 4.21511e-20 1.15208)
(12.0555 -3.20768e-21 1.16707)
(12.1779 -7.50859e-20 1.17729)
(12.2988 3.61034e-20 1.18266)
(12.4178 0 1.18317)
(12.5342 2.64403e-20 1.17887)
(12.6574 -2.65245e-20 1.16992)
(10.0039 1.17947e-21 0.0521888)
(10.0178 -4.77018e-21 0.103315)
(10.0419 9.60805e-21 0.153681)
(10.0749 -3.62328e-21 0.203488)
(10.1159 0 0.252799)
(10.1642 0 0.30162)
(10.2197 5.92747e-22 0.349949)
(10.2818 -1.87427e-20 0.39776)
(10.3504 1.88864e-20 0.444994)
(10.425 5.81072e-22 0.491565)
(10.5053 0 0.537357)
(10.591 -5.60449e-22 0.582225)
(10.6818 -5.47977e-22 0.625997)
(10.7772 0 0.668473)
(10.8769 2.55634e-22 0.709429)
(10.9805 -6.25271e-20 0.748615)
(11.0875 6.2595e-20 0.785765)
(11.1976 -5.76108e-20 0.820603)
(11.3102 5.8098e-20 0.852848)
(11.4248 -1.05199e-22 0.882227)
(11.5409 -4.99772e-20 0.908478)
(11.6581 2.98745e-21 0.931365)
(11.7756 3.03161e-21 0.95068)
(11.8931 8.59919e-20 0.966253)
(12.01 -8.01144e-20 0.977952)
(12.1258 7.42315e-20 0.985693)
(12.2399 -3.56867e-20 0.989434)
(12.3519 0 0.989179)
(12.4614 0 0.984976)
(12.5769 2.35817e-23 0.976964)
(10.004 1.13645e-21 0.0426616)
(10.0183 2.29595e-21 0.0845478)
(10.0429 -4.65933e-21 0.125989)
(10.0765 -5.79449e-22 0.167093)
(10.118 -8.6741e-21 0.207816)
(10.1667 9.33948e-21 0.248113)
(10.2225 -1.83078e-20 0.28796)
(10.2849 1.84556e-20 0.327318)
(10.3535 -1.79041e-20 0.366125)
(10.428 1.80401e-20 0.404297)
(10.5079 3.46461e-20 0.441733)
(10.593 -6.88165e-20 0.478313)
(10.6827 3.44147e-20 0.513896)
(10.7767 0 0.548322)
(10.8747 -2.50981e-22 0.581412)
(10.9761 0 0.612972)
(11.0806 2.34786e-22 0.642794)
(11.1877 -4.49245e-22 0.670665)
(11.2969 0 0.696368)
(11.4077 1.03438e-22 0.719696)
(11.5197 0 0.740449)
(11.6323 4.60842e-20 0.758452)
(11.745 -4.62298e-20 0.773548)
(11.8574 6.17982e-23 0.785613)
(11.9689 0 0.794554)
(12.0791 0 0.800314)
(12.1875 0 0.802869)
(12.2937 0 0.802233)
(12.3973 2.79231e-23 0.798451)
(12.5064 -2.4738e-23 0.791641)
(10.0042 -1.66033e-21 0.0325814)
(10.0189 1.12032e-21 0.0647835)
(10.0442 0 0.0969443)
(10.0784 1.12867e-21 0.128983)
(10.1203 -1.12833e-21 0.160756)
(10.1695 0 0.192208)
(10.2255 -5.61889e-22 0.223317)
(10.288 5.5206e-22 0.254039)
(10.3566 -5.45943e-22 0.284311)
(10.4308 0 0.314057)
(10.5103 -2.64789e-22 0.343191)
(10.5946 0 0.371613)
(10.6833 -2.56584e-22 0.399212)
(10.7761 2.47725e-22 0.425863)
(10.8725 0 0.451426)
(10.972 -2.33521e-22 0.475753)
(11.0742 -1.12842e-22 0.498686)
(11.1787 2.19394e-22 0.520064)
(11.285 -1.04377e-22 0.539727)
(11.3926 0 0.557518)
(11.5011 0 0.573293)
(11.6099 2.25265e-20 0.586922)
(11.7186 -2.26451e-20 0.598292)
(11.8267 -2.0216e-23 0.607315)
(11.9338 4.73009e-24 0.613928)
(12.0395 0 0.618091)
(12.1433 -1.60794e-20 0.619793)
(12.2448 1.34118e-21 0.619049)
(12.3437 2.83241e-20 0.615897)
(12.4478 -2.56804e-20 0.610428)
(10.0045 1.6145e-21 0.0218105)
(10.0199 -3.52376e-21 0.0444459)
(10.0459 2.4629e-21 0.0677374)
(10.0805 -5.49585e-22 0.0910173)
(10.1228 2.76584e-22 0.114033)
(10.1722 0 0.136778)
(10.2284 0 0.159255)
(10.291 -8.09149e-22 0.181423)
(10.3595 8.00402e-22 0.203225)
(10.4335 -1.63486e-20 0.224607)
(10.5126 1.69999e-20 0.245508)
(10.5963 0 0.26586)
(10.6842 0 0.285587)
(10.7759 -2.43049e-22 0.304601)
(10.871 -1.49063e-20 0.322808)
(10.9689 7.85088e-22 0.340106)
(11.0694 4.21689e-20 0.356385)
(11.1718 -2.79108e-20 0.371537)
(11.2757 1.02528e-22 0.385449)
(11.3808 -4.87914e-23 0.398016)
(11.4865 -2.32379e-20 0.409139)
(11.5923 2.33229e-20 0.418728)
(11.6978 -3.15238e-23 0.426707)
(11.8027 0 0.433017)
(11.9063 -4.65073e-24 0.437615)
(12.0085 0 0.440477)
(12.1086 -1.58979e-20 0.441596)
(12.2066 3.06647e-20 0.440984)
(12.3019 -1.47453e-20 0.438671)
(12.4021 2.53166e-23 0.434721)
(10.0056 0 0.00772545)
(10.0229 -7.88171e-22 0.0196528)
(10.0499 7.99144e-22 0.0334562)
(10.0849 -1.32971e-22 0.0474633)
(10.1272 4.36735e-21 0.0613501)
(10.1767 -8.49488e-21 0.0751587)
(10.2329 4.25938e-21 0.0888824)
(10.2954 -3.88969e-21 0.102462)
(10.3637 -4.27776e-21 0.115839)
(10.4374 8.02082e-21 0.128965)
(10.516 8.0759e-21 0.141797)
(10.5991 -2.19193e-22 0.154288)
(10.6863 -1.53441e-20 0.166387)
(10.7771 7.66851e-21 0.17804)
(10.8711 1.72428e-22 0.189185)
(10.9678 -1.40299e-20 0.19976)
(11.0668 1.40572e-20 0.2097)
(11.1676 -1.28912e-20 0.218936)
(11.2698 1.30403e-20 0.227404)
(11.373 4.79168e-23 0.235039)
(11.4766 0 0.241784)
(11.5803 -1.07781e-20 0.247586)
(11.6835 1.08569e-20 0.252403)
(11.786 1.21474e-24 0.2562)
(11.8872 0 0.258956)
(11.9868 8.44405e-21 0.260659)
(12.0845 -1.63459e-20 0.26131)
(12.1799 7.89776e-21 0.260919)
(12.2727 -6.6785e-21 0.259512)
(12.3702 1.27287e-20 0.257139)
(9.99491 0 -0.000402545)
(10.0032 0 0.00248696)
(10.0186 0 0.00667255)
(10.041 1.30237e-22 0.0110429)
(10.0712 1.16513e-21 0.0154364)
(10.109 -1.46885e-23 0.0198853)
(10.154 -1.04288e-21 0.0243819)
(10.2057 0 0.0288921)
(10.2636 0 0.0333864)
(10.3273 0 0.0378427)
(10.3965 -2.07615e-21 0.0422424)
(10.4705 1.96875e-21 0.0465662)
(10.549 -1.19096e-22 0.0507936)
(10.6316 0 0.0549026)
(10.7177 -5.66116e-23 0.058869)
(10.807 5.49547e-23 0.0626673)
(10.8989 3.32869e-21 0.0662702)
(10.993 -3.34916e-21 0.06965)
(11.0887 2.46739e-23 0.0727789)
(11.1858 0 0.0756297)
(11.2835 -2.8129e-21 0.0781774)
(11.3816 2.8272e-21 0.0803991)
(11.4796 2.53481e-21 0.0822757)
(11.5769 -2.54537e-21 0.0837917)
(11.6732 2.24425e-21 0.084936)
(11.7682 -1.54934e-22 0.0857023)
(11.8613 -2.10826e-21 0.0860887)
(11.9523 0 0.0860984)
(12.0409 0 0.0857371)
(12.1341 0 0.0850315)
(10.5166 0 12.7207)
(7.21339 -2.01188e-18 10.0829)
(0.908668 0 6.42607)
(11.0839 -1.51578e-19 10.6153)
(10.4719 0 9.16046)
(9.05819 0 7.68557)
(11.905 1.89902e-19 10.6523)
(12.142 0 10.1372)
(11.9686 0 9.39303)
(12.6126 1.79849e-18 10.2467)
(12.9974 -1.82656e-18 10.1676)
(13.1734 -7.26382e-20 9.8764)
(13.0602 4.29126e-19 9.40014)
(13.4681 -3.31234e-18 9.47593)
(13.7696 1.89972e-18 9.43349)
(13.3585 -1.14173e-18 8.52395)
(13.7517 -3.50481e-19 8.64069)
(14.0805 -3.08151e-19 8.69603)
(13.5705 -9.21639e-19 7.72727)
(13.9286 8.94385e-19 7.83486)
(14.238 0 7.90728)
(13.7146 -4.62086e-19 7.00733)
(14.0335 7.45349e-21 7.08984)
(14.3105 0 7.14924)
(13.8044 -4.04685e-21 6.35655)
(14.087 0 6.41498)
(14.3318 9.34343e-19 6.45575)
(13.8516 0 5.76863)
(14.1021 5.94332e-19 5.80788)
(14.3181 -5.86428e-19 5.83248)
(13.8638 0 5.23585)
(14.0865 -4.48461e-19 5.26046)
(14.2777 4.43823e-19 5.27264)
(13.8469 1.7847e-23 4.75088)
(14.0454 0 4.7645)
(14.2152 0 4.76752)
(13.8055 1.51057e-20 4.30763)
(13.983 -5.59289e-23 4.31312)
(14.1343 0 4.30956)
(13.7436 0 3.90111)
(13.9028 5.86707e-20 3.90069)
(14.038 -5.80462e-20 3.89253)
(13.6651 0 3.52722)
(13.8082 -1.62604e-20 3.52256)
(13.9293 1.61109e-20 3.51132)
(13.5735 9.52624e-23 3.18248)
(13.7024 -1.34685e-23 3.1749)
(13.8112 -1.30883e-20 3.16172)
(13.4721 -4.53535e-20 2.86386)
(13.5884 4.49448e-20 2.85441)
(13.6863 -3.77476e-23 2.8402)
(13.3639 5.76503e-20 2.56868)
(13.4692 -5.73081e-20 2.55818)
(13.5576 2.76565e-20 2.54363)
(13.252 1.52216e-19 2.29449)
(13.3475 -6.81347e-20 2.28356)
(13.4276 -4.15709e-20 2.26921)
(13.139 3.91328e-23 2.03904)
(13.226 2.87383e-25 2.02817)
(13.2988 -3.1103e-23 2.01441)
(13.0276 -4.29872e-20 1.8002)
(13.107 4.2796e-20 1.78974)
(13.1735 3.07601e-23 1.77685)
(12.9198 -9.84637e-20 1.57597)
(12.9928 4.62047e-20 1.5662)
(13.0538 -3.63707e-20 1.5544)
(12.818 3.10175e-23 1.36432)
(12.8854 0 1.35543)
(12.9416 0 1.34484)
(12.7239 -5.98686e-24 1.16358)
(12.7865 -3.06508e-24 1.15571)
(12.8387 2.1524e-20 1.14644)
(12.6392 2.66136e-20 0.971435)
(12.6977 -2.65056e-20 0.964666)
(12.7466 -1.11001e-23 0.956772)
(12.5652 -1.03837e-23 0.787031)
(12.6205 3.23876e-24 0.781438)
(12.6667 -1.2087e-23 0.774956)
(12.5038 9.61569e-22 0.60677)
(12.5565 2.65905e-20 0.602365)
(12.6004 -1.28093e-20 0.59729)
(12.4559 -6.92192e-24 0.432091)
(12.5066 3.25535e-24 0.428927)
(12.5489 -1.23755e-23 0.425289)
(12.4226 -7.34063e-21 0.255503)
(12.4718 -1.61393e-24 0.253498)
(12.5129 1.83139e-23 0.251198)
(12.1841 3.47507e-24 0.0844748)
(12.2311 0 0.0837555)
(12.2704 1.53566e-21 0.0829315)
(-1.17948 -3.49631e-19 3.55945)
(1.91572 -2.9417e-20 4.60681)
(2.56567 -5.2776e-20 5.04131)
(3.2878 2.13467e-18 5.37142)
(3.96062 -1.00929e-18 5.65756)
(4.56234 1.04225e-18 5.86355)
(5.11268 5.39492e-19 5.96001)
(5.6287 -5.1394e-19 5.92109)
(6.11844 0 5.7182)
(6.58686 0 5.31916)
(7.03609 6.12295e-19 4.6889)
(7.46227 -1.34039e-18 3.79494)
(7.84588 2.42442e-20 2.63856)
(8.15683 0 1.28577)
(8.354 0 -0.164743)
(8.41181 0 -1.62904)
(8.41196 2.5869e-19 -3.05137)
(8.4088 3.29926e-20 -4.38821)
(8.41752 -6.32039e-21 -5.58351)
(8.43209 9.5435e-20 -6.57277)
(8.44154 3.57191e-20 -7.30384)
(8.43866 -2.92761e-20 -7.75337)
(8.4223 -8.80987e-21 -7.92988)
(8.39613 -2.53523e-21 -7.86735)
(8.36599 0 -7.61508)
(8.33742 1.03602e-21 -7.22762)
(8.31419 -1.04581e-21 -6.75704)
(8.29527 5.53738e-22 -6.24786)
(8.2869 -5.78917e-22 -5.73539)
(8.24219 1.75914e-22 -5.23098)
(6.85088 2.41659e-18 5.65521)
(5.54459 -2.96424e-18 4.64378)
(4.72165 -4.51472e-19 4.40014)
(4.64465 0 4.58024)
(4.9932 -2.41976e-18 4.89743)
(5.50829 1.8476e-18 5.18179)
(6.08221 -4.77112e-19 5.35456)
(6.67095 -4.87548e-19 5.3772)
(7.25356 5.03675e-19 5.22238)
(7.81939 0 4.86296)
(8.36005 7.41214e-21 4.27145)
(8.86085 6.47656e-19 3.42913)
(9.29239 -6.10239e-19 2.35073)
(9.62462 0 1.09849)
(9.83616 -3.43582e-19 -0.256322)
(9.93142 3.07421e-19 -1.65772)
(9.97808 -2.70463e-19 -3.05512)
(10.0069 0 -4.38734)
(10.0148 0 -5.5796)
(9.98845 0 -6.55949)
(9.919 -1.10329e-21 -7.27633)
(9.8075 -1.52631e-21 -7.7115)
(9.66319 1.77739e-21 -7.87751)
(9.49973 9.24746e-22 -7.8102)
(9.33126 6.57516e-22 -7.5587)
(9.16954 0 -7.17611)
(9.02253 0 -6.71238)
(8.89163 -7.4734e-22 -6.20985)
(8.78665 2.64345e-22 -5.70127)
(8.63733 1.66891e-22 -5.19971)
(11.0754 0 7.82237)
(9.8942 -7.06274e-20 6.49613)
(8.68781 2.56773e-18 5.56131)
(7.81418 -2.73059e-18 5.0082)
(7.36705 3.94469e-19 4.77195)
(7.29875 4.08593e-19 4.74181)
(7.51625 4.40213e-19 4.78095)
(7.92062 9.0263e-19 4.77198)
(8.42938 -4.76862e-19 4.63361)
(8.98329 0 4.31252)
(9.53979 0 3.77412)
(10.062 0 3.00421)
(10.511 2.6685e-20 2.02077)
(10.8608 -6.27413e-19 0.872117)
(11.13 5.97431e-19 -0.398464)
(11.32 0 -1.74588)
(11.4592 -2.28059e-19 -3.10988)
(11.545 0 -4.41199)
(11.5591 8.41848e-20 -5.5682)
(11.4885 3.39864e-20 -6.50764)
(11.3342 -6.36307e-20 -7.1864)
(11.1099 2.42122e-20 -7.59212)
(10.837 3.73306e-22 -7.7406)
(10.5392 -8.70924e-22 -7.66788)
(10.2383 -6.56006e-22 -7.42105)
(9.95138 0 -7.05008)
(9.68958 0 -6.60145)
(9.4561 1.06845e-21 -6.11437)
(9.26291 5.16633e-23 -5.61865)
(9.01982 -2.6548e-22 -5.12868)
(13.0674 0 8.87446)
(12.5864 5.1428e-20 7.78969)
(11.8689 0 6.83344)
(11.1255 0 6.05585)
(10.4962 0 5.45964)
(10.06 -3.44222e-19 5.02999)
(9.85782 -3.60266e-19 4.72556)
(9.88812 -2.02802e-18 4.4768)
(10.1116 1.61228e-18 4.20193)
(10.4701 0 3.82572)
(10.9025 0 3.29191)
(11.3522 0 2.57088)
(11.7694 -5.21482e-19 1.66407)
(12.1396 1.08885e-18 0.590024)
(12.4913 2.50306e-19 -0.622135)
(12.7767 0 -1.91642)
(12.9834 1.19487e-20 -3.22129)
(13.0864 1.84316e-19 -4.45378)
(13.0659 -7.91073e-20 -5.53468)
(12.9186 -6.32712e-20 -6.40259)
(12.6586 -2.65905e-20 -7.02268)
(12.312 -4.53079e-20 -7.3881)
(11.9102 9.43606e-21 -7.51592)
(11.4847 -3.59514e-21 -7.44018)
(11.0622 -1.40528e-21 -7.20399)
(10.663 0 -6.85256)
(10.3 0 -6.42783)
(9.977 -1.04318e-21 -5.96508)
(9.70688 6.00067e-22 -5.49092)
(9.38314 0 -5.02063)
(14.0841 -5.44373e-20 8.9509)
(14.1174 2.64093e-18 8.23719)
(13.9264 -2.72774e-18 7.48547)
(13.592 3.62751e-18 6.7728)
(13.2038 -3.75281e-18 6.124)
(12.8399 -1.32439e-19 5.54778)
(12.5632 3.09922e-19 5.03842)
(12.4169 0 4.57205)
(12.4181 0 4.10815)
(12.5576 0 3.59664)
(12.8055 0 2.98872)
(13.1216 -1.08092e-18 2.24774)
(13.4633 8.89327e-19 1.35469)
(13.8319 2.27272e-19 0.303591)
(14.1762 -2.25035e-19 -0.870196)
(14.4448 5.76633e-19 -2.10323)
(14.6048 -7.02223e-19 -3.32276)
(14.6278 3.21931e-19 -4.45527)
(14.5013 6.50924e-20 -5.43556)
(14.2322 5.90609e-21 -6.21531)
(13.844 7.89261e-20 -6.76856)
(13.3698 2.13411e-20 -7.09224)
(12.8458 0 -7.20278)
(12.3064 6.83686e-21 -7.13044)
(11.7799 -1.6469e-21 -6.91297)
(11.2872 1.51303e-21 -6.58985)
(10.841 1.79092e-21 -6.19772)
(10.4451 -1.58779e-22 -5.76758)
(10.1118 6.94308e-24 -5.32284)
(9.7222 -2.51472e-22 -4.87921)
(14.5751 -3.67483e-19 8.52791)
(14.9123 1.73773e-18 8.12319)
(15.1025 2.5742e-18 7.60234)
(15.145 -2.61125e-18 7.0328)
(15.0811 0 6.44902)
(14.9658 1.17886e-19 5.86951)
(14.8488 0 5.30058)
(14.7713 0 4.73563)
(14.7629 0 4.15615)
(14.838 1.31865e-18 3.53472)
(14.9952 -2.73539e-18 2.84013)
(15.2191 1.61062e-18 2.04344)
(15.4841 0 1.12242)
(15.7735 -2.03232e-19 0.0753838)
(16.0047 0 -1.05601)
(16.1434 3.11554e-19 -2.21195)
(16.1582 -6.01903e-19 -3.3302)
(16.0286 8.49138e-20 -4.35242)
(15.7515 1.87298e-19 -5.22858)
(15.3407 -2.47637e-20 -5.92235)
(14.8235 0 -6.41483)
(14.2339 0 -6.7051)
(13.6082 -1.41225e-20 -6.80765)
(12.9793 1.66261e-20 -6.74817)
(12.3742 -5.09391e-21 -6.55852)
(11.8123 0 -6.27212)
(11.3048 -2.35004e-23 -5.92022)
(10.8548 9.64026e-22 -5.52958)
(10.4736 -5.77753e-22 -5.12057)
(10.0338 -5.66559e-24 -4.70901)
(14.7727 0 7.88594)
(15.2525 1.76164e-18 7.68268)
(15.6676 -1.77254e-18 7.34809)
(15.9729 2.48505e-18 6.92303)
(16.1748 -5.32995e-18 6.43712)
(16.3053 4.43642e-18 5.91009)
(16.3972 -1.59762e-18 5.35232)
(16.4795 0 4.76476)
(16.5757 -1.18368e-19 4.13966)
(16.7019 1.23566e-18 3.46254)
(16.8639 -2.16319e-18 2.71536)
(17.0553 1.1971e-18 1.88084)
(17.2594 1.29512e-18 0.948004)
(17.4376 -1.93241e-18 -0.0704143)
(17.5311 4.66942e-19 -1.13392)
(17.5173 -2.15953e-19 -2.1954)
(17.3752 -2.51241e-19 -3.20682)
(17.0951 1.80539e-19 -4.12299)
(16.6819 1.48902e-19 -4.90543)
(16.1538 -9.51357e-20 -5.52645)
(15.5382 1.90357e-20 -5.97189)
(14.8677 0 -6.24152)
(14.1753 0 -6.34729)
(13.4908 -9.12158e-21 -6.31013)
(12.8383 1.0657e-20 -6.15614)
(12.2347 0 -5.91293)
(11.6895 -6.91366e-22 -5.60668)
(11.2049 -1.32254e-21 -5.2602)
(10.7914 3.78836e-22 -4.89117)
(10.3168 -1.84433e-24 -4.51522)
(14.8189 0 7.17508)
(15.3347 0 7.07881)
(15.8486 0 6.86806)
(16.2991 2.08469e-18 6.55808)
(16.671 -2.076e-18 6.16703)
(16.9778 1.33583e-18 5.70971)
(17.2371 1.79343e-19 5.19547)
(17.4649 -1.57299e-18 4.62774)
(17.6748 1.85656e-18 4.00441)
(17.8761 -1.87985e-18 3.31917)
(18.0715 -1.28759e-19 2.56402)
(18.2538 -1.04333e-18 1.7333)
(18.4078 1.06592e-18 0.829797)
(18.4959 0 -0.126306)
(18.4835 5.85006e-19 -1.10202)
(18.357 -8.02704e-21 -2.06246)
(18.105 -4.03905e-19 -2.97081)
(17.7259 0 -3.79148)
(17.2299 -4.87395e-20 -4.49412)
(16.6367 -5.54729e-20 -5.05695)
(15.9726 5.76298e-20 -5.46869)
(15.2672 -3.58398e-20 -5.72886)
(14.5498 5.24008e-20 -5.84657)
(13.8467 -2.54128e-20 -5.83815)
(13.1786 0 -5.72435)
(12.5601 3.81687e-21 -5.52755)
(11.9996 -4.1092e-21 -5.26934)
(11.4987 1.09911e-21 -4.969)
(11.0672 0 -4.64191)
(10.5719 2.39841e-22 -4.30315)
(14.7904 2.39784e-19 6.48171)
(15.284 -9.36761e-19 6.4285)
(15.8124 0 6.28593)
(16.3153 1.75027e-18 6.05317)
(16.7677 -1.73404e-18 5.7375)
(17.1708 1.54275e-20 5.34696)
(17.5305 -4.0185e-20 4.88745)
(17.8521 -1.28003e-18 4.36213)
(18.1395 1.37177e-18 3.77152)
(18.3945 0 3.11448)
(18.6142 8.87609e-19 2.3902)
(18.7892 -8.01072e-19 1.60157)
(18.9057 -8.62799e-19 0.759758)
(18.9373 1.77188e-18 -0.114184)
(18.8632 -3.86957e-19 -0.99481)
(18.6761 -3.63925e-19 -1.85567)
(18.3713 -4.28523e-19 -2.66803)
(17.952 3.67991e-19 -3.40358)
(17.4302 -1.91507e-20 -4.038)
(16.8252 0 -4.55363)
(16.1609 7.62959e-21 -4.94079)
(15.4636 7.34058e-21 -5.19817)
(14.7588 -2.18385e-20 -5.33198)
(14.069 2.13755e-20 -5.35436)
(13.4124 7.72425e-21 -5.2813)
(12.8016 -8.13748e-21 -5.13052)
(12.2443 2.04611e-21 -4.91966)
(11.7422 -1.39175e-21 -4.66488)
(11.3048 -1.82032e-22 -4.37953)
(10.8007 0 -4.07789)
(14.7239 8.02613e-19 5.84299)
(15.1712 2.31709e-19 5.79928)
(15.6684 -9.75705e-19 5.68754)
(16.1635 0 5.5001)
(16.6304 -2.83479e-21 5.23736)
(17.0638 -2.83449e-20 4.90198)
(17.4625 -1.04843e-18 4.4964)
(17.8243 1.02701e-18 4.02246)
(18.1461 1.25821e-18 3.48154)
(18.4238 -1.2627e-18 2.87531)
(18.6504 -4.70952e-20 2.20713)
(18.8156 6.55666e-19 1.48435)
(18.9071 -8.13367e-19 0.720945)
(18.9095 9.81013e-20 -0.0638955)
(18.8095 0 -0.850022)
(18.6035 0 -1.61667)
(18.2906 -3.28907e-19 -2.34115)
(17.876 3.40574e-19 -3.00083)
(17.3715 1.56617e-19 -3.57593)
(16.7944 -1.28319e-19 -4.0516)
(16.1657 -7.63286e-21 -4.41905)
(15.5077 0 -4.67591)
(14.8421 1.99637e-20 -4.82576)
(14.1885 -3.13703e-21 -4.8771)
(13.5625 -1.71941e-20 -4.84186)
(12.9755 7.18443e-22 -4.7338)
(12.4348 1.09423e-21 -4.56711)
(11.9428 1.41799e-21 -4.35527)
(11.5088 -1.62809e-21 -4.10979)
(11.0055 -4.41015e-22 -3.84392)
(14.6352 -6.34957e-19 5.26639)
(15.0313 1.43045e-18 5.21929)
(15.479 -7.99587e-19 5.11899)
(15.9358 0 4.95649)
(16.3779 4.03296e-21 4.72915)
(16.7982 1.8485e-20 4.43658)
(17.1921 -1.45838e-20 4.07893)
(17.5536 3.21827e-20 3.65684)
(17.8758 1.07155e-18 3.17172)
(18.1508 -2.22044e-18 2.62633)
(18.37 1.76139e-18 2.02573)
(18.5232 -6.07773e-19 1.37855)
(18.5997 0 0.698297)
(18.5912 -6.18857e-21 0.00143234)
(18.4886 -3.22116e-19 -0.69553)
(18.2901 7.22093e-21 -1.37574)
(17.9968 3.16717e-19 -2.02102)
(17.614 -3.45988e-20 -2.61304)
(17.1523 0 -3.13544)
(16.6261 -1.10769e-19 -3.57543)
(16.0529 1.03024e-19 -3.92479)
(15.4515 0 -4.1802)
(14.8401 1.81933e-20 -4.34308)
(14.2353 -1.79678e-20 -4.41896)
(13.6509 6.18765e-21 -4.41639)
(13.0974 -7.60451e-21 -4.34588)
(12.5819 -1.08491e-21 -4.21868)
(12.1076 -7.6736e-22 -4.04589)
(11.6837 1.34737e-22 -3.83733)
(11.1886 7.76501e-22 -3.60505)
(14.5308 -3.74776e-21 4.74774)
(14.8792 3.945e-21 4.69471)
(15.2749 4.21507e-19 4.59837)
(15.6828 1.00422e-19 4.45057)
(16.0828 -5.06856e-19 4.24786)
(16.4679 -5.49344e-21 3.98869)
(16.8327 -5.20332e-21 3.67215)
(17.17 0 3.29819)
(17.4715 -1.26767e-20 2.868)
(17.7284 0 2.3845)
(17.9315 1.4662e-20 1.85286)
(18.0716 -5.22934e-19 1.28128)
(18.1397 5.50026e-19 0.681334)
(18.1306 -2.20796e-20 0.0667227)
(18.0381 -2.62201e-19 -0.548761)
(17.8607 2.71796e-19 -1.15114)
(17.6001 2.19591e-19 -1.72552)
(17.2613 -4.66171e-19 -2.25686)
(16.8526 2.31557e-19 -2.73146)
(16.386 9.72017e-20 -3.13816)
(15.8756 -9.10981e-20 -3.46919)
(15.3367 0 -3.72056)
(14.7846 -3.30374e-20 -3.89208)
(14.2334 3.30624e-20 -3.98693)
(13.6953 -1.13662e-20 -4.01102)
(13.1799 1.20755e-20 -3.97214)
(12.6943 0 -3.87908)
(12.2424 0 -3.74085)
(11.8332 3.18063e-22 -3.56573)
(11.3517 -3.20486e-22 -3.36442)
(14.4138 0 4.2801)
(14.7204 -3.95425e-21 4.22244)
(15.0681 -3.4331e-19 4.12844)
(15.4277 7.58789e-19 3.99126)
(15.7819 -4.1797e-19 3.80766)
(16.1246 9.59917e-22 3.57586)
(16.451 -6.38898e-19 3.29469)
(16.7541 1.35462e-18 2.96386)
(17.0257 -1.47793e-18 2.58434)
(17.2575 -4.65776e-20 2.15877)
(17.441 8.06919e-19 1.6918)
(17.568 2.86604e-20 1.19041)
(17.6309 0 0.664057)
(17.6257 -1.66316e-20 0.124074)
(17.5481 -1.63072e-20 -0.418311)
(17.3963 0 -0.951219)
(17.172 1.50791e-20 -1.46221)
(16.8791 6.21679e-21 -1.93879)
(16.5244 -9.55336e-20 -2.36937)
(16.1171 9.10641e-20 -2.74415)
(15.6684 0 -3.05588)
(15.1909 0 -3.3002)
(14.6972 0 -3.47574)
(14.1993 -1.26368e-20 -3.58398)
(13.708 1.33366e-20 -3.62873)
(13.2322 0 -3.6156)
(12.7786 3.07536e-21 -3.55132)
(12.3517 -4.13678e-21 -3.44308)
(11.9604 1.0524e-21 -3.29773)
(11.4966 -3.67267e-22 -3.1246)
(14.2864 0 3.85672)
(14.557 2.03231e-19 3.79657)
(14.8628 -4.76057e-19 3.70545)
(15.1788 6.18773e-19 3.57772)
(15.49 7.41683e-20 3.41063)
(15.7915 -4.11065e-19 3.20253)
(16.079 5.39025e-19 2.95236)
(16.3466 -1.14074e-18 2.65979)
(16.5869 5.99579e-19 2.32564)
(16.7925 -1.16421e-20 1.95217)
(16.9561 7.15784e-21 1.54328)
(17.0706 -4.08158e-19 1.10471)
(17.1299 8.08218e-19 0.644018)
(17.129 -4.14587e-19 0.170428)
(17.067 0 -0.306988)
(16.9405 -2.00913e-19 -0.777996)
(16.7507 1.97085e-19 -1.23215)
(16.5007 -6.22009e-21 -1.65899)
(16.1957 0 -2.04865)
(15.8427 -5.04654e-21 -2.39257)
(15.4509 0 -2.68402)
(15.0302 -3.11553e-20 -2.91853)
(14.591 3.07754e-20 -3.09398)
(14.1437 0 -3.21057)
(13.6975 -6.83226e-22 -3.27056)
(13.2607 -1.01291e-21 -3.27781)
(12.8397 0 -3.23731)
(12.4393 -9.65896e-22 -3.15468)
(12.0678 9.69695e-22 -3.03549)
(11.6245 1.92022e-22 -2.88773)
(14.1507 0 3.47181)
(14.3903 1.13276e-21 3.41118)
(14.66 -2.16259e-19 3.32393)
(14.9381 2.12371e-19 3.20549)
(15.2116 -6.72451e-22 3.05357)
(15.4761 3.97844e-19 2.86679)
(15.7283 6.12237e-20 2.64424)
(15.9632 -4.51105e-19 2.38565)
(16.1744 4.53124e-21 2.09173)
(16.3558 -4.15439e-21 1.76435)
(16.501 8.02663e-22 1.40671)
(16.6042 -3.40416e-19 1.02345)
(16.6601 3.32068e-19 0.6206)
(16.6646 0 0.205427)
(16.6162 0 -0.214307)
(16.5119 5.10091e-21 -0.630052)
(16.3525 1.64399e-19 -1.03306)
(16.1402 -1.64171e-19 -1.41453)
(15.8789 7.39548e-20 -1.76607)
(15.5741 -2.55783e-21 -2.08018)
(15.2328 -1.29339e-19 -2.35071)
(14.8631 6.16178e-20 -2.57325)
(14.4736 2.45016e-20 -2.74524)
(14.0731 -3.43373e-20 -2.86599)
(13.6695 1.02854e-20 -2.93655)
(13.2703 -5.82936e-21 -2.95942)
(12.8815 6.83888e-21 -2.93819)
(12.508 0 -2.87713)
(12.1577 -3.31062e-22 -2.78068)
(11.7369 1.67954e-22 -2.65556)
(14.0091 9.14603e-21 3.12055)
(14.222 -1.07723e-19 3.06103)
(14.4607 -5.68868e-20 2.97857)
(14.7062 1.60487e-19 2.86946)
(14.9471 0 2.73183)
(15.1796 -3.25644e-19 2.56455)
(15.4012 3.22107e-19 2.36687)
(15.6074 1.71157e-21 2.13859)
(15.7933 7.9291e-22 1.88029)
(15.9534 2.40148e-21 1.59353)
(16.0825 2.73769e-19 1.28091)
(16.1756 -2.64548e-19 0.946156)
(16.2284 7.06702e-21 0.594111)
(16.2369 3.08082e-19 0.230641)
(16.2 -3.02505e-19 -0.137919)
(16.1149 1.44668e-19 -0.504389)
(15.9817 -2.89272e-19 -0.861398)
(15.8019 2.80095e-19 -1.20154)
(15.5785 -1.3586e-19 -1.51763)
(15.3156 6.04211e-20 -1.80315)
(15.0189 -5.93875e-20 -2.05256)
(14.6946 -2.45051e-20 -2.2616)
(14.35 2.39684e-20 -2.42749)
(13.9922 0 -2.54896)
(13.6282 0 -2.62619)
(13.2647 0 -2.6606)
(12.9073 0 -2.65466)
(12.5605 3.36346e-22 -2.61151)
(12.232 -7.15695e-22 -2.5346)
(11.8349 8.92655e-23 -2.42949)
(13.8638 1.16463e-22 2.79891)
(14.0536 0 2.74169)
(14.2657 -1.17948e-19 2.6647)
(14.4833 1.16919e-19 2.56491)
(14.6963 -2.16583e-19 2.4408)
(14.9015 2.1401e-19 2.29147)
(15.0968 1.54595e-22 2.11631)
(15.2787 0 1.91515)
(15.4428 -7.90133e-22 1.68849)
(15.5847 1.73349e-21 1.4376)
(15.6999 0 1.16457)
(15.7844 0 0.872432)
(15.8344 -2.53116e-19 0.565071)
(15.8464 2.51314e-19 0.247212)
(15.8191 9.45618e-22 -0.0759101)
(15.7501 0 -0.398351)
(15.6391 -1.24871e-19 -0.713905)
(15.4872 1.22977e-19 -1.01633)
(15.2965 -2.12045e-22 -1.29951)
(15.07 5.21158e-20 -1.55778)
(14.8122 -5.20001e-20 -1.78618)
(14.5281 2.16909e-20 -1.98071)
(14.2236 -2.15367e-20 -2.13854)
(13.9046 0 -2.25801)
(13.5772 0 -2.33867)
(13.2472 5.57256e-21 -2.38116)
(12.9198 -5.56215e-21 -2.38703)
(12.5993 1.93673e-21 -2.35851)
(12.2927 -1.31983e-21 -2.29821)
(11.9199 -2.82652e-22 -2.21064)
(13.7172 -2.6474e-20 2.50338)
(13.8871 2.0249e-20 2.44933)
(14.0763 -1.64491e-20 2.37825)
(14.27 0 2.28767)
(14.4592 0 2.17636)
(14.6412 0 2.0436)
(14.8142 0 1.88888)
(14.9753 -1.46455e-23 1.71208)
(15.121 1.59579e-19 1.5136)
(15.2475 -1.58281e-19 1.29447)
(15.351 -1.89429e-19 1.0564)
(15.4281 -1.27073e-20 0.801813)
(15.4755 9.47905e-20 0.533863)
(15.4903 1.04044e-19 0.256376)
(15.4711 1.10439e-19 -0.0263192)
(15.4158 6.73546e-22 -0.309337)
(15.3238 -1.08402e-19 -0.587488)
(15.1958 0 -0.855506)
(15.0331 2.10666e-22 -1.10819)
(14.8383 -4.59289e-20 -1.34063)
(14.6145 4.57686e-20 -1.54842)
(14.3659 0 -1.72788)
(14.0972 5.31783e-22 -1.8762)
(13.8134 0 -1.99152)
(13.5195 0 -2.07299)
(13.2207 0 -2.12064)
(12.9217 5.23744e-22 -2.13532)
(12.6265 0 -2.11854)
(12.3416 5.19111e-22 -2.07219)
(11.9931 0 -1.99986)
(13.5716 1.73741e-20 2.23086)
(13.7243 1.65531e-20 2.18058)
(13.8939 1.7407e-23 2.11567)
(14.0671 -4.20146e-20 2.0341)
(14.236 -2.00851e-20 1.93487)
(14.3982 6.07166e-20 1.8174)
(14.5524 0 1.68129)
(14.6961 6.10366e-23 1.52642)
(14.8263 -6.76034e-24 1.35313)
(14.9397 -2.97026e-22 1.16224)
(15.0334 0 0.955145)
(15.1043 -8.42367e-20 0.733796)
(15.1496 8.47626e-20 0.500745)
(15.1668 -1.64223e-22 0.259101)
(15.1544 -9.4497e-20 0.0124381)
(15.1107 9.29659e-20 -0.235233)
(15.035 0 -0.479594)
(14.9274 8.24298e-23 -0.716212)
(14.789 -1.58818e-22 -0.940662)
(14.6216 -3.01596e-22 -1.1487)
(14.4276 -3.67531e-20 -1.33645)
(14.2102 3.66491e-20 -1.50056)
(13.9733 -5.27068e-22 -1.63835)
(13.721 -1.26139e-20 -1.74788)
(13.4577 1.29511e-20 -1.82801)
(13.1877 5.90403e-22 -1.87838)
(12.9153 1.19475e-21 -1.89931)
(12.6443 -2.90248e-21 -1.89171)
(12.3803 1.07181e-21 -1.85691)
(12.0557 -3.46965e-22 -1.79771)
(13.4293 -1.18097e-22 1.97857)
(13.5671 -1.15955e-20 1.93246)
(13.7198 4.7705e-21 1.87383)
(13.8756 -1.84829e-20 1.80099)
(14.0272 6.74757e-20 1.71313)
(14.1727 -4.21261e-20 1.6098)
(14.311 -7.57592e-20 1.49065)
(14.44 7.49652e-20 1.35559)
(14.5571 6.70829e-24 1.20489)
(14.6598 -1.18159e-19 1.03921)
(14.7452 1.82309e-19 0.859675)
(14.811 -6.45729e-20 0.667862)
(14.8546 0 0.465836)
(14.8738 1.62124e-22 0.256121)
(14.8673 0 0.0416954)
(14.8336 0 -0.174192)
(14.7718 -1.43857e-22 -0.387951)
(14.6818 -8.16151e-23 -0.595855)
(14.5643 1.57293e-22 -0.794152)
(14.4205 3.5025e-20 -0.979196)
(14.2524 -3.54043e-20 -1.14759)
(14.0625 4.53139e-22 -1.29632)
(13.8538 1.31783e-20 -1.42289)
(13.6298 -1.38529e-20 -1.52536)
(13.3941 4.56448e-21 -1.60246)
(13.1505 -1.98398e-21 -1.65352)
(12.9027 -5.48651e-21 -1.67851)
(12.6543 2.28685e-21 -1.67788)
(12.4104 -8.48018e-22 -1.65249)
(12.109 0 -1.60451)
(13.2923 -4.78769e-23 1.74396)
(13.4174 0 1.70227)
(13.5556 0 1.64989)
(13.6965 1.04203e-20 1.58545)
(13.8335 -1.02992e-20 1.50828)
(13.9649 4.19508e-20 1.418)
(14.0898 -1.3169e-20 1.31435)
(14.2065 -2.80297e-20 1.19724)
(14.3128 -4.17482e-20 1.06688)
(14.4064 4.14057e-20 0.923796)
(14.485 5.30563e-20 0.768896)
(14.5465 -5.27363e-20 0.603455)
(14.5888 0 0.429143)
(14.61 6.48947e-20 0.248011)
(14.6084 -6.47197e-20 0.0625168)
(14.5832 1.21931e-22 -0.124714)
(14.5333 1.42169e-22 -0.310681)
(14.4584 2.41633e-22 -0.492264)
(14.3589 -3.16896e-20 -0.666302)
(14.2357 3.13214e-20 -0.829679)
(14.0902 -1.3555e-20 -0.979444)
(13.9242 2.67253e-20 -1.11292)
(13.7404 -1.31212e-20 -1.22781)
(13.5415 3.59796e-22 -1.32228)
(13.3305 3.10388e-22 -1.39497)
(13.1108 5.17447e-22 -1.44507)
(12.8857 -1.73307e-21 -1.47226)
(12.6584 1.66046e-21 -1.47668)
(12.4335 -4.60006e-22 -1.45883)
(12.154 2.79535e-22 -1.42033)
(13.1625 6.39849e-21 1.52473)
(13.2767 2.29871e-20 1.48758)
(13.4027 -8.69944e-21 1.44136)
(13.531 7.55846e-21 1.38495)
(13.6556 1.04119e-21 1.31781)
(13.7752 0 1.23962)
(13.8888 0 1.15017)
(13.9952 2.65208e-20 1.04937)
(14.0925 -2.624e-20 0.937399)
(14.1787 -3.79786e-20 0.814672)
(14.2517 8.06181e-20 0.681911)
(14.3098 -4.27219e-20 0.540146)
(14.3511 0 0.390725)
(14.374 -9.45962e-23 0.235314)
(14.3769 -2.81649e-20 0.0758847)
(14.359 2.77041e-20 -0.0853689)
(14.3193 2.07401e-22 -0.245975)
(14.2573 -2.38574e-22 -0.403346)
(14.1732 -2.726e-20 -0.55483)
(14.0676 5.29503e-20 -0.697784)
(13.9416 -1.35297e-20 -0.829666)
(13.7965 -1.21226e-20 -0.948126)
(13.6345 4.06132e-23 -1.0511)
(13.4577 0 -1.13685)
(13.2687 0 -1.20407)
(13.0705 0 -1.25185)
(12.8659 1.74089e-21 -1.2797)
(12.6579 -9.59723e-22 -1.28753)
(12.4506 1.63063e-23 -1.27558)
(12.1917 0 -1.24501)
(13.0417 7.61208e-24 1.31857)
(13.1466 0 1.28599)
(13.2623 0 1.24579)
(13.3799 0 1.19703)
(13.4942 1.23729e-24 1.13929)
(13.6039 0 1.07231)
(13.7082 0 0.995904)
(13.8061 0 0.910009)
(13.896 2.46102e-20 0.814744)
(13.976 -2.44066e-20 0.710447)
(14.0445 0 0.597692)
(14.0999 1.46907e-23 0.477303)
(14.1405 0 0.350364)
(14.1649 1.71233e-22 0.218218)
(14.1717 0 0.0824644)
(14.16 1.7265e-22 -0.0551047)
(14.1289 -2.04429e-22 -0.192461)
(14.078 -2.38694e-20 -0.327462)
(14.0071 5.00396e-22 -0.457899)
(13.9166 2.31673e-20 -0.58155)
(13.8072 0 -0.696248)
(13.6802 -3.39532e-22 -0.799962)
(13.537 5.85456e-22 -0.890863)
(13.3796 3.92188e-21 -0.967387)
(13.21 -3.67632e-21 -1.02828)
(13.0309 0 -1.07262)
(12.8447 9.13809e-22 -1.09983)
(12.6542 -1.31072e-21 -1.10967)
(12.4629 2.29579e-22 -1.10219)
(12.223 0 -1.07821)
(12.9315 -1.75685e-20 1.12366)
(13.0287 0 1.09562)
(13.1356 0 1.06124)
(13.2444 0 1.01978)
(13.3501 -1.24113e-24 0.970877)
(13.4515 -1.03977e-25 0.914328)
(13.5482 5.663e-25 0.849978)
(13.6391 -1.28984e-20 0.777768)
(13.7229 1.27595e-20 0.69779)
(13.7979 2.28144e-20 0.610306)
(13.8628 -2.26074e-20 0.515771)
(13.916 6.35735e-23 0.41484)
(13.9562 1.71224e-20 0.308377)
(13.9819 1.43598e-21 0.197459)
(13.992 1.27934e-21 0.0833669)
(13.9857 -1.97934e-20 -0.0324458)
(13.9619 -2.06316e-20 -0.14834)
(13.9202 2.02067e-20 -0.262557)
(13.8605 -1.70692e-22 -0.373273)
(13.7828 -9.86025e-21 -0.478643)
(13.6877 9.47467e-21 -0.576844)
(13.576 0 -0.666147)
(13.4491 -2.71182e-22 -0.744967)
(13.3084 0 -0.811917)
(13.1557 2.757e-21 -0.86585)
(12.9933 -3.1085e-21 -0.905883)
(12.8233 -1.29758e-22 -0.931412)
(12.6483 2.4235e-22 -0.942112)
(12.4715 -4.72323e-22 -0.937901)
(12.2488 3.15106e-23 -0.919352)
(12.8334 -1.6117e-20 0.937509)
(12.924 1.5877e-20 0.913945)
(13.0238 2.40861e-23 0.885203)
(13.1252 -7.16055e-21 0.850683)
(13.2239 7.07573e-21 0.810107)
(13.3186 -1.38883e-21 0.763304)
(13.409 5.68038e-23 0.710148)
(13.4943 5.1902e-21 0.650588)
(13.5731 -3.84411e-21 0.584688)
(13.6441 8.54815e-21 0.512654)
(13.7061 -8.46583e-21 0.434838)
(13.7577 0 0.351755)
(13.7975 5.73751e-23 0.264084)
(13.8245 0 0.172676)
(13.8375 -1.02655e-23 0.0785471)
(13.8356 1.42671e-22 -0.0171328)
(13.818 -1.26808e-22 -0.113053)
(13.784 1.28873e-22 -0.207794)
(13.7336 0 -0.299876)
(13.6666 2.69056e-22 -0.387792)
(13.5835 1.36958e-22 -0.470041)
(13.4848 1.14828e-22 -0.545184)
(13.3716 0 -0.611883)
(13.2451 0 -0.668946)
(13.1069 0 -0.715362)
(12.9588 1.58426e-22 -0.750329)
(12.8029 1.27657e-22 -0.773264)
(12.6415 8.51036e-24 -0.783811)
(12.4773 2.11109e-22 -0.781819)
(12.2697 -1.2073e-22 -0.767677)
(12.7485 -1.6876e-20 0.759214)
(12.8339 1.6706e-20 0.740048)
(12.9278 -2.37521e-23 0.716764)
(13.0233 0 0.688894)
(13.1163 0 0.656217)
(13.2056 1.736e-24 0.6186)
(13.291 -1.1051e-25 0.575939)
(13.3717 0 0.52819)
(13.4466 -4.1052e-21 0.475401)
(13.5145 -2.16945e-21 0.417726)
(13.5742 6.16702e-21 0.355434)
(13.6245 9.94203e-21 0.288921)
(13.6642 -9.81733e-21 0.21871)
(13.6922 -1.27234e-20 0.145458)
(13.7076 1.25614e-20 0.0699547)
(13.7093 0 -0.00689217)
(13.6967 1.24549e-22 -0.0840667)
(13.6691 -1.26626e-22 -0.16045)
(13.6263 0 -0.234867)
(13.5681 -1.24017e-22 -0.306116)
(13.4948 0 -0.372991)
(13.4068 -1.12937e-22 -0.434323)
(13.3049 0 -0.489016)
(13.1903 8.57172e-23 -0.536079)
(13.0641 -1.17315e-21 -0.574654)
(12.9281 2.13949e-21 -0.604046)
(12.7841 -9.68226e-22 -0.623731)
(12.6341 8.56814e-23 -0.633365)
(12.4808 -1.08988e-22 -0.632774)
(12.2862 0 -0.622221)
(12.6782 7.40426e-23 0.585036)
(12.7595 7.53534e-21 0.570175)
(12.8488 -7.41483e-21 0.552178)
(12.9397 2.21736e-23 0.53069)
(13.0281 0 0.505545)
(13.1132 -2.25082e-21 0.476641)
(13.1947 2.22718e-21 0.443899)
(13.2719 0 0.407283)
(13.3438 0 0.366824)
(13.4093 1.3714e-24 0.322636)
(13.4672 4.61505e-24 0.274917)
(13.5165 -1.5694e-23 0.223959)
(13.5562 -3.45099e-23 0.170153)
(13.5851 -5.39727e-21 0.113988)
(13.6023 5.35556e-21 0.0560526)
(13.6069 0 -0.00296132)
(13.5983 0 -0.0622796)
(13.5758 6.6414e-21 -0.121054)
(13.539 -1.32054e-20 -0.178393)
(13.4878 9.91691e-21 -0.233384)
(13.4223 -9.37484e-23 -0.285108)
(13.3429 -3.0058e-21 -0.332666)
(13.2502 -8.50035e-23 -0.375207)
(13.145 -8.42443e-23 -0.411952)
(13.0286 1.05642e-21 -0.442219)
(12.9024 -1.10669e-21 -0.465444)
(12.768 0 -0.481192)
(12.6274 3.59339e-23 -0.489166)
(12.4829 7.52995e-23 -0.489206)
(12.299 0 -0.481506)
(12.6239 -7.28425e-23 0.416518)
(12.702 0 0.405926)
(12.7878 -2.6993e-23 0.393123)
(12.8753 -2.18162e-23 0.377846)
(12.9604 -3.94524e-21 0.359981)
(13.0424 3.89166e-21 0.33946)
(13.121 -1.81698e-24 0.316227)
(13.1956 5.84371e-25 0.290255)
(13.2653 5.6231e-22 0.261563)
(13.329 -5.56665e-22 0.23023)
(13.3857 -2.79231e-24 0.196393)
(13.4344 5.12871e-24 0.160254)
(13.474 1.54093e-23 0.122082)
(13.5036 -4.57225e-21 0.0822129)
(13.5223 9.61325e-21 0.041043)
(13.5292 -5.03417e-21 -0.000964411)
(13.5236 2.87362e-21 -0.0432704)
(13.5049 -5.79083e-21 -0.0852641)
(13.4727 2.91758e-21 -0.126301)
(13.4267 -1.40794e-22 -0.16572)
(13.3671 0 -0.202857)
(13.2939 -8.94291e-23 -0.237058)
(13.2079 -1.18664e-21 -0.267704)
(13.1096 1.25648e-21 -0.294224)
(13.0003 0 -0.316116)
(12.8811 -3.4615e-22 -0.332962)
(12.7537 4.00555e-22 -0.344438)
(12.6198 7.91369e-23 -0.350325)
(12.4816 -1.59409e-22 -0.350503)
(12.3053 1.11396e-23 -0.345117)
(12.5857 -4.52539e-21 0.24579)
(12.6617 4.47031e-21 0.239429)
(12.7451 0 0.231753)
(12.8301 -5.9223e-24 0.222566)
(12.9129 4.73125e-24 0.211812)
(12.9926 6.6666e-24 0.199464)
(13.0692 0 0.185488)
(13.142 1.42405e-25 0.16987)
(13.2101 7.41396e-23 0.15262)
(13.2725 -7.29592e-23 0.133784)
(13.3282 -9.78107e-22 0.113446)
(13.3764 -4.05636e-22 0.0917302)
(13.4159 1.35073e-21 0.0688027)
(13.4458 -7.07652e-24 0.0448802)
(13.4653 0 0.020231)
(13.4732 0 -0.0048379)
(13.4689 2.59988e-21 -0.0300142)
(13.4516 8.84848e-23 -0.0549652)
(13.4211 -2.65564e-21 -0.0793241)
(13.377 1.40361e-21 -0.102704)
(13.3193 -2.62512e-21 -0.12471)
(13.2483 1.28665e-21 -0.144954)
(13.1644 5.6485e-23 -0.163064)
(13.0685 -3.4915e-23 -0.178698)
(12.9614 -4.34564e-22 -0.191555)
(12.8446 8.48117e-22 -0.201385)
(12.7195 -3.73798e-22 -0.208001)
(12.588 -1.0721e-22 -0.211285)
(12.4522 1.50031e-22 -0.21121)
(12.2794 -4.30118e-23 -0.208038)
(12.3397 -1.26396e-21 0.0810734)
(12.4118 9.98116e-22 0.0789608)
(12.491 -9.85728e-22 0.0763805)
(12.5715 5.88026e-24 0.073246)
(12.6499 -4.69735e-24 0.0695451)
(12.7251 0 0.0652729)
(12.797 0 0.0604196)
(12.8649 -7.11343e-25 0.0549798)
(12.928 5.35054e-26 0.0489597)
(12.9852 2.12997e-22 0.0423792)
(13.0357 2.15664e-22 0.0352723)
(13.0783 -4.23325e-22 0.02769)
(13.1121 7.93802e-22 0.019703)
(13.1362 -7.7548e-22 0.0114087)
(13.1498 0 0.00294084)
(13.152 0 -0.00555986)
(13.1424 0 -0.0140024)
(13.1202 -6.18673e-22 -0.0223043)
(13.0852 6.32807e-22 -0.0303645)
(13.037 -2.05238e-23 -0.0380682)
(12.9759 3.11807e-22 -0.0452944)
(12.9019 -3.09249e-22 -0.0519209)
(12.8156 -2.9342e-22 -0.0578285)
(12.7177 5.2199e-22 -0.0629053)
(12.6092 -2.61759e-22 -0.0670507)
(12.4915 -2.53524e-23 -0.0701802)
(12.366 0 -0.0722303)
(12.2344 -2.61316e-23 -0.0731668)
(12.0987 3.64783e-23 -0.072996)
(11.9262 0 -0.0719835)
)
;

boundaryField
{
    inlet
    {
        type            fixedValue;
        value           uniform (10 0 0);
    }
    outlet
    {
        type            zeroGradient;
    }
    flap
    {
        type            movingWallVelocity;
        value           nonuniform List<vector> 
33
(
(-0.00140644 0 -0.000636969)
(-0.0010485 -2.77556e-15 -0.000884307)
(0.00523291 2.77556e-15 0.000406358)
(0.0174118 -2.77556e-15 0.00270337)
(0.0369654 0 0.00577477)
(0.0653245 -2.77556e-15 0.00866514)
(0.101496 -2.77556e-15 0.0102868)
(0.142712 -2.77556e-15 0.0108147)
(0.187104 0 0.0112684)
(0.234804 -2.77556e-15 0.0120755)
(0.286759 0 0.0123546)
(0.342318 2.77556e-15 0.0109264)
(0.399413 -2.77556e-15 0.00777141)
(0.457365 0 0.00370794)
(0.516713 -2.77556e-15 -0.00106619)
(0.544769 0 -0.0209075)
(0.541725 -8.42563e-22 -0.0509336)
(0.538764 2.77556e-15 -0.0809115)
(-0.000479061 2.77556e-15 -0.00195772)
(0.000167258 0 -0.00682765)
(0.00481366 0 -0.0129883)
(0.0147288 -5.55112e-15 -0.01998)
(0.0316747 0 -0.0281218)
(0.0575621 -2.77556e-15 -0.0369078)
(0.0918004 -2.77556e-15 -0.0447773)
(0.131947 2.77556e-15 -0.0509565)
(0.175984 -2.77556e-15 -0.0561624)
(0.223758 0 -0.0614269)
(0.276073 -2.77556e-15 -0.0670812)
(0.332207 5.55112e-15 -0.0726726)
(0.389878 0 -0.0780282)
(0.448013 0 -0.0837801)
(0.507332 2.77556e-15 -0.0901017)
)
;
    }
    upperWall
    {
        type            noSlip;
    }
    lowerWall
    {
        type            noSlip;
    }
    frontAndBack
    {
        type            empty;
    }
}


// ************************************************************************* //
