/*--------------------------------*- C++ -*----------------------------------*\
| =========                 |                                                 |
| \\      /  F ield         | OpenFOAM: The Open Source CFD Toolbox           |
|  \\    /   O peration     | Version:  2012                                  |
|   \\  /    A nd           | Website:  www.openfoam.com                      |
|    \\/     M anipulation  |                                                 |
\*---------------------------------------------------------------------------*/
FoamFile
{
    version     2.0;
    format      ascii;
    class       volVectorField;
    location    "0.4";
    object      cellDisplacement;
}
// * * * * * * * * * * * * * * * * * * * * * * * * * * * * * * * * * * * * * //

dimensions      [0 1 0 0 0 0 0];


internalField   nonuniform List<vector> 
2790
(
(4.24999e-05 0 1.83299e-07)
(0.000125863 0 5.39338e-07)
(0.000220327 0 9.31891e-07)
(0.00033852 0 1.40632e-06)
(0.000491967 0 2.00172e-06)
(0.000692376 0 2.75498e-06)
(0.00095193 0 3.70251e-06)
(0.00128322 0 4.88182e-06)
(0.00169884 0 6.3336e-06)
(0.00221073 0 8.10549e-06)
(0.00282913 0 1.02584e-05)
(0.00356135 0 1.28768e-05)
(0.00441022 0 1.60842e-05)
(0.00537225 0 2.00642e-05)
(0.00643565 0 2.50884e-05)
(0.00757829 0 3.15496e-05)
(0.00876576 0 3.99977e-05)
(0.00995018 0 5.11778e-05)
(0.0110699 0 6.60773e-05)
(0.01205 0 8.60101e-05)
(0.0128049 0 0.000112654)
(0.013242 0 0.000148142)
(0.01327 0 0.000195201)
(0.012808 0 0.000257381)
(0.011799 0 0.000339402)
(0.0102263 0 0.000447565)
(0.00813438 0 0.000589757)
(0.00566516 0 0.000773061)
(0.00313552 0 0.000987698)
(0.00127109 0 0.00114401)
(4.07324e-05 0 5.43573e-07)
(0.000121103 0 1.6008e-06)
(0.000212743 0 2.76836e-06)
(0.000327683 0 4.18061e-06)
(0.000477278 0 5.95408e-06)
(0.000673134 0 8.19861e-06)
(0.000927403 0 1.10225e-05)
(0.00125273 0 1.45368e-05)
(0.00166187 0 1.88609e-05)
(0.00216705 0 2.41334e-05)
(0.00277902 0 3.05301e-05)
(0.0035058 0 3.82939e-05)
(0.00435121 0 4.77787e-05)
(0.00531315 0 5.95119e-05)
(0.00638161 0 7.42754e-05)
(0.0075367 0 9.32024e-05)
(0.00874671 0 0.000117881)
(0.00996679 0 0.000150456)
(0.011139 0 0.000193738)
(0.0121932 0 0.000251485)
(0.0130484 0 0.000328422)
(0.0136177 0 0.000430441)
(0.0138157 0 0.000564844)
(0.0135684 0 0.000740683)
(0.012828 0 0.000969115)
(0.0115925 0 0.00126323)
(0.0099263 0 0.00163527)
(0.00799956 0 0.00208936)
(0.00615673 0 0.00259914)
(0.00505314 0 0.00304824)
(4.02865e-05 0 8.937e-07)
(0.000120026 0 2.63481e-06)
(0.000211065 0 4.56031e-06)
(0.00032535 0 6.89007e-06)
(0.000474229 0 9.8157e-06)
(0.000669356 0 1.35175e-05)
(0.000923 0 1.81723e-05)
(0.00124801 0 2.39592e-05)
(0.00165747 0 3.10689e-05)
(0.00216413 0 3.97185e-05)
(0.00277947 0 5.01802e-05)
(0.0035126 0 6.28267e-05)
(0.00436884 0 7.82005e-05)
(0.0053481 0 9.71114e-05)
(0.00644311 0 0.000120765)
(0.00763751 0 0.000150917)
(0.00890377 0 0.000190034)
(0.0102018 0 0.000241433)
(0.0114799 0 0.000309326)
(0.0126763 0 0.000399492)
(0.0137187 0 0.000519005)
(0.0145301 0 0.000676444)
(0.015036 0 0.000881997)
(0.0151744 0 0.00114751)
(0.0149096 0 0.00148631)
(0.0142616 0 0.00191243)
(0.0133111 0 0.00243319)
(0.01223 0 0.00303872)
(0.0113092 0 0.0036725)
(0.0109867 0 0.0041648)
(3.99354e-05 0 1.2349e-06)
(0.000119119 0 3.64357e-06)
(0.000209646 0 6.30843e-06)
(0.000323416 0 9.53103e-06)
(0.000471802 0 1.35743e-05)
(0.000666554 0 1.86845e-05)
(0.000920124 0 2.51005e-05)
(0.00124567 0 3.3061e-05)
(0.00165678 0 4.28144e-05)
(0.00216693 0 5.46377e-05)
(0.00278867 0 6.88706e-05)
(0.00353261 0 8.59729e-05)
(0.00440617 0 0.000106612)
(0.00541209 0 0.000131789)
(0.00654693 0 0.000162999)
(0.00779938 0 0.000202438)
(0.00914794 0 0.000253211)
(0.0105567 0 0.000319122)
(0.0119848 0 0.000405657)
(0.0133821 0 0.000519832)
(0.0146876 0 0.000670027)
(0.0158372 0 0.000866075)
(0.0167705 0 0.00111898)
(0.0174404 0 0.00144027)
(0.0178265 0 0.00184208)
(0.0179477 0 0.00233221)
(0.0178948 0 0.00290616)
(0.017803 0 0.00353449)
(0.0178589 0 0.004136)
(0.0182585 0 0.00453542)
(3.96529e-05 0 1.56487e-06)
(0.000118365 0 4.61934e-06)
(0.000208469 0 7.99799e-06)
(0.000321852 0 1.20793e-05)
(0.000469939 0 1.71924e-05)
(0.000664614 0 2.36432e-05)
(0.000918573 0 3.17243e-05)
(0.00124537 0 4.17221e-05)
(0.00165922 0 5.39261e-05)
(0.0021745 0 6.86481e-05)
(0.00280509 0 8.62589e-05)
(0.00356346 0 0.000107252)
(0.00445959 0 0.000132339)
(0.00549968 0 0.000162594)
(0.00668494 0 0.000199633)
(0.00801057 0 0.000245856)
(0.00945866 0 0.000304452)
(0.0110035 0 0.000379598)
(0.0126189 0 0.000477463)
(0.0142632 0 0.000605264)
(0.0158898 0 0.000771655)
(0.0174494 0 0.000986309)
(0.0188964 0 0.00125925)
(0.020197 0 0.00159967)
(0.0213407 0 0.002014)
(0.0223383 0 0.00250184)
(0.0232545 0 0.00304634)
(0.0241574 0 0.00360195)
(0.0250985 0 0.00408103)
(0.0260393 0 0.00434082)
(3.94254e-05 0 1.88134e-06)
(0.000117749 0 5.55481e-06)
(0.000207515 0 9.61528e-06)
(0.000320621 0 1.45124e-05)
(0.000468567 0 2.06354e-05)
(0.000663398 0 2.8342e-05)
(0.000918098 0 3.79687e-05)
(0.00124669 0 4.98358e-05)
(0.00166407 0 6.42543e-05)
(0.00218568 0 8.15428e-05)
(0.00282691 0 0.000102062)
(0.00360233 0 0.000126278)
(0.00452477 0 0.000154861)
(0.0056043 0 0.000188825)
(0.0068471 0 0.000229714)
(0.00825458 0 0.000279828)
(0.00981575 0 0.000342162)
(0.0115186 0 0.0004211)
(0.0133461 0 0.000522385)
(0.0152684 0 0.000652776)
(0.0172547 0 0.000820241)
(0.0192701 0 0.00103307)
(0.0212814 0 0.0012989)
(0.0232627 0 0.00162298)
(0.0252003 0 0.00200573)
(0.0271089 0 0.00243842)
(0.0289754 0 0.00289554)
(0.0307884 0 0.00332702)
(0.0324564 0 0.00365691)
(0.0337482 0 0.00379154)
(3.92451e-05 0 2.18229e-06)
(0.000117259 0 6.44358e-06)
(0.000206762 0 1.11483e-05)
(0.00031968 0 1.68109e-05)
(0.000467601 0 2.38734e-05)
(0.00066275 0 3.2737e-05)
(0.000918418 0 4.37709e-05)
(0.00124912 0 5.73145e-05)
(0.00167052 0 7.36795e-05)
(0.00219916 0 9.31623e-05)
(0.00285205 0 0.000116072)
(0.00364597 0 0.000142787)
(0.00459681 0 0.000173847)
(0.00571864 0 0.00021008)
(0.00702272 0 0.000252775)
(0.00851624 0 0.000303862)
(0.0101994 0 0.00036602)
(0.0120722 0 0.000443188)
(0.0141226 0 0.000540072)
(0.0163363 0 0.000662388)
(0.0186989 0 0.000816701)
(0.0211874 0 0.00100908)
(0.0237785 0 0.00124402)
(0.0264488 0 0.0015224)
(0.0291836 0 0.00183987)
(0.0319548 0 0.00218183)
(0.0346866 0 0.0025197)
(0.0372792 0 0.00280964)
(0.0395057 0 0.00299722)
(0.0409917 0 0.00303551)
(3.91075e-05 0 2.46603e-06)
(0.000116883 0 7.28038e-06)
(0.00020619 0 1.25873e-05)
(0.000318987 0 1.89588e-05)
(0.000466955 0 2.68823e-05)
(0.000662502 0 3.67933e-05)
(0.00091923 0 4.90823e-05)
(0.00125215 0 6.40924e-05)
(0.0016777 0 8.21166e-05)
(0.00221355 0 0.000103401)
(0.00287829 0 0.000128163)
(0.00369097 0 0.000156641)
(0.00467052 0 0.000189163)
(0.00583504 0 0.000226264)
(0.00720101 0 0.000268831)
(0.00878227 0 0.000318253)
(0.0105889 0 0.000376569)
(0.0126283 0 0.000446679)
(0.0149009 0 0.000532186)
(0.0174081 0 0.0006373)
(0.0201442 0 0.000766441)
(0.0230982 0 0.000923199)
(0.0262535 0 0.00110903)
(0.0295859 0 0.00132141)
(0.0330607 0 0.00155179)
(0.0365969 0 0.00178432)
(0.0400769 0 0.00199305)
(0.0433028 0 0.00214579)
(0.0459342 0 0.00221244)
(0.0475021 0 0.00218288)
(3.90098e-05 0 2.73137e-06)
(0.000116616 0 8.06139e-06)
(0.000205783 0 1.39252e-05)
(0.000318503 0 2.09448e-05)
(0.000466547 0 2.96451e-05)
(0.000662494 0 4.04866e-05)
(0.000920243 0 5.387e-05)
(0.00125528 0 7.01285e-05)
(0.00168476 0 8.95173e-05)
(0.00222744 0 0.000112208)
(0.00290343 0 0.000138296)
(0.00373393 0 0.00016783)
(0.00474076 0 0.000200868)
(0.00594586 0 0.00023757)
(0.00737068 0 0.000278304)
(0.00903547 0 0.000323775)
(0.0109586 0 0.000375142)
(0.0131563 0 0.000434109)
(0.0156414 0 0.00050283)
(0.0184243 0 0.000583717)
(0.0215101 0 0.000678986)
(0.0248962 0 0.000789777)
(0.0285684 0 0.000914989)
(0.0324948 0 0.00104986)
(0.0366135 0 0.0011847)
(0.0408115 0 0.00130444)
(0.0449094 0 0.00138971)
(0.0486262 0 0.00142245)
(0.0515338 0 0.00139506)
(0.053109 0 0.00132358)
(3.89515e-05 0 2.9776e-06)
(0.000116454 0 8.78434e-06)
(0.00020553 0 1.51577e-05)
(0.000318199 0 2.27619e-05)
(0.000466308 0 3.21516e-05)
(0.000662585 0 4.38036e-05)
(0.000921191 0 5.81181e-05)
(0.00125803 0 7.54059e-05)
(0.00169092 0 9.58697e-05)
(0.00223955 0 0.000119587)
(0.00292544 0 0.000146507)
(0.0037717 0 0.000176459)
(0.00480275 0 0.00020919)
(0.00604399 0 0.000244428)
(0.00752132 0 0.000281961)
(0.00926067 0 0.000321724)
(0.0112874 0 0.000363883)
(0.0136259 0 0.000408869)
(0.0162984 0 0.000457293)
(0.0193241 0 0.000509748)
(0.0227164 0 0.000566406)
(0.0264787 0 0.000626355)
(0.0305973 0 0.000686755)
(0.0350311 0 0.000741964)
(0.0396955 0 0.000783048)
(0.0444412 0 0.000798417)
(0.0490319 0 0.000776587)
(0.0531167 0 0.000712317)
(0.0562024 0 0.000614781)
(0.0577424 0 0.000516072)
(3.89335e-05 0 3.20456e-06)
(0.000116399 0 9.44865e-06)
(0.000205428 0 1.62835e-05)
(0.000318058 0 2.44084e-05)
(0.000466191 0 3.43994e-05)
(0.00066267 0 4.67418e-05)
(0.000921864 0 6.18262e-05)
(0.00126003 0 7.99311e-05)
(0.0016955 0 0.000101195)
(0.00224879 0 0.00012559)
(0.00294258 0 0.000152902)
(0.00380158 0 0.000182727)
(0.00485242 0 0.000214484)
(0.00612337 0 0.000247451)
(0.00764408 0 0.000280813)
(0.00944517 0 0.000313725)
(0.0115577 0 0.000345353)
(0.0140126 0 0.000374888)
(0.0168394 0 0.000401475)
(0.0200645 0 0.000424066)
(0.0237078 0 0.000441147)
(0.0277767 0 0.000450348)
(0.0322577 0 0.000448025)
(0.0371022 0 0.000428973)
(0.0422076 0 0.000386639)
(0.0473926 0 0.000314368)
(0.0523725 0 0.000208379)
(0.0567355 0 7.28639e-05)
(0.0599332 0 -7.39482e-05)
(0.061412 0 -0.000192479)
(3.89596e-05 0 3.41265e-06)
(0.000116461 0 1.00554e-05)
(0.000205489 0 1.73046e-05)
(0.000318085 0 2.58868e-05)
(0.000466178 0 3.6393e-05)
(0.000662687 0 4.9309e-05)
(0.000922122 0 6.50089e-05)
(0.00126099 0 8.37307e-05)
(0.00169802 0 0.000105542)
(0.00225435 0 0.000130303)
(0.00295352 0 0.000157636)
(0.0038215 0 0.000186899)
(0.0048866 0 0.00021719)
(0.00617933 0 0.00024735)
(0.00773219 0 0.000275994)
(0.00957931 0 0.00030154)
(0.0117561 0 0.000322238)
(0.0142981 0 0.000336171)
(0.0172404 0 0.000341229)
(0.0206143 0 0.000335036)
(0.0244445 0 0.000314859)
(0.0287418 0 0.000277526)
(0.0334932 0 0.000219449)
(0.0386467 0 0.000136911)
(0.0440895 0 2.68197e-05)
(0.0496203 0 -0.000111834)
(0.054919 0 -0.000275701)
(0.0595189 0 -0.00045424)
(0.0628071 0 -0.000626735)
(0.0642126 0 -0.000754466)
(3.90358e-05 0 3.60279e-06)
(0.000116655 0 1.06073e-05)
(0.000205737 0 1.82255e-05)
(0.000318306 0 2.72044e-05)
(0.00046629 0 3.81433e-05)
(0.000662633 0 5.15223e-05)
(0.000921915 0 6.76928e-05)
(0.00126078 0 8.68481e-05)
(0.0016982 0 0.000108982)
(0.0022557 0 0.000133844)
(0.0029574 0 0.000160895)
(0.0038301 0 0.000189276)
(0.00490324 0 0.000217784)
(0.00620882 0 0.00024487)
(0.00778122 0 0.000268641)
(0.00965693 0 0.000286882)
(0.011874 0 0.000297071)
(0.0144712 0 0.000296397)
(0.0174866 0 0.000281781)
(0.0209549 0 0.000249905)
(0.0249035 0 0.000197311)
(0.0293457 0 0.000120614)
(0.0342708 0 1.6926e-05)
(0.0396279 0 -0.000115378)
(0.0453053 0 -0.00027549)
(0.0510998 0 -0.000458647)
(0.0566791 0 -0.000654636)
(0.0615368 0 -0.000847339)
(0.0649735 0 -0.00101611)
(0.0663427 0 -0.00113188)
(3.91712e-05 0 3.77638e-06)
(0.000117008 0 1.11084e-05)
(0.000206212 0 1.90534e-05)
(0.000318773 0 2.83722e-05)
(0.000466587 0 3.96666e-05)
(0.00066257 0 5.34058e-05)
(0.000921291 0 6.99146e-05)
(0.00125941 0 8.9339e-05)
(0.00169599 0 0.0001116)
(0.0022527 0 0.000136343)
(0.00295391 0 0.000162884)
(0.00382683 0 0.000190168)
(0.00490144 0 0.000216737)
(0.00621049 0 0.000240713)
(0.00778927 0 0.000259795)
(0.00967536 0 0.000271267)
(0.011908 0 0.000272025)
(0.0145274 0 0.000258617)
(0.0175727 0 0.000227316)
(0.0210797 0 0.000174264)
(0.0250769 0 9.57307e-05)
(0.0295792 0 -1.14373e-05)
(0.034578 0 -0.000149081)
(0.0400284 0 -0.000316648)
(0.0458294 0 -0.000509774)
(0.0517969 0 -0.000718675)
(0.0576236 0 -0.000926903)
(0.0628091 0 -0.00111186)
(0.066574 0 -0.00125037)
(0.0680709 0 -0.00132883)
(3.93785e-05 0 3.93533e-06)
(0.000117554 0 1.15642e-05)
(0.00020697 0 1.97976e-05)
(0.000319567 0 2.94045e-05)
(0.000467173 0 4.09839e-05)
(0.000662626 0 5.49901e-05)
(0.000920402 0 7.17182e-05)
(0.00125707 0 9.12673e-05)
(0.00169159 0 0.00011349)
(0.00224555 0 0.000137938)
(0.00294327 0 0.000163803)
(0.00381192 0 0.000189869)
(0.00488148 0 0.000214476)
(0.00618467 0 0.000235497)
(0.0077568 0 0.00025033)
(0.00963538 0 0.000255917)
(0.0118595 0 0.000248774)
(0.0144689 0 0.000225073)
(0.017502 0 0.000180764)
(0.0209939 0 0.000111814)
(0.0249718 0 1.45895e-05)
(0.0294503 0 -0.000113538)
(0.0344224 0 -0.0002733)
(0.0398486 0 -0.000462342)
(0.0456429 0 -0.000673835)
(0.0516523 0 -0.000895041)
(0.0576292 0 -0.00110615)
(0.0631617 0 -0.0012798)
(0.0675194 0 -0.00138387)
(0.0696103 0 -0.00140284)
(0.00122094 0 -0.00126932)
(0.00370511 0 -0.00120655)
(0.00708071 0 -0.00103386)
(0.0102972 0 -0.000853721)
(0.0128946 0 -0.000692353)
(0.0147119 0 -0.000553765)
(0.0157487 0 -0.000437347)
(0.0160841 0 -0.000340617)
(0.0158361 0 -0.000261305)
(0.0151324 0 -0.000197145)
(0.014096 0 -0.000145955)
(0.0128387 0 -0.000105709)
(0.0114569 0 -7.45748e-05)
(0.0100304 0 -5.08999e-05)
(0.00862356 0 -3.33369e-05)
(0.00728545 0 -2.06329e-05)
(0.00605094 0 -1.17337e-05)
(0.00494212 0 -5.74065e-06)
(0.0039699 0 -1.90374e-06)
(0.00313625 0 3.83985e-07)
(0.00243637 0 1.59942e-06)
(0.00186061 0 2.10661e-06)
(0.00139618 0 2.17431e-06)
(0.00102857 0 1.99312e-06)
(0.000742692 0 1.69153e-06)
(0.000523681 0 1.35027e-06)
(0.000357364 0 1.01443e-06)
(0.000230365 0 7.03139e-07)
(0.00012985 0 4.16733e-07)
(4.28995e-05 0 1.41726e-07)
(0.00484288 0 -0.00351726)
(0.00686248 0 -0.00329475)
(0.00964229 0 -0.00288404)
(0.0123104 0 -0.00242435)
(0.0144442 0 -0.00198784)
(0.0158837 0 -0.00160084)
(0.016618 0 -0.00127049)
(0.016712 0 -0.000992662)
(0.0162754 0 -0.000763217)
(0.0154269 0 -0.000576711)
(0.0142814 0 -0.00042739)
(0.0129437 0 -0.000309699)
(0.0115045 0 -0.000218504)
(0.0100381 0 -0.00014902)
(0.00860513 0 -9.74765e-05)
(0.00725127 0 -6.01745e-05)
(0.00600871 0 -3.4053e-05)
(0.00489744 0 -1.64778e-05)
(0.00392651 0 -5.24515e-06)
(0.00309644 0 1.4307e-06)
(0.00240138 0 4.9542e-06)
(0.00183092 0 6.39803e-06)
(0.00137175 0 6.5542e-06)
(0.00100904 0 5.98423e-06)
(0.000727532 0 5.06633e-06)
(0.000512309 0 4.03763e-06)
(0.000349226 0 3.03006e-06)
(0.000225008 0 2.09888e-06)
(0.000126958 0 1.24386e-06)
(4.21923e-05 0 4.23561e-07)
(0.010572 0 -0.00519268)
(0.0122092 0 -0.00491596)
(0.0142316 0 -0.00436968)
(0.0160721 0 -0.00372401)
(0.0174489 0 -0.00308609)
(0.0182472 0 -0.00250557)
(0.0184456 0 -0.00199904)
(0.0181087 0 -0.00156919)
(0.0173307 0 -0.00121088)
(0.0162144 0 -0.000917542)
(0.0148612 0 -0.000681361)
(0.0133645 0 -0.000494387)
(0.0118062 0 -0.000349099)
(0.0102509 0 -0.000238273)
(0.00875148 0 -0.000155645)
(0.00734951 0 -9.57276e-05)
(0.00607278 0 -5.37703e-05)
(0.0049381 0 -2.55644e-05)
(0.00395151 0 -7.5734e-06)
(0.00311122 0 3.07389e-06)
(0.00240969 0 8.64079e-06)
(0.00183528 0 1.08591e-05)
(0.00137382 0 1.10089e-05)
(0.00100986 0 9.99822e-06)
(0.000727743 0 8.43842e-06)
(0.000512272 0 6.71216e-06)
(0.000349141 0 5.03131e-06)
(0.000224973 0 3.48313e-06)
(0.000126994 0 2.06439e-06)
(4.22236e-05 0 7.03928e-07)
(0.0177002 0 -0.0063265)
(0.0189089 0 -0.00603212)
(0.0201051 0 -0.00542929)
(0.020992 0 -0.0046854)
(0.0214503 0 -0.00392462)
(0.0214325 0 -0.00321484)
(0.0209392 0 -0.00258342)
(0.0200368 0 -0.00203959)
(0.0188026 0 -0.0015815)
(0.0173236 0 -0.00120306)
(0.0156858 0 -0.000896029)
(0.0139686 0 -0.000651423)
(0.0122414 0 -0.000460347)
(0.0105609 0 -0.000314296)
(0.00897009 0 -0.000205092)
(0.00749991 0 -0.000125641)
(0.00617289 0 -6.98435e-05)
(0.00500361 0 -3.2365e-05)
(0.00399345 0 -8.51212e-06)
(0.00313741 0 5.53027e-06)
(0.0024256 0 1.2781e-05)
(0.00184466 0 1.55575e-05)
(0.00137917 0 1.55768e-05)
(0.00101282 0 1.40582e-05)
(0.000729326 0 1.18233e-05)
(0.000513109 0 9.38528e-06)
(0.000349598 0 7.02694e-06)
(0.000225248 0 4.86226e-06)
(0.000127172 0 2.88203e-06)
(4.22939e-05 0 9.8358e-07)
(0.0254266 0 -0.00698821)
(0.0262027 0 -0.00669171)
(0.0265952 0 -0.00608032)
(0.0265246 0 -0.00530354)
(0.0260244 0 -0.00448844)
(0.0251181 0 -0.00370923)
(0.0238705 0 -0.00300552)
(0.0223304 0 -0.00238926)
(0.020572 0 -0.00186327)
(0.0186693 0 -0.00142392)
(0.0166947 0 -0.00106417)
(0.0147131 0 -0.00077534)
(0.0127822 0 -0.000548322)
(0.0109474 0 -0.00037396)
(0.00924237 0 -0.000243288)
(0.00768901 0 -0.000148119)
(0.00630122 0 -8.11317e-05)
(0.005089 0 -3.61484e-05)
(0.00404912 0 -7.60229e-06)
(0.00317295 0 9.07852e-06)
(0.0024478 0 1.75368e-05)
(0.00185823 0 2.05822e-05)
(0.0013873 0 2.03028e-05)
(0.0010176 0 1.81843e-05)
(0.000732111 0 1.52276e-05)
(0.000514727 0 1.20574e-05)
(0.000350549 0 9.01494e-06)
(0.000225817 0 6.23376e-06)
(0.000127497 0 3.69476e-06)
(4.24085e-05 0 1.26166e-06)
(0.0331573 0 -0.00726178)
(0.0335133 0 -0.00696853)
(0.0331696 0 -0.00637616)
(0.0322089 0 -0.00561141)
(0.0307982 0 -0.00479524)
(0.0290314 0 -0.00399901)
(0.027012 0 -0.00326614)
(0.0248143 0 -0.00261534)
(0.0225079 0 -0.00205206)
(0.0201546 0 -0.00157588)
(0.017817 0 -0.00118198)
(0.0155467 0 -0.000862923)
(0.0133913 0 -0.000610452)
(0.0113865 0 -0.000415658)
(0.00955267 0 -0.0002691)
(0.00790392 0 -0.00016212)
(0.00644894 0 -8.6908e-05)
(0.00518833 0 -3.64303e-05)
(0.00411458 0 -4.5339e-06)
(0.00321526 0 1.39083e-05)
(0.00247464 0 2.30182e-05)
(0.00187497 0 2.59926e-05)
(0.00139758 0 2.5216e-05)
(0.00102385 0 2.23881e-05)
(0.000735879 0 1.86544e-05)
(0.000517004 0 1.47274e-05)
(0.000351933 0 1.09928e-05)
(0.000226653 0 7.59519e-06)
(0.000127964 0 4.5008e-06)
(4.25681e-05 0 1.53745e-06)
(0.040475 0 -0.00720949)
(0.0404333 0 -0.00693144)
(0.0394404 0 -0.00637993)
(0.037692 0 -0.00565917)
(0.0354638 0 -0.00487935)
(0.0329194 0 -0.00410704)
(0.0301762 0 -0.00338205)
(0.0273389 0 -0.00272662)
(0.0244868 0 -0.00215187)
(0.0216851 0 -0.00166065)
(0.0189831 0 -0.00124994)
(0.0164208 0 -0.000914137)
(0.0140327 0 -0.000646242)
(0.0118486 0 -0.000438531)
(0.00988095 0 -0.000281873)
(0.00813347 0 -0.000167363)
(0.00660711 0 -8.68828e-05)
(0.00529529 0 -3.29915e-05)
(0.00418557 0 8.39704e-07)
(0.00326155 0 2.01099e-05)
(0.00250433 0 2.92761e-05)
(0.00189374 0 3.18142e-05)
(0.00140931 0 3.03265e-05)
(0.00103112 0 2.66716e-05)
(0.000740387 0 2.21015e-05)
(0.000519806 0 1.73919e-05)
(0.00035368 0 1.29572e-05)
(0.000227725 0 8.94388e-06)
(0.000128562 0 5.2984e-06)
(4.27708e-05 0 1.81029e-06)
(0.0470853 0 -0.00689383)
(0.0466899 0 -0.00664941)
(0.0451472 0 -0.00615853)
(0.0427283 0 -0.00550476)
(0.0397944 0 -0.00478669)
(0.0365633 0 -0.00406408)
(0.0331839 0 -0.00337401)
(0.0297711 0 -0.00273961)
(0.0264116 0 -0.00217438)
(0.0231807 0 -0.00168476)
(0.020125 0 -0.00127114)
(0.0172807 0 -0.00093041)
(0.0146696 0 -0.000656867)
(0.0123106 0 -0.000443519)
(0.0102096 0 -0.000282079)
(0.00836411 0 -0.000164015)
(0.00676642 0 -8.1134e-05)
(0.00540345 0 -2.58639e-05)
(0.00425775 0 8.50422e-06)
(0.00330895 0 2.76736e-05)
(0.00253501 0 3.63007e-05)
(0.00191337 0 3.80366e-05)
(0.00142177 0 3.56242e-05)
(0.00103901 0 3.10255e-05)
(0.000745388 0 2.55612e-05)
(0.000522997 0 2.00448e-05)
(0.00035572 0 1.49038e-05)
(0.000229 0 1.02768e-05)
(0.000129281 0 6.08577e-06)
(4.30143e-05 0 2.07958e-06)
(0.0527942 0 -0.00639155)
(0.0521171 0 -0.00619618)
(0.0501333 0 -0.00578055)
(0.0471646 0 -0.00520828)
(0.0436418 0 -0.00456672)
(0.0398266 0 -0.00390909)
(0.0358959 0 -0.00326974)
(0.0319807 0 -0.00267212)
(0.0281792 0 -0.0021317)
(0.0245653 0 -0.00165736)
(0.021189 0 -0.00125249)
(0.0180828 0 -0.000916265)
(0.0152651 0 -0.000644798)
(0.0127446 0 -0.000432091)
(0.0105202 0 -0.000270735)
(0.00858275 0 -0.000152716)
(0.00691787 0 -7.00704e-05)
(0.00550665 0 -1.53046e-05)
(0.00432698 0 1.82974e-05)
(0.00335471 0 3.64954e-05)
(0.00256491 0 4.40242e-05)
(0.00193273 0 4.46149e-05)
(0.00143427 0 4.10788e-05)
(0.00104709 0 3.54296e-05)
(0.000750649 0 2.90199e-05)
(0.000526451 0 2.26773e-05)
(0.000357989 0 1.68269e-05)
(0.000230452 0 1.15906e-05)
(0.000130111 0 6.86108e-06)
(4.32963e-05 0 2.34468e-06)
(0.0575166 0 -0.0057822)
(0.0566426 0 -0.00564596)
(0.0543265 0 -0.00531331)
(0.050922 0 -0.00482805)
(0.0469201 0 -0.0042677)
(0.0426219 0 -0.00368049)
(0.0382296 0 -0.00309876)
(0.0338905 0 -0.00254607)
(0.0297123 0 -0.00203925)
(0.0257721 0 -0.00158913)
(0.0221209 0 -0.00120131)
(0.018789 0 -0.000876923)
(0.0157909 0 -0.000613652)
(0.0131292 0 -0.000406654)
(0.0107964 0 -0.000249403)
(0.00877778 0 -0.000134504)
(0.00705337 0 -5.43766e-05)
(0.00559934 0 -1.76018e-06)
(0.00438948 0 2.993e-05)
(0.00339636 0 4.63889e-05)
(0.00259242 0 5.23271e-05)
(0.00195084 0 5.14725e-05)
(0.0014462 0 4.66419e-05)
(0.00105501 0 3.98533e-05)
(0.000755972 0 3.24587e-05)
(0.000530064 0 2.5278e-05)
(0.00036044 0 1.87197e-05)
(0.00023206 0 1.28815e-05)
(0.000131045 0 7.6224e-06)
(4.36159e-05 0 2.60499e-06)
(0.0612552 0 -0.00514865)
(0.060272 0 -0.0050739)
(0.0577213 0 -0.00482173)
(0.0539769 0 -0.0044181)
(0.0495892 0 -0.00393349)
(0.0448985 0 -0.00341315)
(0.0401306 0 -0.00288821)
(0.035447 0 -0.00238217)
(0.0309632 0 -0.00191254)
(0.0267586 0 -0.0014914)
(0.0228845 0 -0.00112574)
(0.0193693 0 -0.000818135)
(0.016224 0 -0.00056751)
(0.0134465 0 -0.000370043)
(0.0110249 0 -0.000220028)
(0.00893956 0 -0.000110702)
(0.00716612 0 -3.49448e-05)
(0.00567682 0 1.4175e-05)
(0.00444209 0 4.30112e-05)
(0.00343179 0 5.71004e-05)
(0.0026162 0 6.10464e-05)
(0.00196683 0 5.85065e-05)
(0.00145706 0 5.2249e-05)
(0.00106249 0 4.42571e-05)
(0.000761202 0 3.58541e-05)
(0.000533763 0 2.7833e-05)
(0.000363043 0 2.05746e-05)
(0.000233818 0 1.41453e-05)
(0.000132086 0 8.36776e-06)
(4.39745e-05 0 2.85991e-06)
(0.0641036 0 -0.00457814)
(0.0630844 0 -0.0045544)
(0.0603639 0 -0.00436488)
(0.0563418 0 -0.00402454)
(0.0516363 0 -0.00360027)
(0.0466283 0 -0.00313569)
(0.0415642 0 -0.00266075)
(0.0366144 0 -0.0021982)
(0.0318979 0 -0.00176538)
(0.0274945 0 -0.00137464)
(0.0234538 0 -0.00103363)
(0.0198019 0 -0.000745698)
(0.016547 0 -0.000510603)
(0.0136835 0 -0.000325295)
(0.0111957 0 -0.000184755)
(0.00906076 0 -8.28058e-05)
(0.00725091 0 -1.28026e-05)
(0.00573547 0 3.18059e-05)
(0.00448237 0 5.70786e-05)
(0.0034594 0 6.8327e-05)
(0.00263522 0 6.99873e-05)
(0.0019801 0 6.55935e-05)
(0.00146648 0 5.78239e-05)
(0.00106932 0 4.85949e-05)
(0.000766249 0 3.91789e-05)
(0.000537514 0 3.0327e-05)
(0.000365793 0 2.23832e-05)
(0.000235733 0 1.53779e-05)
(0.000133241 0 9.09522e-06)
(4.43758e-05 0 3.10888e-06)
(0.0662617 0 -0.0041489)
(0.0652253 0 -0.0041476)
(0.0623259 0 -0.00398549)
(0.0580378 0 -0.00367872)
(0.0530543 0 -0.00329245)
(0.0477917 0 -0.00286801)
(0.0425065 0 -0.0024329)
(0.0373691 0 -0.00200788)
(0.0324951 0 -0.00160897)
(0.0279607 0 -0.00124786)
(0.0238124 0 -0.00093203)
(0.0200733 0 -0.000665033)
(0.016749 0 -0.00044702)
(0.0138314 0 -0.000275434)
(0.0113023 0 -0.000145778)
(0.00913654 0 -5.23767e-05)
(0.00730426 0 1.09584e-05)
(0.00577288 0 5.03836e-05)
(0.00450869 0 7.16279e-05)
(0.00347814 0 7.97361e-05)
(0.00264884 0 7.89348e-05)
(0.00199027 0 7.25977e-05)
(0.00147428 0 6.32826e-05)
(0.00107544 0 5.28164e-05)
(0.000771092 0 4.24039e-05)
(0.000541329 0 3.27439e-05)
(0.000368716 0 2.41371e-05)
(0.000237831 0 1.6575e-05)
(0.00013453 0 9.80301e-06)
(4.48272e-05 0 3.35139e-06)
(0.0680082 0 -0.00389543)
(0.0668373 0 -0.00387356)
(0.0636323 0 -0.00369412)
(0.0590447 0 -0.00338912)
(0.0538142 0 -0.00301893)
(0.0483634 0 -0.00261963)
(0.0429383 0 -0.00221432)
(0.0376965 0 -0.0018204)
(0.0327435 0 -0.0014516)
(0.0281485 0 -0.00111819)
(0.0239531 0 -0.000826873)
(0.0201775 0 -0.00058091)
(0.0168252 0 -0.000380491)
(0.0138864 0 -0.000223302)
(0.0113416 0 -0.00010521)
(0.00916465 0 -2.0951e-05)
(0.00732457 0 3.52463e-05)
(0.00578795 0 6.9149e-05)
(0.00452034 0 8.6143e-05)
(0.00348759 0 9.09843e-05)
(0.00265685 0 8.76658e-05)
(0.00199725 0 7.93777e-05)
(0.00148045 0 6.85383e-05)
(0.00108087 0 5.68699e-05)
(0.000775791 0 4.54995e-05)
(0.000545273 0 3.50675e-05)
(0.00037187 0 2.58281e-05)
(0.000240157 0 1.77331e-05)
(0.000135983 0 1.04896e-05)
(4.53395e-05 0 3.58708e-06)
(0.0695643 0 -0.00378233)
(0.0678511 0 -0.00368897)
(0.0641248 0 -0.00345799)
(0.0592359 0 -0.00313749)
(0.0538408 0 -0.00277263)
(0.0483053 0 -0.0023903)
(0.0428432 0 -0.00200839)
(0.0375914 0 -0.00164079)
(0.0326431 0 -0.00129878)
(0.0280595 0 -0.000990932)
(0.0238779 0 -0.000722881)
(0.0201162 0 -0.000497323)
(0.0167767 0 -0.00031426)
(0.0138492 0 -0.000171448)
(0.0113142 0 -6.49919e-05)
(0.0091454 0 1.00339e-05)
(0.00731206 0 5.90237e-05)
(0.00578089 0 8.73716e-05)
(0.00451755 0 0.000100122)
(0.00348797 0 0.000101736)
(0.00265944 0 9.59615e-05)
(0.00200125 0 8.5795e-05)
(0.00148517 0 7.35059e-05)
(0.00108578 0 6.0705e-05)
(0.000780491 0 4.84376e-05)
(0.000549465 0 3.7283e-05)
(0.000375349 0 2.7449e-05)
(0.00024278 0 1.88489e-05)
(0.00013764 0 1.11539e-05)
(4.59277e-05 0 3.8157e-06)
(3.968e-05 0 4.08471e-06)
(0.000118351 0 1.1989e-05)
(0.000208101 0 2.04817e-05)
(0.000320807 0 3.0335e-05)
(0.000468199 0 4.21403e-05)
(0.000662977 0 5.63334e-05)
(0.00091945 0 7.31779e-05)
(0.00125397 0 9.27266e-05)
(0.00168523 0 0.00011477)
(0.0022345 0 0.000138777)
(0.00292576 0 0.000163838)
(0.0037857 0 0.000188616)
(0.00484377 0 0.000211301)
(0.00613199 0 0.000229599)
(0.00768478 0 0.000240724)
(0.00953852 0 0.000241422)
(0.0117308 0 0.000228033)
(0.0142994 0 0.000196593)
(0.0172805 0 0.000143017)
(0.0207058 0 6.34054e-05)
(0.0245993 0 -4.55014e-05)
(0.0289725 0 -0.000185649)
(0.0338165 0 -0.000356766)
(0.0390932 0 -0.000555285)
(0.0447242 0 -0.00077335)
(0.0505746 0 -0.000998172)
(0.056443 0 -0.00121273)
(0.0620148 0 -0.00139902)
(0.066789 0 -0.0015485)
(0.0694418 0 -0.00166005)
(3.99887e-05 0 4.22011e-06)
(0.000119159 0 1.23714e-05)
(0.000209198 0 2.10882e-05)
(0.000321882 0 3.11406e-05)
(0.000468787 0 4.31086e-05)
(0.00066241 0 5.74066e-05)
(0.000916782 0 7.42665e-05)
(0.0012479 0 9.36981e-05)
(0.00167401 0 0.000115438)
(0.00221581 0 0.000138889)
(0.00289658 0 0.000163069)
(0.00374216 0 0.000186557)
(0.00478086 0 0.000207459)
(0.00604333 0 0.000223396)
(0.00756224 0 0.000231509)
(0.00937177 0 0.000228502)
(0.0115068 0 0.000210717)
(0.0140017 0 0.000174277)
(0.0168885 0 0.000115298)
(0.0201938 0 3.02461e-05)
(0.0239354 0 -8.358e-05)
(0.0281188 0 -0.000227407)
(0.0327293 0 -0.000400181)
(0.0377223 0 -0.000597707)
(0.0430194 0 -0.000812286)
(0.0484778 0 -0.00103261)
(0.0539147 0 -0.00124607)
(0.0590802 0 -0.00144259)
(0.0635664 0 -0.00162087)
(0.066649 0 -0.00180681)
(4.02387e-05 0 4.33618e-06)
(0.000119783 0 1.26964e-05)
(0.00020993 0 2.15937e-05)
(0.000322299 0 3.17907e-05)
(0.000468252 0 4.38527e-05)
(0.000659996 0 5.81718e-05)
(0.000911179 0 7.49495e-05)
(0.00123729 0 9.41583e-05)
(0.00165594 0 0.000115492)
(0.00218699 0 0.000138309)
(0.00285271 0 0.000161583)
(0.00367771 0 0.000183857)
(0.00468866 0 0.000203213)
(0.00591414 0 0.000217267)
(0.00738434 0 0.000223199)
(0.0091303 0 0.000217799)
(0.0111831 0 0.000197575)
(0.0135725 0 0.000158905)
(0.0163255 0 9.82772e-05)
(0.0194613 0 1.26728e-05)
(0.0229897 0 -9.99642e-05)
(0.0269076 0 -0.00024019)
(0.0311936 0 -0.000406464)
(0.0357881 0 -0.000594277)
(0.0406155 0 -0.000796981)
(0.0455314 0 -0.00100496)
(0.05032 0 -0.00120773)
(0.0547395 0 -0.001399)
(0.0584905 0 -0.00158068)
(0.061023 0 -0.00177489)
(4.03881e-05 0 4.43013e-06)
(0.0001201 0 1.29564e-05)
(0.000210087 0 2.19863e-05)
(0.000321748 0 3.22706e-05)
(0.000466162 0 4.43569e-05)
(0.000655159 0 5.86147e-05)
(0.000901891 0 7.52179e-05)
(0.0012212 0 9.41093e-05)
(0.00162985 0 0.000114953)
(0.00214665 0 0.000137083)
(0.00279253 0 0.00015946)
(0.00359062 0 0.000180639)
(0.00456545 0 0.00019873)
(0.00574296 0 0.000211425)
(0.0071502 0 0.000216028)
(0.00881438 0 0.000209531)
(0.0107618 0 0.000188725)
(0.0130168 0 0.000150379)
(0.0156018 0 9.14403e-05)
(0.0185265 0 9.472e-06)
(0.021791 0 -9.68936e-05)
(0.0253817 0 -0.000227583)
(0.0292745 0 -0.00038097)
(0.0334068 0 -0.000552735)
(0.0376743 0 -0.000736053)
(0.0419457 0 -0.000922989)
(0.0460232 0 -0.00110517)
(0.0496655 0 -0.00127673)
(0.0525826 0 -0.00143633)
(0.0543283 0 -0.00158957)
(4.03944e-05 0 4.4991e-06)
(0.000119988 0 1.31435e-05)
(0.000209461 0 2.22543e-05)
(0.000319926 0 3.25658e-05)
(0.000462103 0 4.46061e-05)
(0.000647361 0 5.8722e-05)
(0.000888245 0 7.50642e-05)
(0.00119881 0 9.35533e-05)
(0.0015948 0 0.000113838)
(0.00209372 0 0.000135247)
(0.00271487 0 0.000156759)
(0.00347987 0 0.000176985)
(0.00441065 0 0.000194114)
(0.00552993 0 0.000205966)
(0.00686128 0 0.000210051)
(0.00842758 0 0.000203639)
(0.0102497 0 0.000183893)
(0.0123446 0 0.000148072)
(0.0147309 0 9.35848e-05)
(0.0174134 0 1.85625e-05)
(0.0203792 0 -7.76826e-05)
(0.023609 0 -0.000194688)
(0.0270636 0 -0.000330319)
(0.03068 0 -0.000480519)
(0.034358 0 -0.000639308)
(0.0379654 0 -0.000799582)
(0.0413249 0 -0.000953919)
(0.0442176 0 -0.00109594)
(0.0463846 0 -0.00122081)
(0.0475051 0 -0.0013247)
(4.02197e-05 0 4.54057e-06)
(0.000119338 0 1.32509e-05)
(0.000207871 0 2.23876e-05)
(0.000316576 0 3.26645e-05)
(0.000455741 0 4.45882e-05)
(0.000636186 0 5.84844e-05)
(0.000869749 0 7.44844e-05)
(0.00116957 0 9.24954e-05)
(0.00155025 0 0.000112163)
(0.00202777 0 0.000132833)
(0.00261919 0 0.000153511)
(0.00334475 0 0.000172916)
(0.00422418 0 0.000189371)
(0.00527585 0 0.000200852)
(0.00651992 0 0.000205129)
(0.0079749 0 0.000199799)
(0.00965676 0 0.000182432)
(0.0115776 0 0.000150736)
(0.0137448 0 0.00010276)
(0.016158 0 3.72336e-05)
(0.0188016 0 -4.61581e-05)
(0.0216482 0 -0.000146546)
(0.0246527 0 -0.000261625)
(0.0277484 0 -0.000387538)
(0.0308404 0 -0.000518941)
(0.033806 0 -0.000649472)
(0.036491 0 -0.000772318)
(0.038712 0 -0.000880856)
(0.0402648 0 -0.000968767)
(0.0409374 0 -0.00102958)
(3.98305e-05 0 4.55248e-06)
(0.000118053 0 1.32732e-05)
(0.000205159 0 2.23781e-05)
(0.000311476 0 3.25569e-05)
(0.000446786 0 4.42935e-05)
(0.000621281 0 5.78936e-05)
(0.000845999 0 7.34735e-05)
(0.00113308 0 9.09354e-05)
(0.00149584 0 0.000109936)
(0.00194877 0 0.000129854)
(0.00250737 0 0.000149771)
(0.00318842 0 0.000168476)
(0.00400894 0 0.000184467)
(0.00498512 0 0.000195956)
(0.00613283 0 0.000200985)
(0.00746618 0 0.000197502)
(0.00899628 0 0.000183493)
(0.01073 0 0.000157144)
(0.0126683 0 0.000117032)
(0.0148042 0 6.23662e-05)
(0.0171186 0 -6.776e-06)
(0.0195796 0 -8.92643e-05)
(0.02214 0 -0.000182761)
(0.0247337 0 -0.00028367)
(0.027274 0 -0.000387236)
(0.0296528 0 -0.000487841)
(0.031742 0 -0.000579391)
(0.0333978 0 -0.000655713)
(0.0344722 0 -0.000710746)
(0.0348326 0 -0.000738605)
(3.92128e-05 0 4.53416e-06)
(0.000116087 0 1.32078e-05)
(0.000201251 0 2.22224e-05)
(0.000304535 0 3.22401e-05)
(0.00043515 0 4.3721e-05)
(0.000602591 0 5.69521e-05)
(0.000817022 0 7.20392e-05)
(0.00108949 0 8.8886e-05)
(0.00143198 0 0.00010717)
(0.00185734 0 0.000126319)
(0.00237915 0 0.000145499)
(0.00301155 0 0.000163617)
(0.00376869 0 0.000179339)
(0.00466385 0 0.000191121)
(0.00570916 0 0.000197293)
(0.00691459 0 0.000196152)
(0.00828683 0 0.000186084)
(0.00982802 0 0.000165709)
(0.0115343 0 0.00013405)
(0.0133938 0 9.07142e-05)
(0.0153845 0 3.6073e-05)
(0.0174731 0 -2.86048e-05)
(0.0196129 0 -0.000101062)
(0.0217425 0 -0.000178049)
(0.0237855 0 -0.000255427)
(0.0256513 0 -0.000328395)
(0.027238 0 -0.000391789)
(0.0284389 0 -0.000440417)
(0.0291527 0 -0.00046936)
(0.0292996 0 -0.00047429)
(3.8342e-05 0 4.48385e-06)
(0.000113377 0 1.30506e-05)
(0.000196059 0 2.19152e-05)
(0.000295657 0 3.17093e-05)
(0.000420755 0 4.28684e-05)
(0.000580096 0 5.56625e-05)
(0.000782922 0 7.019e-05)
(0.00103914 0 8.63626e-05)
(0.00135935 0 0.000103887)
(0.00175473 0 0.000122247)
(0.00223689 0 0.000140702)
(0.00281754 0 0.00015829)
(0.00350806 0 0.000173856)
(0.00431878 0 0.000186092)
(0.00525845 0 0.000193609)
(0.00633337 0 0.000195033)
(0.00754641 0 0.000189108)
(0.00889586 0 0.00017483)
(0.0103742 0 0.000151576)
(0.0119668 0 0.000119254)
(0.0136501 0 7.84169e-05)
(0.0153912 0 3.03604e-05)
(0.0171466 0 -2.28396e-05)
(0.0188618 0 -7.83532e-05)
(0.0204722 0 -0.000132706)
(0.021905 0 -0.000181973)
(0.0230826 0 -0.000222037)
(0.0239289 0 -0.000248899)
(0.0243777 0 -0.000258992)
(0.0243829 0 -0.000249533)
(3.72143e-05 0 4.40149e-06)
(0.000109916 0 1.28016e-05)
(0.000189583 0 2.14575e-05)
(0.000284868 0 3.09674e-05)
(0.000403686 0 4.1742e-05)
(0.000553991 0 5.4035e-05)
(0.000744073 0 6.79404e-05)
(0.00098268 0 8.33819e-05)
(0.00127902 0 0.0001001)
(0.00164263 0 0.000117642)
(0.00208316 0 0.000135361)
(0.0026101 0 0.000152432)
(0.00323224 0 0.000167875)
(0.0039572 0 0.000180604)
(0.00479074 0 0.000189491)
(0.00573606 0 0.000193452)
(0.00679295 0 0.00019154)
(0.00795685 0 0.000183051)
(0.00921789 0 0.000167633)
(0.0105599 0 0.000145387)
(0.0119597 0 0.000116951)
(0.0133862 0 8.3549e-05)
(0.0148007 0 4.69981e-05)
(0.0161569 0 9.66071e-06)
(0.0174021 0 -2.56685e-05)
(0.0184799 0 -5.59358e-05)
(0.0193335 0 -7.80542e-05)
(0.0199105 0 -8.91648e-05)
(0.0201691 0 -8.69157e-05)
(0.0200847 0 -6.97271e-05)
(3.58327e-05 0 4.28754e-06)
(0.000105716 0 1.24625e-05)
(0.000181856 0 2.08525e-05)
(0.000272247 0 3.00206e-05)
(0.000384105 0 4.03516e-05)
(0.000524575 0 5.20837e-05)
(0.000700987 0 6.53086e-05)
(0.000920943 0 7.99645e-05)
(0.00119229 0 9.5828e-05)
(0.00152298 0 0.00011251)
(0.00192086 0 0.000129461)
(0.00239332 0 0.000145982)
(0.00294691 0 0.000161261)
(0.00358681 0 0.000174412)
(0.0043163 0 0.000184538)
(0.00513608 0 0.000190801)
(0.00604366 0 0.000192502)
(0.00703255 0 0.000189168)
(0.00809169 0 0.000180632)
(0.00920476 0 0.000167102)
(0.0103498 0 0.000149213)
(0.011499 0 0.000128049)
(0.0126192 0 0.000105123)
(0.0136722 0 8.23185e-05)
(0.0146169 0 6.17812e-05)
(0.0154108 0 4.57682e-05)
(0.0160136 0 3.64617e-05)
(0.0163906 0 3.57633e-05)
(0.0165167 0 4.50877e-05)
(0.01638 0 6.5189e-05)
(3.42095e-05 0 4.1432e-06)
(0.000100815 0 1.20366e-05)
(0.000172958 0 2.01066e-05)
(0.000257945 0 2.8879e-05)
(0.000362271 0 3.8712e-05)
(0.000492275 0 4.98289e-05)
(0.000654342 0 6.23199e-05)
(0.000854965 0 7.61383e-05)
(0.0011007 0 9.10977e-05)
(0.00139803 0 0.00010687)
(0.00175313 0 0.000122996)
(0.00217155 0 0.000138897)
(0.00265788 0 0.00015391)
(0.0032153 0 0.000167324)
(0.00384506 0 0.000178435)
(0.00454603 0 0.000186605)
(0.00531413 0 0.000191329)
(0.00614186 0 0.000192297)
(0.00701784 0 0.000189454)
(0.00792655 0 0.000183046)
(0.00884815 0 0.000173646)
(0.00975868 0 0.000162153)
(0.0106306 0 0.000149766)
(0.0114337 0 0.000137914)
(0.0121365 0 0.000128169)
(0.0127082 0 0.000122111)
(0.0131211 0 0.000121196)
(0.0133531 0 0.000126597)
(0.0133899 0 0.000139076)
(0.0132275 0 0.000158878)
(3.23665e-05 0 3.97043e-06)
(9.5281e-05 0 1.15297e-05)
(0.000163017 0 1.92297e-05)
(0.000242174 0 2.75573e-05)
(0.00033853 0 3.68438e-05)
(0.000457629 0 4.72974e-05)
(0.000604947 0 5.90067e-05)
(0.000785934 0 7.19402e-05)
(0.00100595 0 8.59455e-05)
(0.00127015 0 0.000100753)
(0.00158321 0 0.000115982)
(0.00194913 0 0.000131164)
(0.00237086 0 0.000145763)
(0.00284995 0 0.000159216)
(0.00338616 0 0.000170976)
(0.00397707 0 0.000180563)
(0.00461771 0 0.00018761)
(0.00530025 0 0.000191915)
(0.00601373 0 0.000193481)
(0.00674404 0 0.000192541)
(0.00747394 0 0.000189569)
(0.00818345 0 0.000185268)
(0.00885047 0 0.000180538)
(0.00945168 0 0.000176411)
(0.00996382 0 0.000173977)
(0.0103652 0 0.000174288)
(0.0106374 0 0.000178252)
(0.0107669 0 0.000186535)
(0.0107464 0 0.000199481)
(0.0105763 0 0.000217065)
(3.03335e-05 0 3.77186e-06)
(8.92025e-05 0 1.09493e-05)
(0.000152195 0 1.82345e-05)
(0.000225202 0 2.60744e-05)
(0.000313296 0 3.47728e-05)
(0.000421257 0 4.45224e-05)
(0.000553707 0 5.54097e-05)
(0.000715134 0 6.74164e-05)
(0.000909825 0 8.04214e-05)
(0.00114174 0 9.42052e-05)
(0.00141431 0 0.00010846)
(0.00173022 0 0.000122807)
(0.00209111 0 0.000136819)
(0.00249731 0 0.000150054)
(0.00294753 0 0.000162088)
(0.00343857 0 0.000172556)
(0.00396513 0 0.00018119)
(0.00451954 0 0.000187853)
(0.0050918 0 0.000192565)
(0.00566954 0 0.000195517)
(0.0062383 0 0.000197069)
(0.00678192 0 0.000197738)
(0.00728317 0 0.00019816)
(0.00772456 0 0.000199042)
(0.00808936 0 0.0002011)
(0.00836276 0 0.00020499)
(0.00853295 0 0.000211242)
(0.00859223 0 0.000220192)
(0.00853777 0 0.000231945)
(0.00837201 0 0.000246356)
(2.81475e-05 0 3.5508e-06)
(8.26897e-05 0 1.03048e-05)
(0.00014069 0 1.71368e-05)
(0.000207341 0 2.44532e-05)
(0.000287035 0 3.25297e-05)
(0.000383834 0 4.15433e-05)
(0.000501575 0 5.1577e-05)
(0.000643878 0 6.26236e-05)
(0.000814086 0 7.45885e-05)
(0.00101515 0 8.7296e-05)
(0.00124944 0 0.000100499)
(0.00151861 0 0.000113893)
(0.0018233 0 0.000127141)
(0.00216297 0 0.000139894)
(0.00253567 0 0.000151822)
(0.00293786 0 0.000162646)
(0.00336427 0 0.000172162)
(0.00380784 0 0.000180267)
(0.00425975 0 0.000186972)
(0.00470955 0 0.000192414)
(0.00514547 0 0.000196845)
(0.00555479 0 0.000200616)
(0.00592445 0 0.000204149)
(0.00624169 0 0.000207899)
(0.00649484 0 0.000212308)
(0.00667409 0 0.000217759)
(0.00677228 0 0.00022453)
(0.00678546 0 0.000232766)
(0.00671334 0 0.000242454)
(0.00655936 0 0.000253423)
(2.58507e-05 0 3.31109e-06)
(7.58673e-05 0 9.60731e-06)
(0.00012872 0 1.5955e-05)
(0.000188928 0 2.27199e-05)
(0.000260241 0 3.01498e-05)
(0.000346059 0 3.84049e-05)
(0.000449509 0 4.75639e-05)
(0.000573452 0 5.76276e-05)
(0.00072042 0 6.85234e-05)
(0.000892522 0 8.01114e-05)
(0.0010913 0 9.2194e-05)
(0.00131758 0 0.000104529)
(0.00157131 0 0.000116848)
(0.00185138 0 0.000128875)
(0.00215551 0 0.000140351)
(0.00248011 0 0.000151056)
(0.00282027 0 0.000160826)
(0.00316974 0 0.000169572)
(0.003521 0 0.000177289)
(0.0038655 0 0.000184055)
(0.00419393 0 0.000190028)
(0.00449654 0 0.000195427)
(0.0047637 0 0.00020051)
(0.00498634 0 0.000205549)
(0.00515657 0 0.000210796)
(0.00526817 0 0.000216455)
(0.00531708 0 0.000222658)
(0.00530172 0 0.000229444)
(0.00522318 0 0.00023676)
(0.00508513 0 0.000244458)
(2.34885e-05 0 3.05704e-06)
(6.88691e-05 0 8.86896e-06)
(0.000116518 0 1.47094e-05)
(0.000170315 0 2.09037e-05)
(0.000233415 0 2.76717e-05)
(0.000308618 0 3.51568e-05)
(0.000398429 0 4.34316e-05)
(0.000505053 0 5.25024e-05)
(0.000630352 0 6.23138e-05)
(0.000775756 0 7.27546e-05)
(0.000942159 0 8.3667e-05)
(0.0011298 0 9.48573e-05)
(0.00133815 0 0.000106111)
(0.00156579 0 0.000117208)
(0.00181036 0 0.00012794)
(0.00206845 0 0.000138128)
(0.00233568 0 0.000147634)
(0.0026067 0 0.000156374)
(0.00287532 0 0.00016432)
(0.00313474 0 0.000171504)
(0.00337776 0 0.000178005)
(0.00359713 0 0.000183945)
(0.00378593 0 0.000189465)
(0.0039379 0 0.000194712)
(0.00404789 0 0.000199816)
(0.00411218 0 0.000204874)
(0.00412872 0 0.000209937)
(0.00409733 0 0.000215001)
(0.00401972 0 0.000220012)
(0.00389942 0 0.000224867)
(2.1108e-05 0 2.7932e-06)
(6.18322e-05 0 8.10288e-06)
(0.000104318 0 1.34216e-05)
(0.000151849 0 1.90352e-05)
(0.000207041 0 2.51362e-05)
(0.000272162 0 3.1851e-05)
(0.000349178 0 3.9245e-05)
(0.00043975 0 4.73273e-05)
(0.000545193 0 5.60554e-05)
(0.00066641 0 6.53406e-05)
(0.000803818 0 7.50562e-05)
(0.000957257 0 8.50463e-05)
(0.00112591 0 9.51377e-05)
(0.00130826 0 0.000105152)
(0.001502 0 0.00011492)
(0.00170409 0 0.00012429)
(0.00191075 0 0.000133141)
(0.00211755 0 0.000141389)
(0.00231954 0 0.00014899)
(0.00251143 0 0.000155935)
(0.00268783 0 0.000162253)
(0.00284348 0 0.000167995)
(0.00297352 0 0.000173225)
(0.00307381 0 0.000178012)
(0.00314112 0 0.000182414)
(0.00317339 0 0.000186469)
(0.00316984 0 0.000190191)
(0.00313104 0 0.000193569)
(0.00305891 0 0.000196565)
(0.00295657 0 0.000199124)
(1.87554e-05 0 2.52426e-06)
(5.48911e-05 0 7.32246e-06)
(9.23461e-05 0 1.21137e-05)
(0.000133861 0 1.71458e-05)
(0.000181568 0 2.25851e-05)
(0.000237276 0 2.85407e-05)
(0.000302495 0 3.50702e-05)
(0.000378441 0 4.21835e-05)
(0.000466 0 4.98473e-05)
(0.000565684 0 5.79901e-05)
(0.000677573 0 6.65092e-05)
(0.000801259 0 7.52779e-05)
(0.000935802 0 8.41549e-05)
(0.00107969 0 9.2994e-05)
(0.00123084 0 0.000101653)
(0.00138661 0 0.000110003)
(0.00154385 0 0.000117936)
(0.001699 0 0.000125367)
(0.00184821 0 0.00013224)
(0.00198749 0 0.000138523)
(0.00211288 0 0.000144208)
(0.00222067 0 0.000149304)
(0.00230759 0 0.00015383)
(0.00237096 0 0.000157808)
(0.0024089 0 0.000161259)
(0.00242041 0 0.000164195)
(0.00240546 0 0.000166619)
(0.00236497 0 0.000168525)
(0.00230079 0 0.000169902)
(0.00221558 0 0.000170734)
(1.64741e-05 0 2.25482e-06)
(4.81721e-05 0 6.54091e-06)
(8.0813e-05 0 1.08074e-05)
(0.00011665 0 1.52664e-05)
(0.000157395 0 2.00588e-05)
(0.000204461 0 2.52776e-05)
(0.000258987 0 3.09719e-05)
(0.000321832 0 3.71506e-05)
(0.000393559 0 4.37869e-05)
(0.000474398 0 5.08225e-05)
(0.000564214 0 5.8173e-05)
(0.000662468 0 6.57347e-05)
(0.000768198 0 7.33909e-05)
(0.000880008 0 8.102e-05)
(0.000996079 0 8.85022e-05)
(0.0011142 0 9.57262e-05)
(0.00123183 0 0.000102594)
(0.0013462 0 0.000109025)
(0.00145436 0 0.000114957)
(0.00155339 0 0.000120345)
(0.00164048 0 0.000125162)
(0.00171307 0 0.000129393)
(0.00176904 0 0.000133033)
(0.00180674 0 0.000136083)
(0.00182519 0 0.000138547)
(0.00182403 0 0.00014043)
(0.00180362 0 0.000141737)
(0.00176501 0 0.000142474)
(0.00170983 0 0.000142651)
(0.00164027 0 0.000142284)
(1.43037e-05 0 1.98917e-06)
(4.1789e-05 0 5.77057e-06)
(6.99051e-05 0 9.52313e-06)
(0.000100477 0 1.34255e-05)
(0.000134855 0 1.75952e-05)
(0.000174124 0 2.21097e-05)
(0.00021912 0 2.70094e-05)
(0.00027043 0 3.23018e-05)
(0.00032838 0 3.79642e-05)
(0.00039301 0 4.39483e-05)
(0.00046406 0 5.01843e-05)
(0.000540948 0 5.65862e-05)
(0.000622765 0 6.30573e-05)
(0.000708282 0 6.94958e-05)
(0.00079597 0 7.58004e-05)
(0.000884038 0 8.18751e-05)
(0.000970494 0 8.76328e-05)
(0.00105322 0 9.29986e-05)
(0.00113005 0 9.79107e-05)
(0.00119889 0 0.000102321)
(0.00125779 0 0.000106194)
(0.00130507 0 0.000109506)
(0.00133938 0 0.000112243)
(0.00135981 0 0.000114398)
(0.00136591 0 0.000115971)
(0.00135771 0 0.000116968)
(0.00133575 0 0.000117401)
(0.00130103 0 0.000117288)
(0.00125493 0 0.000116657)
(0.0011992 0 0.000115542)
(1.2278e-05 0 1.7311e-06)
(3.58394e-05 0 5.02241e-06)
(5.97802e-05 0 8.2788e-06)
(8.55556e-05 0 1.16483e-05)
(0.000114212 0 1.52272e-05)
(0.000146565 0 1.90784e-05)
(0.000183214 0 2.32344e-05)
(0.000224543 0 2.77002e-05)
(0.00027071 0 3.24564e-05)
(0.000321639 0 3.74623e-05)
(0.000377011 0 4.26598e-05)
(0.000436262 0 4.79773e-05)
(0.00049858 0 5.33346e-05)
(0.000562924 0 5.86465e-05)
(0.000628052 0 6.38277e-05)
(0.000692555 0 6.87964e-05)
(0.000754914 0 7.3477e-05)
(0.000813558 0 7.78029e-05)
(0.000866932 0 8.17175e-05)
(0.000913576 0 8.51751e-05)
(0.000952188 0 8.81406e-05)
(0.000981697 0 9.05895e-05)
(0.00100131 0 9.25066e-05)
(0.00101057 0 9.38859e-05)
(0.00100936 0 9.47298e-05)
(0.000997905 0 9.50488e-05)
(0.000976785 0 9.48618e-05)
(0.000946877 0 9.41962e-05)
(0.000909325 0 9.30885e-05)
(0.000865475 0 9.15845e-05)
(1.04252e-05 0 1.48372e-06)
(3.04035e-05 0 4.30534e-06)
(5.05644e-05 0 7.08901e-06)
(7.20506e-05 0 9.95523e-06)
(9.56572e-05 0 1.29811e-05)
(0.000121986 0 1.62166e-05)
(0.000151456 0 1.96869e-05)
(0.000184299 0 2.33948e-05)
(0.000220566 0 2.7323e-05)
(0.000260118 0 3.14371e-05)
(0.000302626 0 3.56886e-05)
(0.000347575 0 4.00183e-05)
(0.000394274 0 4.43596e-05)
(0.000441875 0 4.86421e-05)
(0.000489396 0 5.27947e-05)
(0.000535762 0 5.6749e-05)
(0.000579844 0 6.04413e-05)
(0.000620509 0 6.38149e-05)
(0.000656673 0 6.68211e-05)
(0.000687351 0 6.94204e-05)
(0.000711706 0 7.15826e-05)
(0.000729091 0 7.32872e-05)
(0.000739079 0 7.45226e-05)
(0.000741488 0 7.52865e-05)
(0.000736385 0 7.55856e-05)
(0.000724082 0 7.54349e-05)
(0.00070512 0 7.48583e-05)
(0.000680234 0 7.3888e-05)
(0.000650328 0 7.25644e-05)
(0.00061642 0 7.09361e-05)
(8.76713e-06 0 1.24922e-06)
(2.55433e-05 0 3.62575e-06)
(4.2353e-05 0 5.9641e-06)
(6.008e-05 0 8.36033e-06)
(7.93173e-05 0 1.08748e-05)
(0.000100499 0 1.35462e-05)
(0.000123907 0 1.63933e-05)
(0.000149673 0 1.94168e-05)
(0.000177777 0 2.26013e-05)
(0.000208057 0 2.59179e-05)
(0.000240202 0 2.93263e-05)
(0.000273768 0 3.27777e-05)
(0.00030819 0 3.62178e-05)
(0.000342794 0 3.95889e-05)
(0.000376832 0 4.28331e-05)
(0.000409502 0 4.58944e-05)
(0.000439991 0 4.8721e-05)
(0.000467505 0 5.12666e-05)
(0.000491312 0 5.34916e-05)
(0.000510771 0 5.53645e-05)
(0.00052537 0 5.68619e-05)
(0.000534744 0 5.79688e-05)
(0.000538699 0 5.86789e-05)
(0.000537214 0 5.89941e-05)
(0.000530446 0 5.89248e-05)
(0.000518715 0 5.84892e-05)
(0.000502491 0 5.77133e-05)
(0.000482367 0 5.66303e-05)
(0.000459035 0 5.528e-05)
(0.000433251 0 5.37085e-05)
(7.32006e-06 0 1.02876e-06)
(2.13046e-05 0 2.98695e-06)
(3.52134e-05 0 4.90926e-06)
(4.97209e-05 0 6.87045e-06)
(6.52607e-05 0 8.91651e-06)
(8.21391e-05 0 1.10765e-05)
(0.000100539 0 1.33637e-05)
(0.000120522 0 1.57774e-05)
(0.000142034 0 1.8304e-05)
(0.000164909 0 2.09193e-05)
(0.000188875 0 2.35905e-05)
(0.000213563 0 2.62782e-05)
(0.000238523 0 2.89383e-05)
(0.00026324 0 3.15251e-05)
(0.000287157 0 3.39922e-05)
(0.000309695 0 3.62954e-05)
(0.000330284 0 3.83937e-05)
(0.000348385 0 4.0251e-05)
(0.000363522 0 4.1837e-05)
(0.000375297 0 4.3128e-05)
(0.000383416 0 4.41074e-05)
(0.000387698 0 4.47661e-05)
(0.000388086 0 4.51023e-05)
(0.000384646 0 4.51214e-05)
(0.000377563 0 4.48361e-05)
(0.000367131 0 4.42657e-05)
(0.000353738 0 4.34356e-05)
(0.000337846 0 4.2377e-05)
(0.000319971 0 4.1126e-05)
(0.000300664 0 3.9723e-05)
(6.09561e-06 0 8.22271e-07)
(1.77198e-05 0 2.38876e-06)
(2.9191e-05 0 3.9239e-06)
(4.10189e-05 0 5.48405e-06)
(5.35149e-05 0 7.10307e-06)
(6.68899e-05 0 8.80202e-06)
(8.12567e-05 0 1.059e-05)
(9.66342e-05 0 1.2465e-05)
(0.000112952 0 1.44157e-05)
(0.000130055 0 1.64223e-05)
(0.000147715 0 1.84586e-05)
(0.000165637 0 2.04934e-05)
(0.000183473 0 2.24924e-05)
(0.000200838 0 2.44199e-05)
(0.00021733 0 2.62401e-05)
(0.000232541 0 2.79191e-05)
(0.000246084 0 2.9426e-05)
(0.000257608 0 3.07336e-05)
(0.000266814 0 3.18199e-05)
(0.000273473 0 3.26684e-05)
(0.000277433 0 3.32684e-05)
(0.000278624 0 3.36153e-05)
(0.000277067 0 3.37106e-05)
(0.000272866 0 3.3562e-05)
(0.000266204 0 3.31824e-05)
(0.000257331 0 3.25902e-05)
(0.000246556 0 3.18085e-05)
(0.000234229 0 3.08644e-05)
(0.000220729 0 2.97884e-05)
(0.000206448 0 2.86136e-05)
(5.10227e-06 0 6.2842e-07)
(1.48126e-05 0 1.8272e-06)
(2.43175e-05 0 3.00103e-06)
(3.40019e-05 0 4.19038e-06)
(4.4086e-05 0 5.4191e-06)
(5.47118e-05 0 6.70172e-06)
(6.59447e-05 0 8.04404e-06)
(7.77776e-05 0 9.44379e-06)
(9.01357e-05 0 1.08916e-05)
(0.000102884 0 1.23721e-05)
(0.000115833 0 1.38652e-05)
(0.000128754 0 1.53473e-05)
(0.000141383 0 1.67926e-05)
(0.000153439 0 1.81742e-05)
(0.000164636 0 1.9466e-05)
(0.000174697 0 2.06429e-05)
(0.000183366 0 2.16824e-05)
(0.000190424 0 2.25656e-05)
(0.000195695 0 2.3277e-05)
(0.000199057 0 2.38059e-05)
(0.000200449 0 2.4146e-05)
(0.000199868 0 2.4296e-05)
(0.000197372 0 2.42593e-05)
(0.000193076 0 2.40436e-05)
(0.000187144 0 2.36609e-05)
(0.000179784 0 2.31273e-05)
(0.000171234 0 2.24618e-05)
(0.000161756 0 2.16863e-05)
(0.000151624 0 2.08249e-05)
(0.000141114 0 1.99031e-05)
(4.34703e-06 0 4.44502e-07)
(1.26032e-05 0 1.29427e-06)
(2.06211e-05 0 2.12678e-06)
(2.86956e-05 0 2.9688e-06)
(3.69821e-05 0 3.83586e-06)
(4.55745e-05 0 4.73732e-06)
(5.45071e-05 0 5.67659e-06)
(6.37582e-05 0 6.65156e-06)
(7.32552e-05 0 7.65523e-06)
(8.28815e-05 0 8.67652e-06)
(9.24843e-05 0 9.70107e-06)
(0.000101883 0 1.07122e-05)
(0.000110881 0 1.16918e-05)
(0.000119274 0 1.26212e-05)
(0.00012686 0 1.34823e-05)
(0.000133453 0 1.42579e-05)
(0.000138889 0 1.49329e-05)
(0.000143037 0 1.54946e-05)
(0.000145801 0 1.59331e-05)
(0.000147128 0 1.62419e-05)
(0.000147009 0 1.64179e-05)
(0.000145478 0 1.64611e-05)
(0.000142611 0 1.63754e-05)
(0.000138518 0 1.61674e-05)
(0.000133345 0 1.58469e-05)
(0.000127257 0 1.54261e-05)
(0.000120441 0 1.49195e-05)
(0.000113092 0 1.4343e-05)
(0.000105407 0 1.3714e-05)
(9.75825e-05 0 1.30506e-05)
(3.83688e-06 0 2.66515e-07)
(1.11132e-05 0 7.77914e-07)
(1.81366e-05 0 1.28025e-06)
(2.51418e-05 0 1.78822e-06)
(3.224e-05 0 2.31047e-06)
(3.94939e-05 0 2.85221e-06)
(4.69186e-05 0 3.41519e-06)
(5.44847e-05 0 3.99792e-06)
(6.21234e-05 0 4.59603e-06)
(6.9733e-05 0 5.20272e-06)
(7.71859e-05 0 5.80925e-06)
(8.43375e-05 0 6.40553e-06)
(9.10343e-05 0 6.98064e-06)
(9.71229e-05 0 7.52343e-06)
(0.000102458 0 8.02301e-06)
(0.000106912 0 8.46926e-06)
(0.000110377 0 8.85328e-06)
(0.000112777 0 9.1677e-06)
(0.000114064 0 9.40698e-06)
(0.000114225 0 9.56757e-06)
(0.000113281 0 9.64805e-06)
(0.000111283 0 9.64908e-06)
(0.000108314 0 9.5734e-06)
(0.000104479 0 9.42564e-06)
(9.99031e-05 0 9.21214e-06)
(9.47258e-05 0 8.94073e-06)
(8.9095e-05 0 8.62044e-06)
(8.31618e-05 0 8.26122e-06)
(7.70751e-05 0 7.87366e-06)
(7.09774e-05 0 7.46869e-06)
(3.5791e-06 0 8.94525e-08)
(1.03677e-05 0 2.62514e-07)
(1.69158e-05 0 4.33567e-07)
(2.34169e-05 0 6.06856e-07)
(2.99537e-05 0 7.85178e-07)
(3.65721e-05 0 9.70242e-07)
(4.32775e-05 0 1.16261e-06)
(5.00373e-05 0 1.36174e-06)
(5.67851e-05 0 1.56613e-06)
(6.34269e-05 0 1.77342e-06)
(6.98485e-05 0 1.98061e-06)
(7.59229e-05 0 2.18419e-06)
(8.15189e-05 0 2.38038e-06)
(8.65082e-05 0 2.56533e-06)
(9.07735e-05 0 2.73526e-06)
(9.42142e-05 0 2.88666e-06)
(9.6752e-05 0 3.01644e-06)
(9.83349e-05 0 3.12205e-06)
(9.8939e-05 0 3.20161e-06)
(9.85699e-05 0 3.2539e-06)
(9.72612e-05 0 3.27847e-06)
(9.50729e-05 0 3.27561e-06)
(9.20877e-05 0 3.24633e-06)
(8.84074e-05 0 3.1923e-06)
(8.41475e-05 0 3.1158e-06)
(7.94331e-05 0 3.01958e-06)
(7.43937e-05 0 2.90684e-06)
(6.91592e-05 0 2.78103e-06)
(6.38561e-05 0 2.6458e-06)
(5.86047e-05 0 2.50482e-06)
(0.07036 0 -0.00182492)
(0.0703656 0 -0.00260279)
(0.0703365 0 -0.00336318)
(0.0673703 0 -0.00209031)
(0.067421 0 -0.00243749)
(0.0673912 0 -0.00279134)
(0.0613597 0 -0.00197562)
(0.0613578 0 -0.00213919)
(0.0615074 0 -0.00231921)
(0.0543805 0 -0.00170514)
(0.0543489 0 -0.00178979)
(0.0546111 0 -0.0018937)
(0.0473789 0 -0.00138241)
(0.0473196 0 -0.00142577)
(0.0476172 0 -0.00149044)
(0.0407063 0 -0.00105025)
(0.040628 0 -0.00106989)
(0.0409251 0 -0.00111242)
(0.034545 0 -0.000736368)
(0.0344561 0 -0.000742007)
(0.0347354 0 -0.000771041)
(0.0289882 0 -0.00045894)
(0.0288948 0 -0.000456548)
(0.0291477 0 -0.000476684)
(0.0240697 0 -0.000227884)
(0.0239766 0 -0.00022129)
(0.0241996 0 -0.000235178)
(0.0197842 0 -4.63714e-05)
(0.0196948 0 -3.80459e-05)
(0.0198876 0 -4.73714e-05)
(0.0161014 0 8.73537e-05)
(0.0160182 0 9.58658e-05)
(0.016182 0 8.9922e-05)
(0.0129759 0 0.000178217)
(0.0129003 0 0.000186015)
(0.0130376 0 0.000182565)
(0.0103541 0 0.000232845)
(0.0102869 0 0.00023947)
(0.0104006 0 0.000237825)
(0.00817941 0 0.000258455)
(0.00812074 0 0.000263747)
(0.00821391 0 0.000263366)
(0.00639521 0 0.000262097)
(0.00634489 0 0.000266085)
(0.00642045 0 0.000266549)
(0.00494738 0 0.000250178)
(0.00490494 0 0.000252999)
(0.00496561 0 0.000253989)
(0.00378554 0 0.000228195)
(0.00375028 0 0.000230042)
(0.00379854 0 0.000231322)
(0.00286377 0 0.000200628)
(0.00283493 0 0.000201711)
(0.00287294 0 0.000203107)
(0.00214103 0 0.000170939)
(0.00211781 0 0.000171456)
(0.00214745 0 0.00017285)
(0.00158124 0 0.00014164)
(0.00156282 0 0.000141765)
(0.00158569 0 0.000143078)
(0.00115314 0 0.00011441)
(0.00113875 0 0.000114288)
(0.00115621 0 0.000115471)
(0.000830058 0 9.02358e-05)
(0.000818988 0 8.99766e-05)
(0.00083217 0 9.10068e-05)
(0.000589593 0 6.95627e-05)
(0.000581213 0 6.92458e-05)
(0.000591048 0 7.01148e-05)
(0.000413228 0 5.24334e-05)
(0.000406984 0 5.2112e-05)
(0.000414238 0 5.28241e-05)
(0.000285926 0 3.86159e-05)
(0.000281344 0 3.83226e-05)
(0.000286637 0 3.88891e-05)
(0.000195722 0 2.77062e-05)
(0.000192402 0 2.74581e-05)
(0.000196235 0 2.7894e-05)
(0.000133341 0 1.92029e-05)
(0.000130952 0 1.9007e-05)
(0.000133726 0 1.9328e-05)
(9.18792e-05 0 1.25534e-05)
(9.01437e-05 0 1.24113e-05)
(9.21835e-05 0 1.26311e-05)
(6.65824e-05 0 7.16889e-06)
(6.52587e-05 0 7.0807e-06)
(6.68289e-05 0 7.20922e-06)
(5.48498e-05 0 2.40303e-06)
(5.36719e-05 0 2.37182e-06)
(5.49695e-05 0 2.41471e-06)
(0.0696031 0 -0.00348561)
(0.0673078 0 -0.00340689)
(0.0632316 0 -0.00317929)
(0.0583154 0 -0.00287213)
(0.0529872 0 -0.00252535)
(0.0475475 0 -0.00216463)
(0.0421898 0 -0.0018071)
(0.0370414 0 -0.00146533)
(0.0321901 0 -0.00114927)
(0.0276939 0 -0.000866204)
(0.0235882 0 -0.000620837)
(0.0198908 0 -0.000415296)
(0.0166048 0 -0.000249355)
(0.0137209 0 -0.000120777)
(0.0112207 0 -2.58597e-05)
(0.00907922 0 4.00185e-05)
(0.00726706 0 8.18915e-05)
(0.00575199 0 0.000104786)
(0.00450058 0 0.000113403)
(0.00347957 0 0.000111903)
(0.00265693 0 0.000103786)
(0.00200256 0 9.18472e-05)
(0.00148874 0 7.82026e-05)
(0.00109045 0 6.43488e-05)
(0.00078543 0 5.12478e-05)
(0.000554106 0 3.94187e-05)
(0.000379313 0 2.90241e-05)
(0.000245816 0 1.99408e-05)
(0.000139572 0 1.18074e-05)
(4.66126e-05 0 4.04109e-06)
(0.0669693 0 -0.00305965)
(0.0644532 0 -0.00301728)
(0.0606799 0 -0.00283126)
(0.0561077 0 -0.00256321)
(0.051114 0 -0.00225181)
(0.0459867 0 -0.00192433)
(0.0409028 0 -0.00159816)
(0.0359885 0 -0.00128598)
(0.0313397 0 -0.000998006)
(0.0270156 0 -0.000740932)
(0.0230539 0 -0.000518919)
(0.0194758 0 -0.00033377)
(0.0162879 0 -0.000185192)
(0.0134831 0 -7.09919e-05)
(0.0110457 0 1.23213e-05)
(0.00895332 0 6.9046e-05)
(0.00717902 0 0.000103843)
(0.0056927 0 0.000121357)
(0.00446262 0 0.000125937)
(0.00345701 0 0.000121434)
(0.00264514 0 0.000111086)
(0.001998 0 9.74833e-05)
(0.00148876 0 8.25818e-05)
(0.00109309 0 6.77603e-05)
(0.000789318 0 5.38958e-05)
(0.000558282 0 4.14468e-05)
(0.000383136 0 3.05319e-05)
(0.000248862 0 2.09939e-05)
(0.000141555 0 1.24412e-05)
(4.73224e-05 0 4.26025e-06)
(0.0616742 0 -0.00254085)
(0.059851 0 -0.00256313)
(0.0567046 0 -0.0024324)
(0.0527489 0 -0.00221619)
(0.0483228 0 -0.00195258)
(0.0436796 0 -0.00166725)
(0.0390023 0 -0.00137851)
(0.0344399 0 -0.00110076)
(0.0300946 0 -0.000844235)
(0.0260233 0 -0.000615143)
(0.0222707 0 -0.000417592)
(0.0188646 0 -0.000253385)
(0.0158187 0 -0.000122492)
(0.0131285 0 -2.27927e-05)
(0.010782 0 4.89228e-05)
(0.00876079 0 9.65795e-05)
(0.00704161 0 0.000124435)
(0.00559751 0 0.000136722)
(0.00439894 0 0.000137428)
(0.00341634 0 0.000130085)
(0.00262083 0 0.000117664)
(0.00198496 0 0.000102543)
(0.00148316 0 8.65129e-05)
(0.00109212 0 7.0834e-05)
(0.000790954 0 5.62974e-05)
(0.000561108 0 4.33015e-05)
(0.000386186 0 3.19229e-05)
(0.000251493 0 2.19731e-05)
(0.000143339 0 1.3034e-05)
(4.79728e-05 0 4.4658e-06)
(0.0551634 0 -0.00205161)
(0.0541315 0 -0.00209823)
(0.0517587 0 -0.00201532)
(0.0485358 0 -0.00185088)
(0.0447792 0 -0.00163714)
(0.0407303 0 -0.00139797)
(0.0365752 0 -0.00115153)
(0.0324613 0 -0.000911944)
(0.0284908 0 -0.000688966)
(0.0247361 0 -0.000489346)
(0.0212462 0 -0.000317191)
(0.0180621 0 -0.000174756)
(0.0152007 0 -6.19606e-05)
(0.0126579 0 2.31722e-05)
(0.0104287 0 8.33851e-05)
(0.00849965 0 0.000122152)
(0.00685231 0 0.000143291)
(0.0054639 0 0.000150577)
(0.0043072 0 0.000147634)
(0.00335544 0 0.000137665)
(0.00258217 0 0.00012337)
(0.00196191 0 0.000106906)
(0.00147071 0 8.99017e-05)
(0.00108656 0 7.3496e-05)
(0.000789586 0 5.83948e-05)
(0.000562023 0 4.49387e-05)
(0.000388062 0 3.31645e-05)
(0.000253439 0 2.28557e-05)
(0.000144767 0 1.35721e-05)
(4.85086e-05 0 4.65285e-06)
(0.0483469 0 -0.00160415)
(0.0479214 0 -0.001654)
(0.0462745 0 -0.00160501)
(0.0437862 0 -0.00148562)
(0.0407275 0 -0.00131951)
(0.0373181 0 -0.00112669)
(0.0337351 0 -0.000923535)
(0.0301197 0 -0.000723032)
(0.026579 0 -0.0005348)
(0.0231923 0 -0.000365605)
(0.0200166 0 -0.000219686)
(0.0170937 0 -9.92648e-05)
(0.0144442 0 -4.357e-06)
(0.0120755 0 6.63947e-05)
(0.00998683 0 0.000115326)
(0.00816882 0 0.000145456)
(0.00661004 0 0.000160101)
(0.0052909 0 0.000162657)
(0.00418608 0 0.00015634)
(0.00327286 0 0.000144003)
(0.00252774 0 0.000128064)
(0.00192758 0 0.000110462)
(0.00145033 0 9.26595e-05)
(0.00107553 0 7.56749e-05)
(0.000784513 0 6.01316e-05)
(0.000560489 0 4.63141e-05)
(0.00038837 0 3.42231e-05)
(0.00025443 0 2.3618e-05)
(0.000145677 0 1.40411e-05)
(4.88748e-05 0 4.81638e-06)
(0.0417129 0 -0.0011987)
(0.0416929 0 -0.001246)
(0.0406349 0 -0.00121999)
(0.0388024 0 -0.00113705)
(0.0364035 0 -0.00101308)
(0.0336231 0 -0.000863515)
(0.0306194 0 -0.000702007)
(0.0275233 0 -0.000539933)
(0.0244396 0 -0.000386165)
(0.0214496 0 -0.000247141)
(0.0186141 0 -0.000127048)
(0.015977 0 -2.81055e-05)
(0.0135652 0 4.92906e-05)
(0.011393 0 0.000106069)
(0.00946478 0 0.000144129)
(0.00777673 0 0.000166009)
(0.00632003 0 0.000174559)
(0.00507916 0 0.000172752)
(0.00403497 0 0.000163386)
(0.00316761 0 0.000148971)
(0.00245647 0 0.000131645)
(0.00188093 0 0.000113126)
(0.00142109 0 9.4716e-05)
(0.00105823 0 7.73134e-05)
(0.000775104 0 6.1461e-05)
(0.000556019 0 4.73908e-05)
(0.000386748 0 3.50706e-05)
(0.000254215 0 2.42398e-05)
(0.000145921 0 1.44284e-05)
(4.90185e-05 0 4.95189e-06)
(0.0355154 0 -0.000839343)
(0.0357465 0 -0.000883231)
(0.0351296 0 -0.000872894)
(0.0338386 0 -0.000818298)
(0.03202 0 -0.000729661)
(0.0298185 0 -0.000618185)
(0.0273663 0 -0.000494607)
(0.024779 0 -0.000368374)
(0.0221534 0 -0.000247201)
(0.0195682 0 -0.000136908)
(0.0170846 0 -4.14417e-05)
(0.014748 0 3.69862e-05)
(0.0125897 0 9.77035e-05)
(0.0106289 0 0.000141262)
(0.0088746 0 0.000169123)
(0.0073279 0 0.000183354)
(0.00598364 0 0.000186352)
(0.00483094 0 0.000180633)
(0.00385533 0 0.000168602)
(0.00304038 0 0.00015244)
(0.00236852 0 0.00013401)
(0.00182184 0 0.00011482)
(0.00138272 0 9.60073e-05)
(0.00103435 0 7.83594e-05)
(0.000761033 0 6.23411e-05)
(0.000548322 0 4.81353e-05)
(0.00038296 0 3.5681e-05)
(0.000252621 0 2.47024e-05)
(0.000145392 0 1.47227e-05)
(4.89041e-05 0 5.05558e-06)
(0.0298829 0 -0.000531633)
(0.0302561 0 -0.000571729)
(0.0299526 0 -0.000571895)
(0.0290854 0 -0.000538601)
(0.0277509 0 -0.000478281)
(0.0260549 0 -0.000398742)
(0.0241022 0 -0.000308028)
(0.0219895 0 -0.000213609)
(0.0198019 0 -0.000121865)
(0.0176116 0 -3.78046e-05)
(0.015477 0 3.50323e-05)
(0.0134437 0 9.45291e-05)
(0.0115447 0 0.00013986)
(0.00980252 0 0.000171269)
(0.00823003 0 0.000189822)
(0.00683233 0 0.00019715)
(0.00560813 0 0.000195214)
(0.00455084 0 0.000186099)
(0.00365003 0 0.000171839)
(0.00289281 0 0.000154295)
(0.00226472 0 0.00013507)
(0.00175059 0 0.000115467)
(0.00133518 0 9.64709e-05)
(0.00100368 0 7.876e-05)
(0.000742037 0 6.27268e-05)
(0.000537132 0 4.85102e-05)
(0.000376773 0 3.60246e-05)
(0.000249469 0 2.49841e-05)
(0.000143975 0 1.49106e-05)
(4.84926e-05 0 5.12274e-06)
(0.0248697 0 -0.000279061)
(0.0253107 0 -0.000314662)
(0.0252202 0 -0.000321285)
(0.0246714 0 -0.000303307)
(0.0237241 0 -0.000264703)
(0.0224519 0 -0.000210738)
(0.0209333 0 -0.000147198)
(0.0192457 0 -7.97383e-05)
(0.0174605 0 -1.33953e-05)
(0.0156409 0 4.77189e-05)
(0.0138401 0 0.000100576)
(0.0121017 0 0.000143259)
(0.0104587 0 0.000174895)
(0.00893518 0 0.000195511)
(0.00754668 0 0.000205844)
(0.00630145 0 0.000207146)
(0.00520164 0 0.000200978)
(0.00424432 0 0.000189041)
(0.0034227 0 0.000173022)
(0.00272721 0 0.000154484)
(0.00214645 0 0.000134785)
(0.00166796 0 0.000115035)
(0.00127886 0 9.60776e-05)
(0.000966363 0 7.84887e-05)
(0.000718107 0 6.25947e-05)
(0.000522372 0 4.84949e-05)
(0.000368087 0 3.60844e-05)
(0.000244669 0 2.50718e-05)
(0.000141609 0 1.49836e-05)
(4.77596e-05 0 5.15027e-06)
(0.0204833 0 -8.15877e-05)
(0.0209428 0 -0.000111948)
(0.0209898 0 -0.000121811)
(0.020672 0 -0.000114177)
(0.0200243 0 -9.14322e-05)
(0.0190953 0 -5.70145e-05)
(0.0179415 0 -1.49348e-05)
(0.0166218 0 3.06996e-05)
(0.0151938 0 7.60782e-05)
(0.0137106 0 0.000117974)
(0.0122189 0 0.000153916)
(0.0107582 0 0.000182265)
(0.00936014 0 0.000202188)
(0.00804884 0 0.000213582)
(0.00684121 0 0.000216939)
(0.00574771 0 0.000213192)
(0.00477318 0 0.000203565)
(0.00391774 0 0.000189419)
(0.0031777 0 0.000172132)
(0.00254652 0 0.000152996)
(0.00201562 0 0.000133147)
(0.00157512 0 0.000113517)
(0.00121442 0 9.48183e-05)
(0.000922733 0 7.75346e-05)
(0.000689384 0 6.19323e-05)
(0.000504068 0 4.80768e-05)
(0.000356875 0 3.58487e-05)
(0.000238174 0 2.49561e-05)
(0.000138255 0 1.49353e-05)
(4.66906e-05 0 5.13594e-06)
(0.0167012 0 6.41944e-05)
(0.0171479 0 3.95364e-05)
(0.0172775 0 2.8856e-05)
(0.0171217 0 3.01096e-05)
(0.0166991 0 4.1925e-05)
(0.0160401 0 6.2134e-05)
(0.0151836 0 8.80579e-05)
(0.0141731 0 0.000116828)
(0.013053 0 0.000145681)
(0.0118663 0 0.000172192)
(0.0106525 0 0.000194441)
(0.00944597 0 0.000211099)
(0.00827573 0 0.000221441)
(0.00716476 0 0.000225306)
(0.00613024 0 0.000223017)
(0.00518385 0 0.000215262)
(0.00433232 0 0.000202985)
(0.00357809 0 0.000187264)
(0.00292005 0 0.000169207)
(0.00235424 0 0.000149869)
(0.0018746 0 0.000130186)
(0.00147362 0 0.000110934)
(0.00114285 0 9.27067e-05)
(0.000873376 0 7.59042e-05)
(0.000656192 0 6.0741e-05)
(0.000482379 0 4.72537e-05)
(0.000343199 0 3.53134e-05)
(0.000229999 0 2.46325e-05)
(0.000133911 0 1.47627e-05)
(4.52828e-05 0 5.07854e-06)
(0.0134828 0 0.000164144)
(0.0138978 0 0.000145232)
(0.0140713 0 0.000135393)
(0.0140247 0 0.000133255)
(0.0137664 0 0.000138075)
(0.0133143 0 0.000148538)
(0.0126942 0 0.000162922)
(0.0119366 0 0.000179302)
(0.011075 0 0.000195755)
(0.0101429 0 0.00021054)
(0.00917235 0 0.000222236)
(0.00819253 0 0.000229823)
(0.00722883 0 0.00023272)
(0.0063023 0 0.000230768)
(0.00542942 0 0.000224179)
(0.00462225 0 0.000213465)
(0.00388862 0 0.000199352)
(0.00323261 0 0.000182682)
(0.00265508 0 0.000164342)
(0.00215422 0 0.000145182)
(0.00172612 0 0.000125968)
(0.00136534 0 0.000107337)
(0.00106538 0 8.9779e-05)
(0.000819095 0 7.36222e-05)
(0.000619021 0 5.90358e-05)
(0.00045759 0 4.60338e-05)
(0.000327214 0 3.44822e-05)
(0.000220222 0 2.41022e-05)
(0.00012861 0 1.44656e-05)
(4.35458e-05 0 4.97802e-06)
(0.0107769 0 0.0002255)
(0.0111502 0 0.00021199)
(0.0113411 0 0.000203974)
(0.0113645 0 0.000200549)
(0.0112227 0 0.000201342)
(0.0109252 0 0.000205589)
(0.0104884 0 0.000212228)
(0.00993305 0 0.000220017)
(0.00928329 0 0.000227677)
(0.0085645 0 0.000234014)
(0.00780196 0 0.000238028)
(0.00701951 0 0.000238985)
(0.00623869 0 0.000236454)
(0.00547801 0 0.000230313)
(0.00475264 0 0.000220715)
(0.00407426 0 0.000208051)
(0.00345114 0 0.000192877)
(0.00288837 0 0.000175856)
(0.00238822 0 0.00015769)
(0.00195051 0 0.000139063)
(0.00157312 0 0.000120594)
(0.00125238 0 0.000102804)
(0.000983478 0 8.60943e-05)
(0.000760865 0 7.0731e-05)
(0.000578508 0 5.6846e-05)
(0.000430101 0 4.44361e-05)
(0.000309159 0 3.33668e-05)
(0.000208976 0 2.33719e-05)
(0.000122419 0 1.40476e-05)
(4.15014e-05 0 4.83554e-06)
(0.00852793 0 0.000255947)
(0.00885535 0 0.000247217)
(0.00904625 0 0.000241461)
(0.00911127 0 0.000238105)
(0.00904919 0 0.000236977)
(0.00886443 0 0.000237651)
(0.00856652 0 0.000239498)
(0.00816919 0 0.000241752)
(0.00768925 0 0.000243599)
(0.00714533 0 0.000244261)
(0.00655673 0 0.000243074)
(0.00594238 0 0.000239545)
(0.00531994 0 0.000233387)
(0.00470518 0 0.000224526)
(0.00411152 0 0.000213094)
(0.00354977 0 0.000199396)
(0.00302806 0 0.00018387)
(0.00255197 0 0.000167038)
(0.00212463 0 0.000149458)
(0.0017471 0 0.000131678)
(0.00141861 0 0.000114197)
(0.00113693 0 9.74402e-05)
(0.00089872 0 8.17322e-05)
(0.000699793 0 6.72898e-05)
(0.000535403 0 5.42141e-05)
(0.000400404 0 4.24902e-05)
(0.000289345 0 3.19867e-05)
(0.000196449 0 2.24537e-05)
(0.000115439 0 1.35153e-05)
(3.91823e-05 0 4.65342e-06)
(0.00667941 0 0.000262924)
(0.00696079 0 0.000258192)
(0.00714086 0 0.000254739)
(0.00722744 0 0.000252219)
(0.00721766 0 0.000250554)
(0.00711269 0 0.000249516)
(0.00691767 0 0.000248744)
(0.00664117 0 0.000247787)
(0.00629451 0 0.000246152)
(0.00589095 0 0.000243361)
(0.0054448 0 0.000239003)
(0.00497064 0 0.000232774)
(0.00448255 0 0.000224506)
(0.00399356 0 0.000214181)
(0.00351511 0 0.000201924)
(0.00305683 0 0.000187987)
(0.00262634 0 0.000172721)
(0.00222921 0 0.000156544)
(0.00186908 0 0.0001399)
(0.00154776 0 0.000123231)
(0.00126551 0 0.00010694)
(0.00102123 0 9.13712e-05)
(0.000812745 0 7.67905e-05)
(0.00063706 0 6.33723e-05)
(0.000490537 0 5.11946e-05)
(0.000369066 0 4.02349e-05)
(0.000268146 0 3.03687e-05)
(0.000182873 0 2.13651e-05)
(0.000107797 0 1.28788e-05)
(3.66314e-05 0 4.4351e-06)
(0.00517677 0 0.000253166)
(0.00541431 0 0.000251597)
(0.00557741 0 0.000250231)
(0.00567192 0 0.00024888)
(0.00569434 0 0.000247499)
(0.00564405 0 0.000245964)
(0.00552334 0 0.000244074)
(0.00533722 0 0.000241572)
(0.00509302 0 0.000238177)
(0.00479986 0 0.000233616)
(0.00446804 0 0.000227653)
(0.0041085 0 0.000220125)
(0.00373215 0 0.000210959)
(0.00334941 0 0.000200181)
(0.00296978 0 0.000187918)
(0.00260153 0 0.000174388)
(0.0022515 0 0.000159879)
(0.00192496 0 0.000144731)
(0.00162566 0 0.000129303)
(0.00135587 0 0.000113951)
(0.00111653 0 9.90041e-05)
(0.000907373 0 8.4742e-05)
(0.000727169 0 7.13814e-05)
(0.000573868 0 5.90645e-05)
(0.000444779 0 4.78517e-05)
(0.000336699 0 3.77173e-05)
(0.000245978 0 2.8546e-05)
(0.000168515 0 2.01281e-05)
(9.96457e-05 0 1.2151e-05)
(3.38992e-05 0 4.18504e-06)
(0.00396882 0 0.000232447)
(0.00416617 0 0.000233231)
(0.00430937 0 0.000233593)
(0.00440292 0 0.000233447)
(0.00444326 0 0.000232754)
(0.00442887 0 0.000231438)
(0.00436032 0 0.000229383)
(0.00424026 0 0.00022645)
(0.00407317 0 0.000222485)
(0.00386511 0 0.000217344)
(0.00362329 0 0.000210913)
(0.00335566 0 0.000203121)
(0.00307045 0 0.00019396)
(0.00277579 0 0.00018349)
(0.00247933 0 0.000171842)
(0.00218796 0 0.000159206)
(0.00190757 0 0.000145829)
(0.00164295 0 0.000131987)
(0.00139771 0 0.000117976)
(0.0011743 0 0.000104087)
(0.000974058 0 9.05878e-05)
(0.00079731 0 7.77086e-05)
(0.000643515 0 6.56275e-05)
(0.000511383 0 5.44611e-05)
(0.000399002 0 4.42574e-05)
(0.000303935 0 3.49906e-05)
(0.000223281 0 2.65568e-05)
(0.000153665 0 1.87685e-05)
(9.11495e-05 0 1.13468e-05)
(3.10422e-05 0 3.90847e-06)
(0.00300873 0 0.00020548)
(0.00317025 0 0.000207884)
(0.00329284 0 0.000209551)
(0.00337997 0 0.000210464)
(0.00342839 0 0.000210577)
(0.00343621 0 0.000209829)
(0.00340305 0 0.000208149)
(0.00333002 0 0.000205457)
(0.00321969 0 0.000201675)
(0.00307591 0 0.000196735)
(0.00290355 0 0.000190594)
(0.00270822 0 0.00018324)
(0.00249598 0 0.000174705)
(0.00227298 0 0.000165071)
(0.00204523 0 0.000154464)
(0.00181829 0 0.000143058)
(0.0015971 0 0.000131061)
(0.00138582 0 0.000118705)
(0.00118777 0 0.000106236)
(0.00100535 0 9.38912e-05)
(0.000840099 0 8.18933e-05)
(0.000692717 0 7.04323e-05)
(0.000563152 0 5.9656e-05)
(0.000450691 0 4.96615e-05)
(0.000354038 0 4.04881e-05)
(0.000271395 0 3.21122e-05)
(0.0002005 0 2.44426e-05)
(0.000138621 0 1.73147e-05)
(8.24831e-05 0 1.04833e-05)
(2.81198e-05 0 3.61126e-06)
(0.0022545 0 0.000175914)
(0.00238482 0 0.000179309)
(0.00248747 0 0.00018186)
(0.00256521 0 0.000183593)
(0.0026152 0 0.000184448)
(0.00263552 0 0.00018437)
(0.00262531 0 0.000183304)
(0.00258478 0 0.0001812)
(0.00251523 0 0.000178016)
(0.00241896 0 0.000173727)
(0.00229913 0 0.000168326)
(0.0021596 0 0.000161834)
(0.00200469 0 0.000154304)
(0.00183893 0 0.000145823)
(0.00166691 0 0.000136514)
(0.00149301 0 0.000126529)
(0.00132124 0 0.000116048)
(0.0011551 0 0.000105266)
(0.000997497 0 9.43874e-05)
(0.000850676 0 8.36104e-05)
(0.000716201 0 7.31193e-05)
(0.000594968 0 6.30725e-05)
(0.000487252 0 5.3594e-05)
(0.000392753 0 4.47657e-05)
(0.000310652 0 3.66214e-05)
(0.000239666 0 2.91411e-05)
(0.000178066 0 2.22467e-05)
(0.000123678 0 1.57966e-05)
(7.38215e-05 0 9.57823e-06)
(2.51917e-05 0 3.29959e-06)
(0.00166911 0 0.000146411)
(0.00177277 0 0.000150289)
(0.00185706 0 0.000153342)
(0.00192413 0 0.000155622)
(0.00197162 0 0.000157061)
(0.00199779 0 0.000157599)
(0.00200157 0 0.000157188)
(0.00198268 0 0.000155788)
(0.00194162 0 0.000153376)
(0.00187965 0 0.00014994)
(0.00179874 0 0.000145494)
(0.00170142 0 0.000140068)
(0.00159069 0 0.000133724)
(0.00146981 0 0.000126544)
(0.00134218 0 0.000118641)
(0.00121116 0 0.000110148)
(0.00107991 0 0.000101219)
(0.000951295 0 9.20175e-05)
(0.000827772 0 8.27139e-05)
(0.000711331 0 7.34742e-05)
(0.000603454 0 6.44517e-05)
(0.000505108 0 5.57794e-05)
(0.000416756 0 4.75621e-05)
(0.00033838 0 3.98699e-05)
(0.000269515 0 3.27327e-05)
(0.000209277 0 2.61351e-05)
(0.000156379 0 2.00122e-05)
(0.000109117 0 1.42439e-05)
(6.53328e-05 0 8.6495e-06)
(2.23161e-05 0 2.97968e-06)
(0.00122043 0 0.00011877)
(0.00130173 0 0.000122742)
(0.00136967 0 0.000125979)
(0.00142595 0 0.000128546)
(0.00146866 0 0.00013037)
(0.0014963 0 0.000131389)
(0.0015078 0 0.000131555)
(0.00150263 0 0.000130831)
(0.00148083 0 0.000129197)
(0.00144299 0 0.000126649)
(0.00139025 0 0.0001232)
(0.00132422 0 0.000118884)
(0.00124688 0 0.000113757)
(0.00116053 0 0.000107894)
(0.00106762 0 0.000101392)
(0.00097064 0 9.43648e-05)
(0.000872032 0 8.69417e-05)
(0.000774064 0 7.92602e-05)
(0.000678749 0 7.14615e-05)
(0.000587784 0 6.36839e-05)
(0.000502501 0 5.60553e-05)
(0.000423844 0 4.86876e-05)
(0.000352361 0 4.16697e-05)
(0.000288212 0 3.5062e-05)
(0.000231181 0 2.88919e-05)
(0.000180687 0 2.31487e-05)
(0.000135794 0 1.77797e-05)
(9.51935e-05 0 1.26854e-05)
(5.71729e-05 0 7.71435e-06)
(1.95466e-05 0 2.65749e-06)
(0.000880994 0 9.40702e-05)
(0.000943866 0 9.78587e-05)
(0.000997683 0 0.000101035)
(0.00104377 0 0.000103666)
(0.00108065 0 0.000105678)
(0.00110707 0 0.000107012)
(0.00112205 0 0.000107618)
(0.001125 0 0.00010746)
(0.0011157 0 0.000106515)
(0.00109433 0 0.000104777)
(0.00106148 0 0.000102258)
(0.00101812 0 9.8985e-05)
(0.000965514 0 9.5004e-05)
(0.000905215 0 9.03787e-05)
(0.00083894 0 8.51893e-05)
(0.0007685 0 7.95304e-05)
(0.000695717 0 7.3508e-05)
(0.000622339 0 6.72356e-05)
(0.000549966 0 6.08298e-05)
(0.000479996 0 5.44047e-05)
(0.000413574 0 4.8067e-05)
(0.000351562 0 4.19101e-05)
(0.000294523 0 3.60096e-05)
(0.000242714 0 3.04178e-05)
(0.000196082 0 2.51599e-05)
(0.000154271 0 2.02297e-05)
(0.000116616 0 1.55855e-05)
(8.21306e-05 0 1.11465e-05)
(4.94801e-05 0 6.78836e-06)
(1.69314e-05 0 2.33843e-06)
(0.000627696 0 7.28244e-05)
(0.000675633 0 7.62502e-05)
(0.000717553 0 7.91917e-05)
(0.000754493 0 8.17122e-05)
(0.000785317 0 8.37447e-05)
(0.000809022 0 8.52308e-05)
(0.000824787 0 8.61223e-05)
(0.000832021 0 8.63825e-05)
(0.000830395 0 8.59875e-05)
(0.000819862 0 8.4927e-05)
(0.000800668 0 8.32056e-05)
(0.000773338 0 8.08428e-05)
(0.000738654 0 7.78737e-05)
(0.000697616 0 7.4348e-05)
(0.00065139 0 7.03293e-05)
(0.000601253 0 6.58934e-05)
(0.000548529 0 6.11256e-05)
(0.000494525 0 5.61177e-05)
(0.00044048 0 5.09644e-05)
(0.000387506 0 4.5759e-05)
(0.000336551 0 4.05893e-05)
(0.000288366 0 3.55331e-05)
(0.00024348 0 3.06539e-05)
(0.000202185 0 2.59971e-05)
(0.000164532 0 2.15856e-05)
(0.00013032 0 1.7417e-05)
(9.90906e-05 0 1.34595e-05)
(7.01157e-05 0 9.64882e-06)
(4.23726e-05 0 5.88461e-06)
(1.45116e-05 0 2.02703e-06)
(0.000441398 0 5.51239e-05)
(0.000477445 0 5.80875e-05)
(0.000509583 0 6.0685e-05)
(0.000538616 0 6.29735e-05)
(0.000563694 0 6.48936e-05)
(0.000584039 0 6.63921e-05)
(0.000598982 0 6.74239e-05)
(0.000607995 0 6.79533e-05)
(0.000610723 0 6.79547e-05)
(0.000607003 0 6.74145e-05)
(0.000596876 0 6.6331e-05)
(0.00058059 0 6.47154e-05)
(0.000558587 0 6.25919e-05)
(0.000531485 0 5.9997e-05)
(0.000500046 0 5.69789e-05)
(0.00046514 0 5.35961e-05)
(0.000427701 0 4.99153e-05)
(0.00038868 0 4.6009e-05)
(0.000349005 0 4.19527e-05)
(0.000309539 0 3.78215e-05)
(0.000271038 0 3.36866e-05)
(0.000234128 0 2.96119e-05)
(0.000199276 0 2.56503e-05)
(0.000166775 0 2.18404e-05)
(0.000136729 0 1.82031e-05)
(0.000109042 0 1.47387e-05)
(8.34081e-05 0 1.14237e-05)
(5.92997e-05 0 8.20818e-06)
(3.59482e-05 0 5.01289e-06)
(1.23215e-05 0 1.72668e-06)
(0.000306528 0 4.07683e-05)
(0.00033329 0 4.32306e-05)
(0.000357578 0 4.54276e-05)
(0.000380011 0 4.74087e-05)
(0.000399966 0 4.91234e-05)
(0.000416857 0 5.05257e-05)
(0.000430154 0 5.15753e-05)
(0.000439416 0 5.2239e-05)
(0.000444306 0 5.24915e-05)
(0.000444617 0 5.23169e-05)
(0.00044028 0 5.17089e-05)
(0.000431372 0 5.06717e-05)
(0.000418115 0 4.92202e-05)
(0.000400865 0 4.73794e-05)
(0.000380098 0 4.51841e-05)
(0.000356383 0 4.26777e-05)
(0.000330357 0 3.99108e-05)
(0.000302692 0 3.69392e-05)
(0.000274064 0 3.38215e-05)
(0.00024512 0 3.06168e-05)
(0.000216447 0 2.73819e-05)
(0.000188548 0 2.41682e-05)
(0.000161816 0 2.1019e-05)
(0.00013652 0 1.79664e-05)
(0.000112784 0 1.50291e-05)
(9.05798e-05 0 1.22091e-05)
(6.97105e-05 0 9.48996e-06)
(4.98015e-05 0 6.83363e-06)
(3.02854e-05 0 4.17889e-06)
(1.03888e-05 0 1.43936e-06)
(0.000210669 0 2.93702e-05)
(0.000230342 0 3.13329e-05)
(0.000248496 0 3.31118e-05)
(0.000265605 0 3.47472e-05)
(0.000281224 0 3.61983e-05)
(0.000294917 0 3.74272e-05)
(0.00030628 0 3.83997e-05)
(0.000314955 0 3.90866e-05)
(0.000320649 0 3.94646e-05)
(0.00032315 0 3.95173e-05)
(0.000322338 0 3.92358e-05)
(0.000318192 0 3.86195e-05)
(0.000310797 0 3.76761e-05)
(0.000300336 0 3.64213e-05)
(0.000287087 0 3.48791e-05)
(0.000271406 0 3.30804e-05)
(0.00025371 0 3.10621e-05)
(0.00023446 0 2.88658e-05)
(0.000214133 0 2.65358e-05)
(0.0001932 0 2.41173e-05)
(0.000172104 0 2.16542e-05)
(0.000151236 0 1.91869e-05)
(0.000130917 0 1.67498e-05)
(0.000111378 0 1.43692e-05)
(9.27448e-05 0 1.20608e-05)
(7.50269e-05 0 9.8278e-06)
(5.8104e-05 0 7.65891e-06)
(4.17151e-05 0 5.52616e-06)
(2.54489e-05 0 3.38347e-06)
(8.73633e-06 0 1.1654e-06)
(0.000144179 0 2.04327e-05)
(0.000158599 0 2.1921e-05)
(0.000172117 0 2.32881e-05)
(0.0001851 0 2.4565e-05)
(0.000197233 0 2.57207e-05)
(0.000208199 0 2.67254e-05)
(0.000217692 0 2.75519e-05)
(0.000225431 0 2.81762e-05)
(0.00023117 0 2.85783e-05)
(0.000234713 0 2.87432e-05)
(0.000235924 0 2.86615e-05)
(0.000234731 0 2.83298e-05)
(0.000231137 0 2.7751e-05)
(0.000225216 0 2.69342e-05)
(0.000217113 0 2.58949e-05)
(0.000207038 0 2.4654e-05)
(0.000195253 0 2.32374e-05)
(0.000182061 0 2.16748e-05)
(0.00016779 0 1.99983e-05)
(0.000152777 0 1.82413e-05)
(0.000137346 0 1.64364e-05)
(0.000121795 0 1.4614e-05)
(0.000106377 0 1.28004e-05)
(9.1284e-05 0 1.1016e-05)
(7.66338e-05 0 9.27369e-06)
(6.24551e-05 0 7.57687e-06)
(4.86778e-05 0 5.91813e-06)
(3.5123e-05 0 4.27766e-06)
(2.1496e-05 0 2.622e-06)
(7.38449e-06 0 9.03227e-07)
(9.98605e-05 0 1.33981e-05)
(0.000110569 0 1.44441e-05)
(0.000120758 0 1.54158e-05)
(0.000130721 0 1.63348e-05)
(0.000140233 0 1.7179e-05)
(0.000149063 0 1.79271e-05)
(0.00015698 0 1.85592e-05)
(0.000163764 0 1.90571e-05)
(0.000169213 0 1.94056e-05)
(0.000173152 0 1.95926e-05)
(0.000175445 0 1.96098e-05)
(0.000175997 0 1.94529e-05)
(0.000174766 0 1.91224e-05)
(0.00017176 0 1.86229e-05)
(0.000167039 0 1.79637e-05)
(0.000160716 0 1.71583e-05)
(0.000152949 0 1.62234e-05)
(0.00014393 0 1.51791e-05)
(0.000133882 0 1.40473e-05)
(0.00012304 0 1.28508e-05)
(0.000111641 0 1.16124e-05)
(9.99111e-05 0 1.03534e-05)
(8.80475e-05 0 9.09267e-06)
(7.62077e-05 0 7.84485e-06)
(6.44954e-05 0 6.61948e-06)
(5.29484e-05 0 5.41964e-06)
(4.15285e-05 0 4.24079e-06)
(3.01123e-05 0 3.06972e-06)
(1.84878e-05 0 1.88355e-06)
(6.35554e-06 0 6.49104e-07)
(7.2738e-05 0 7.66412e-06)
(8.10601e-05 0 8.293e-06)
(8.90864e-05 0 8.88261e-06)
(9.70616e-05 0 9.44498e-06)
(0.000104819 0 9.96679e-06)
(0.000112183 0 1.0435e-05)
(0.000118973 0 1.08372e-05)
(0.00012501 0 1.1162e-05)
(0.000130124 0 1.13997e-05)
(0.000134161 0 1.15422e-05)
(0.000136989 0 1.15838e-05)
(0.000138505 0 1.15212e-05)
(0.000138643 0 1.13539e-05)
(0.000137373 0 1.10841e-05)
(0.000134707 0 1.07166e-05)
(0.000130698 0 1.02589e-05)
(0.000125437 0 9.72081e-06)
(0.000119049 0 9.11392e-06)
(0.000111686 0 8.45116e-06)
(0.000103517 0 7.74618e-06)
(9.47204e-05 0 7.01263e-06)
(8.54713e-05 0 6.26343e-06)
(7.59286e-05 0 5.50997e-06)
(6.62237e-05 0 4.76133e-06)
(5.64484e-05 0 4.02347e-06)
(4.66437e-05 0 3.29855e-06)
(3.67892e-05 0 2.58414e-06)
(2.67963e-05 0 1.87256e-06)
(1.65036e-05 0 1.1502e-06)
(5.68126e-06 0 3.96796e-07)
(5.99566e-05 0 2.56828e-06)
(6.71235e-05 0 2.78463e-06)
(7.40978e-05 0 2.9895e-06)
(8.11018e-05 0 3.18551e-06)
(8.79975e-05 0 3.36815e-06)
(9.4636e-05 0 3.53289e-06)
(0.000100862 0 3.67539e-06)
(0.000106518 0 3.79162e-06)
(0.00011145 0 3.87807e-06)
(0.000115514 0 3.93187e-06)
(0.000118583 0 3.9509e-06)
(0.00012055 0 3.93394e-06)
(0.000121338 0 3.88067e-06)
(0.0001209 0 3.79179e-06)
(0.000119224 0 3.66892e-06)
(0.000116334 0 3.51461e-06)
(0.000112289 0 3.33222e-06)
(0.00010718 0 3.12574e-06)
(0.000101123 0 2.89966e-06)
(9.42551e-05 0 2.6587e-06)
(8.6725e-05 0 2.40761e-06)
(7.86817e-05 0 2.15089e-06)
(7.02643e-05 0 1.89249e-06)
(6.15912e-05 0 1.63558e-06)
(5.27477e-05 0 1.38229e-06)
(4.37758e-05 0 1.13338e-06)
(3.46642e-05 0 8.88102e-07)
(2.53398e-05 0 6.43853e-07)
(1.56629e-05 0 3.95919e-07)
(5.42363e-06 0 1.36809e-07)
)
;

boundaryField
{
    inlet
    {
        type            cellMotion;
        value           uniform (0 0 0);
    }
    outlet
    {
        type            cellMotion;
        value           uniform (0 0 0);
    }
    flap
    {
        type            cellMotion;
        value           nonuniform List<vector> 
33
(
(0.00127109 0 0.00114401)
(0.00505314 0 0.00304824)
(0.0109867 0 0.0041648)
(0.0182585 0 0.00453542)
(0.0260393 0 0.00434082)
(0.0337482 0 0.00379154)
(0.0409917 0 0.00303551)
(0.0475021 0 0.00218288)
(0.053109 0 0.00132358)
(0.0577424 0 0.000516072)
(0.061412 0 -0.000192479)
(0.0642126 0 -0.000754466)
(0.0663427 0 -0.00113188)
(0.0680709 0 -0.00132883)
(0.0696103 0 -0.00140284)
(0.07036 0 -0.00182492)
(0.0703656 0 -0.00260279)
(0.0703365 0 -0.00336318)
(0.00122094 0 -0.00126932)
(0.00484288 0 -0.00351726)
(0.010572 0 -0.00519268)
(0.0177002 0 -0.0063265)
(0.0254266 0 -0.00698821)
(0.0331573 0 -0.00726178)
(0.040475 0 -0.00720949)
(0.0470853 0 -0.00689383)
(0.0527942 0 -0.00639155)
(0.0575166 0 -0.0057822)
(0.0612552 0 -0.00514865)
(0.0641036 0 -0.00457814)
(0.0662617 0 -0.0041489)
(0.0680082 0 -0.00389543)
(0.0695643 0 -0.00378233)
)
;
    }
    upperWall
    {
        type            slip;
    }
    lowerWall
    {
        type            slip;
    }
    frontAndBack
    {
        type            empty;
    }
}


// ************************************************************************* //
