/*--------------------------------*- C++ -*----------------------------------*\
| =========                 |                                                 |
| \\      /  F ield         | OpenFOAM: The Open Source CFD Toolbox           |
|  \\    /   O peration     | Version:  2012                                  |
|   \\  /    A nd           | Website:  www.openfoam.com                      |
|    \\/     M anipulation  |                                                 |
\*---------------------------------------------------------------------------*/
FoamFile
{
    version     2.0;
    format      ascii;
    class       surfaceScalarField;
    location    "0.4";
    object      meshPhi;
}
// * * * * * * * * * * * * * * * * * * * * * * * * * * * * * * * * * * * * * //

dimensions      [0 3 -1 0 0 0 0];
oriented        oriented;


internalField   nonuniform List<scalar> 
5457
(
2.37174e-05
1.39812e-07
4.77569e-05
4.02096e-07
7.46578e-05
6.42281e-07
0.000106595
8.68032e-07
0.000145333
1.0797e-06
0.00019234
1.2708e-06
0.000248784
1.43017e-06
0.000315482
1.54482e-06
0.000392815
1.60384e-06
0.000480628
1.60311e-06
0.000578115
1.55071e-06
0.00068371
1.47192e-06
0.00079499
1.41274e-06
0.000908595
1.43964e-06
0.00102019
1.63331e-06
0.00112447
2.07355e-06
0.00121536
2.81209e-06
0.00128665
3.82562e-06
0.00133274
5.07001e-06
0.00134828
6.53409e-06
0.00132861
8.18742e-06
0.00127088
1.00751e-05
0.00117443
1.24982e-05
0.00104162
1.6149e-05
0.000878757
2.21988e-05
0.000696197
3.21725e-05
0.000508138
4.75062e-05
0.000333387
6.87665e-05
0.000201965
9.39619e-05
0.00012007
2.33395e-05
2.7844e-07
4.70696e-05
8.01045e-07
7.36847e-05
1.28019e-06
0.000105332
1.73112e-06
0.000143778
2.15439e-06
0.000190503
2.53682e-06
0.000246699
2.85558e-06
0.000313214
3.08394e-06
0.000390478
3.19883e-06
0.000478393
3.19038e-06
0.000576228
3.07253e-06
0.000682509
2.89343e-06
0.000794928
2.74276e-06
0.000910262
2.7522e-06
0.00102433
3.08432e-06
0.00113197
3.90573e-06
0.00122699
5.34084e-06
0.00130306
7.30995e-06
0.00135519
9.69287e-06
0.00137834
1.25135e-05
0.00136756
1.56806e-05
0.00132004
1.91587e-05
0.00123498
2.33754e-05
0.00111461
2.9461e-05
0.000965781
3.94529e-05
0.000800241
5.60034e-05
0.000634195
8.13322e-05
0.000489404
0.000115658
0.000397622
0.000154773
0.000189501
2.30643e-05
4.14981e-07
4.65768e-05
1.19413e-06
7.29982e-05
1.90895e-06
0.000104461
2.58192e-06
0.000142744
3.21344e-06
0.000189349
3.78317e-06
0.000245504
4.25598e-06
0.000312116
4.5903e-06
0.000389685
4.74927e-06
0.000478214
4.71472e-06
0.000577096
4.50305e-06
0.000685019
4.18082e-06
0.000799876
3.87632e-06
0.000918696
3.78169e-06
0.0010376
4.13874e-06
0.00115178
5.20403e-06
0.00125428
7.10892e-06
0.00133886
9.75184e-06
0.00140251
1.31006e-05
0.00144011
1.7156e-05
0.00144604
2.16122e-05
0.00141763
2.62345e-05
0.00135405
3.13321e-05
0.0012575
3.81123e-05
0.00113538
4.90049e-05
0.00100142
6.71601e-05
0.000874471
9.49093e-05
0.000778422
0.000131513
0.000742859
0.000170241
0.00020257
2.29429e-05
5.48442e-07
4.63667e-05
1.57829e-06
7.27211e-05
2.52308e-06
0.000104144
3.41191e-06
0.000142431
4.24449e-06
0.000189118
4.99274e-06
0.000245486
5.60846e-06
0.00031251
6.03402e-06
0.000390791
6.2168e-06
0.000480463
6.1273e-06
0.000581089
5.77981e-06
0.000691575
5.25296e-06
0.00081009
4.70558e-06
0.000934015
4.38121e-06
0.0010599
4.59202e-06
0.00118312
5.65833e-06
0.00129566
7.66377e-06
0.00139298
1.06383e-05
0.00147369
1.47606e-05
0.00153165
1.9821e-05
0.00156124
2.52396e-05
0.00155981
3.05589e-05
0.00152649
3.57512e-05
0.00146372
4.17167e-05
0.00137854
5.06352e-05
0.00128571
6.54159e-05
0.00120577
8.78775e-05
0.00116241
0.000116058
0.00117948
0.000141967
0.00015817
2.28476e-05
6.77698e-07
4.62018e-05
1.95017e-06
7.25126e-05
3.11689e-06
0.000103928
4.2128e-06
0.000142269
5.23623e-06
0.000189115
6.15074e-06
0.000245807
6.89415e-06
0.000313414
7.39142e-06
0.000392658
7.57196e-06
0.000483836
7.39134e-06
0.000586725
6.85626e-06
0.0007005
6.04946e-06
0.000823666
5.14967e-06
0.000954042
4.4395e-06
0.00108882
4.29583e-06
0.00122256
5.05487e-06
0.00134784
6.85465e-06
0.00146347
9.94628e-06
0.00156614
1.4517e-05
0.00164914
2.01701e-05
0.0017088
2.62452e-05
0.00174136
3.20424e-05
0.00174571
3.708e-05
0.00172381
4.16912e-05
0.00168222
4.73888e-05
0.00163415
5.64663e-05
0.00159765
7.01794e-05
0.00159407
8.59309e-05
0.00164233
9.5838e-05
8.85932e-05
2.27747e-05
8.01682e-07
4.60781e-05
2.30661e-06
7.23663e-05
3.68505e-06
0.000103803
4.97687e-06
0.000142239
6.17829e-06
0.000189302
7.2438e-06
0.000246409
8.09643e-06
0.00031473
8.64238e-06
0.000395132
8.79081e-06
0.000488102
8.47867e-06
0.000593662
7.69915e-06
0.000711291
6.53038e-06
0.00083987
5.15854e-06
0.000977665
3.8878e-06
0.00112247
3.12983e-06
0.00126825
3.26097e-06
0.00141043
4.62708e-06
0.00154831
7.57355e-06
0.00167544
1.2095e-05
0.0017883
1.79111e-05
0.00188412
2.45046e-05
0.00195703
3.09024e-05
0.00200526
3.62027e-05
0.00202957
4.02255e-05
0.00203573
4.38949e-05
0.00203167
4.90308e-05
0.00202813
5.699e-05
0.00204213
6.6136e-05
0.00209075
6.98735e-05
5.7396e-05
2.27217e-05
9.19456e-07
4.59916e-05
2.64482e-06
7.2275e-05
4.22291e-06
0.000103754
5.69744e-06
0.000142314
7.06184e-06
0.000189636
8.26088e-06
0.000247218
9.20209e-06
0.000316343
9.77178e-06
0.000398037
9.85686e-06
0.000492993
9.37216e-06
0.000601501
8.29176e-06
0.000723376
6.68065e-06
0.000857889
4.72061e-06
0.00100372
2.72157e-06
0.00115894
1.10629e-06
0.00131884
3.35612e-07
0.00148136
9.24085e-07
0.00164264
3.25186e-06
0.00179697
7.31928e-06
0.00194495
1.3031e-05
0.00208186
2.00069e-05
0.00220073
2.72522e-05
0.00229898
3.37171e-05
0.00237611
3.89185e-05
0.00243424
4.33875e-05
0.0024736
4.8787e-05
0.00249745
5.71707e-05
0.00251754
6.86974e-05
0.00255217
7.79393e-05
7.62965e-05
2.26868e-05
1.03022e-06
4.59385e-05
2.96248e-06
7.22312e-05
4.72656e-06
0.000103768
6.36905e-06
0.000142468
7.87981e-06
0.000190072
9.19347e-06
0.000248157
1.02016e-05
0.00031813
1.07698e-05
0.000401179
1.07612e-05
0.000498215
1.00658e-05
0.000609812
8.63358e-06
0.000736136
6.50903e-06
0.000876881
3.85945e-06
0.00103119
9.90057e-07
0.00119752
-1.66414e-06
0.0013731
-3.57978e-06
0.00155623
-4.18663e-06
0.00174215
-2.99721e-06
0.00192831
2.39867e-07
0.0021149
5.57412e-06
0.00229593
1.27538e-05
0.00246559
2.10791e-05
0.00262013
2.96725e-05
0.00275704
3.79637e-05
0.00287248
4.61842e-05
0.00296023
5.57292e-05
0.00301834
6.88804e-05
0.00305371
8.66931e-05
0.00308636
0.000103915
0.000112115
2.26685e-05
1.13336e-06
4.59154e-05
3.25771e-06
7.22279e-05
5.19297e-06
0.000103829
6.98746e-06
0.000142675
8.62691e-06
0.000190561
1.00355e-05
0.000249148
1.10888e-05
0.000319963
1.16314e-05
0.000404357
1.1502e-05
0.000503464
1.05634e-05
0.000618145
8.73831e-06
0.000748926
6.04438e-06
0.000895947
2.62583e-06
0.00105889
-1.22762e-06
0.00123688
-5.08091e-06
0.00142843
-8.37887e-06
0.00163187
-1.04931e-05
0.00184427
-1.08178e-05
0.00206429
-8.8726e-06
0.00229039
-4.3433e-06
0.00251784
2.83026e-06
0.0027419
1.23654e-05
0.00295772
2.37422e-05
0.00315981
3.64736e-05
0.00333964
5.04322e-05
0.00348685
6.61247e-05
0.00359499
8.45932e-05
0.00366671
0.000105769
0.00372051
0.000123966
0.0001359
2.26658e-05
1.22838e-06
4.59199e-05
3.52915e-06
7.22592e-05
5.61989e-06
0.000103926
7.54967e-06
0.000142911
9.2996e-06
0.000191059
1.07835e-05
0.000250115
1.18609e-05
0.000321718
1.23562e-05
0.000407378
1.20832e-05
0.000508445
1.08773e-05
0.000626058
8.63115e-06
0.000761101
5.3316e-06
0.000914159
1.09283e-06
0.00108547
-3.82074e-06
0.00127486
-8.98734e-06
0.00148175
-1.38404e-05
0.00170527
-1.77035e-05
0.001944
-1.98541e-05
0.00219677
-1.95923e-05
0.00246209
-1.62906e-05
0.0027368
-9.46883e-06
0.00301665
1.1136e-06
0.00329617
1.54167e-05
0.00356763
3.31162e-05
0.00381965
5.3575e-05
0.00403852
7.57651e-05
0.00421263
9.80545e-05
0.00433873
0.000117319
0.00442866
0.00012713
0.000126036
2.26787e-05
1.315e-06
4.59509e-05
3.77591e-06
7.23215e-05
6.00591e-06
0.00010405
8.05385e-06
0.000143154
9.8959e-06
0.000191529
1.14357e-05
0.000250991
1.2518e-05
0.000323284
1.29472e-05
0.000410066
1.25138e-05
0.000512885
1.10259e-05
0.000633141
8.34571e-06
0.000772056
4.42703e-06
0.000930639
-6.50548e-07
0.00110965
-6.65553e-06
0.00130959
-1.31909e-05
0.00153068
-1.96955e-05
0.00177288
-2.5461e-05
0.00203586
-2.96655e-05
0.00231918
-3.14094e-05
0.00262198
-2.97468e-05
0.00294221
-2.37452e-05
0.00327642
-1.25973e-05
0.00361923
4.20039e-06
0.00396206
2.65544e-05
0.00429188
5.33276e-05
0.00459151
8.18246e-05
0.00484238
0.000107475
0.00503028
0.000124032
0.00515394
0.000125025
0.000110569
2.27079e-05
1.39305e-06
4.60092e-05
3.99756e-06
7.24136e-05
6.35038e-06
0.000104193
8.49926e-06
0.00014339
1.04153e-05
0.000191941
1.19927e-05
0.000251722
1.30621e-05
0.000324569
1.34103e-05
0.000412271
1.28059e-05
0.00051655
1.10317e-05
0.00063904
7.92053e-06
0.000781266
3.39309e-06
0.000944616
-2.50748e-06
0.00113033
-9.58734e-06
0.00133949
-1.7483e-05
0.00157301
-2.56526e-05
0.00183167
-3.33754e-05
0.00211601
-3.97578e-05
0.00242642
-4.37368e-05
0.00276289
-4.40849e-05
0.00312443
-3.94504e-05
0.00350868
-2.84863e-05
0.00391104
-1.01407e-05
0.00432333
1.58065e-05
0.00473215
4.79399e-05
0.00511755
8.23737e-05
0.00545288
0.000112568
0.00570793
0.000130803
0.00586134
0.000131828
0.000121734
2.27551e-05
1.46255e-06
4.60974e-05
4.19413e-06
7.2538e-05
6.65339e-06
0.000104357
8.88619e-06
0.000143615
1.08586e-05
0.000192277
1.24562e-05
0.000252271
1.34974e-05
0.000325507
1.37534e-05
0.00041388
1.29739e-05
0.00051926
1.09191e-05
0.000643479
7.3956e-06
0.000788313
2.29288e-06
0.000955475
-4.38164e-06
0.00114661
-1.24734e-05
0.00136328
-2.1658e-05
0.001607
-3.14239e-05
0.00187918
-4.10582e-05
0.00218114
-4.9629e-05
0.00251403
-5.59613e-05
0.00287863
-5.86159e-05
0.00327501
-5.59091e-05
0.00370198
-4.60502e-05
0.00415624
-2.75012e-05
0.00463104
3.22739e-07
0.00511414
3.60132e-05
0.00558528
7.51565e-05
0.00601272
0.000110367
0.00635113
0.000133732
0.00655341
0.000141184
0.000141224
2.28233e-05
1.52366e-06
4.62208e-05
4.36608e-06
7.27012e-05
6.91572e-06
0.000104548
9.21587e-06
0.00014383
1.12278e-05
0.000192534
1.28295e-05
0.000252623
1.38293e-05
0.00032606
1.39856e-05
0.000414824
1.30326e-05
0.000520898
1.07123e-05
0.000646269
6.80889e-06
0.000792912
1.18484e-06
0.00096279
-6.18522e-06
0.00115786
-1.51848e-05
0.00138007
-2.55307e-05
0.00163136
-3.67501e-05
0.00191368
-4.81559e-05
0.00222887
-5.88132e-05
0.00257868
-6.74949e-05
0.00296456
-7.264e-05
0.00338739
-7.23592e-05
0.00384702
-6.45702e-05
0.00434155
-4.73894e-05
0.00486604
-1.99094e-05
0.00541071
1.66349e-05
0.00595816
5.77389e-05
0.00647857
9.57494e-05
0.00692217
0.000122937
0.0072196
0.000136493
0.000142925
2.29175e-05
1.57708e-06
4.63884e-05
4.51538e-06
7.29152e-05
7.1404e-06
0.000104778
9.49226e-06
0.00014405
1.15277e-05
0.000192724
1.31186e-05
0.000252782
1.40652e-05
0.000326223
1.41164e-05
0.000415078
1.29953e-05
0.00052141
1.043e-05
0.000647318
6.18791e-06
0.000794916
1.09796e-07
0.000966338
-7.85784e-06
0.00116375
-1.76333e-05
0.00138937
-2.89738e-05
0.00164544
-4.14504e-05
0.00193421
-5.4417e-05
0.0022579
-6.69681e-05
0.00261858
-7.78837e-05
0.00301806
-8.55777e-05
0.00345767
-8.80963e-05
0.00393794
-8.32532e-05
0.00445787
-6.90229e-05
0.00501391
-4.43301e-05
0.00559837
-1.02648e-05
0.0061974
2.86361e-05
0.00678705
6.41329e-05
0.00732282
8.70162e-05
0.00772109
9.2666e-05
0.000100397
0.000229567
-0.000189103
0.00046903
-0.000192243
0.00076905
-0.000193028
0.00106822
-0.000185947
0.0013312
-0.000173427
0.00154139
-0.000157195
0.00169178
-0.000139276
0.00178224
-0.000121059
0.00181736
-0.0001035
0.00180378
-8.72759e-05
0.00174905
-7.27025e-05
0.00166159
-5.99227e-05
0.00154845
-4.87889e-05
0.00141598
-3.89787e-05
0.00127136
-3.04672e-05
0.00112119
-2.32577e-05
0.000971657
-1.72463e-05
0.000827924
-1.23699e-05
0.000693693
-8.5217e-06
0.000571456
-5.57187e-06
0.000462719
-3.38539e-06
0.000368106
-1.82922e-06
0.00028748
-7.76806e-07
0.000220076
-1.12806e-07
0.000164642
2.6303e-07
0.000119555
4.3348e-07
8.28919e-05
4.63059e-07
5.24607e-05
3.98586e-07
2.57495e-05
2.70839e-07
9.76588e-08
0.000441899
-0.00035183
0.000662634
-0.000358987
0.000934387
-0.000360977
0.00120578
-0.000350682
0.00144478
-0.000329842
0.00163452
-0.000301086
0.00176719
-0.000268194
0.00184266
-0.000234153
0.00186517
-0.000201008
0.00184078
-0.00017008
0.00177648
-0.000142012
0.0016814
-0.000117122
0.00156286
-9.54002e-05
0.001426
-7.64135e-05
0.00127771
-5.98887e-05
0.00112458
-4.57381e-05
0.000972778
-3.39002e-05
0.000827568
-2.42988e-05
0.000692443
-1.67231e-05
0.000569727
-1.09169e-05
0.000460805
-6.61486e-06
0.000366207
-3.555e-06
0.000285725
-1.48791e-06
0.000218542
-1.86127e-07
0.000163368
5.48086e-07
0.000118552
8.77978e-07
8.21627e-05
9.30713e-07
5.20004e-05
7.98466e-07
2.55459e-05
5.4167e-07
1.95176e-07
0.000808616
-0.000483017
0.00100003
-0.000489518
0.00122866
-0.000493653
0.00145664
-0.000484387
0.00165631
-0.000460329
0.00181083
-0.000423875
0.00191256
-0.000380218
0.00196183
-0.000333996
0.00196184
-0.000288375
0.00191782
-0.00024526
0.0018361
-0.000205633
0.00172609
-0.000169927
0.00159619
-0.000138419
0.00145118
-0.000111052
0.00129664
-8.73432e-05
0.00113781
-6.68723e-05
0.000981124
-4.95955e-05
0.000832599
-3.55274e-05
0.000695238
-2.44294e-05
0.000571046
-1.5922e-05
0.000461194
-9.61856e-06
0.000366055
-5.13684e-06
0.000285298
-2.11176e-06
0.000218015
-2.09923e-07
0.000162851
8.58774e-07
0.000118111
1.33392e-06
8.18308e-05
1.40214e-06
5.17934e-05
1.19862e-06
2.54595e-05
8.11764e-07
2.92295e-07
0.00126253
-0.00056656
0.00141899
-0.000578936
0.00160334
-0.000590414
0.00178536
-0.000586801
0.00193957
-0.000563632
0.00205115
-0.000523563
0.00211455
-0.000473297
0.00213029
-0.000418741
0.00210075
-0.00036396
0.00203048
-0.000311445
0.00192564
-0.000262502
0.00179471
-0.000217742
0.00164702
-0.000177644
0.00148948
-0.000142545
0.00132662
-0.000112219
0.00116016
-8.61146e-05
0.000996441
-6.39662e-05
0.000843024
-4.58177e-05
0.000702202
-3.14811e-05
0.000575587
-2.04815e-05
0.000464073
-1.23289e-05
0.000367826
-6.53337e-06
0.000286353
-2.62454e-06
0.000218625
-1.71495e-07
0.000163195
1.20115e-06
0.000118305
1.80371e-06
8.19444e-05
1.87796e-06
5.18644e-05
1.59895e-06
2.54982e-05
1.08089e-06
3.88915e-07
0.00173739
-0.00060772
0.00186908
-0.00063962
0.00202066
-0.000662284
0.00216315
-0.000665457
0.00227267
-0.000644272
0.00233889
-0.000602607
0.0023597
-0.000548371
0.00233695
-0.000488415
0.00227316
-0.000427427
0.00217168
-0.000368177
0.00203873
-0.000312068
0.00188213
-0.000259904
0.00171266
-0.000212557
0.00153866
-0.000170757
0.00136353
-0.000134448
0.00118733
-0.00010317
0.0010158
-7.66766e-05
0.0008565
-5.49397e-05
0.00071137
-3.77139e-05
0.000581681
-2.4479e-05
0.000468032
-1.46657e-05
0.000370339
-7.6914e-06
0.000287915
-2.99235e-06
0.000219578
-5.03201e-08
0.000163771
1.58689e-06
0.000118652
2.29345e-06
8.21551e-05
2.361e-06
5.19908e-05
2.00053e-06
2.55612e-05
1.34934e-06
4.85071e-07
0.00219943
-0.000659731
0.00232992
-0.000701428
0.00246458
-0.00072697
0.00257543
-0.000730361
0.00264369
-0.000708028
0.00266381
-0.000664525
0.00263708
-0.000607396
0.00256983
-0.000543564
0.00246755
-0.000478421
0.00233254
-0.000414924
0.00216905
-0.000353966
0.00198389
-0.000296134
0.00179008
-0.000242751
0.00159702
-0.000195211
0.00140597
-0.000153724
0.0012178
-0.000117884
0.00103808
-8.75885e-05
0.000872242
-6.27499e-05
0.000722198
-4.30127e-05
0.00058896
-2.78302e-05
0.000472823
-1.657e-05
0.000373432
-8.57151e-06
0.000289879
-3.19004e-06
0.00022081
1.68774e-07
0.000164538
2.02453e-06
0.000119129
2.8075e-06
8.24514e-05
2.85316e-06
5.21679e-05
2.404e-06
2.56478e-05
1.61719e-06
5.80746e-07
0.00267878
-0.000754298
0.00281753
-0.000781946
0.00293917
-0.000794424
0.00301869
-0.0007873
0.00304515
-0.000758449
0.0030175
-0.000711609
0.00293957
-0.000652468
0.00282099
-0.000586521
0.00267355
-0.000518685
0.00250195
-0.000452
0.00230746
-0.000387417
0.0020945
-0.000325564
0.00187522
-0.000267789
0.00166071
-0.000215642
0.00145219
-0.000169779
0.0012511
-0.000130134
0.00106236
-9.66473e-05
0.000889454
-6.91712e-05
0.0007341
-4.73102e-05
0.000597014
-3.04837e-05
0.000478169
-1.80056e-05
0.000376923
-9.14949e-06
0.000292128
-3.20246e-06
0.000222247
4.94631e-07
0.000165453
2.51873e-06
0.000119712
3.34796e-06
8.28197e-05
3.35511e-06
5.239e-05
2.80933e-06
2.57559e-05
1.88426e-06
6.75837e-07
0.00322911
-0.000863511
0.00335986
-0.000868353
0.00345441
-0.000858338
0.00349236
-0.00083436
0.00346977
-0.000795826
0.00339013
-0.000744802
0.00325996
-0.000684533
0.00308879
-0.000618384
0.00289143
-0.000549557
0.00267705
-0.000480597
0.00244788
-0.000413094
0.00220726
-0.000348256
0.00196358
-0.000287413
0.00172688
-0.000231915
0.00150034
-0.000182632
0.00128609
-0.000139907
0.0010876
-0.000103809
0.000907313
-7.41728e-05
0.000746472
-5.05803e-05
0.000605421
-3.24197e-05
0.000483786
-1.89585e-05
0.000380624
-9.41659e-06
0.000294543
-3.02468e-06
0.000223815
9.29499e-07
0.000166472
3.07005e-06
0.000120374
3.91445e-06
8.32465e-05
3.8661e-06
5.26506e-05
3.21575e-06
2.58833e-05
2.14996e-06
7.70132e-07
0.00387042
-0.000948411
0.00396531
-0.000932164
0.00401032
-0.000903562
0.0039912
-0.000865247
0.00390902
-0.000818593
0.00377075
-0.000764549
0.00358553
-0.00070417
0.00336328
-0.000638927
0.00311698
-0.000570618
0.00285716
-0.000501107
0.00258944
-0.000432114
0.00231849
-0.000365255
0.00205045
-0.000302112
0.00179242
-0.000244109
0.00154837
-0.000192284
0.00132098
-0.000147213
0.00111264
-0.000109088
0.000924978
-7.77697e-05
0.000758716
-5.28352e-05
0.000613765
-3.3647e-05
0.000489391
-1.94359e-05
0.000384348
-9.37861e-06
0.000297004
-2.6616e-06
0.00022544
1.46923e-06
0.00016755
3.67506e-06
0.000121092
4.5042e-06
8.37189e-05
4.38398e-06
5.29438e-05
3.62173e-06
2.60279e-05
2.41336e-06
8.63308e-07
0.00457296
-0.000971341
0.00461249
-0.000955362
0.00459113
-0.000920781
0.00450205
-0.000876434
0.00435108
-0.000826358
0.00414792
-0.000771859
0.00390355
-0.00071287
0.00362895
-0.000649568
0.00333524
-0.00058278
0.0030321
-0.000513887
0.00272675
-0.000444596
0.00242503
-0.000376751
0.00213247
-0.000312172
0.00185423
-0.000252472
0.00159394
-0.000198878
0.00135405
-0.000152139
0.0011363
-0.000112552
0.000941638
-8.00193e-05
0.000770264
-5.41199e-05
0.000621655
-3.42001e-05
0.000494721
-1.94635e-05
0.000387925
-9.05454e-06
0.000299401
-2.1271e-06
0.000227056
2.10381e-06
0.000168648
4.32658e-06
0.000121843
5.11219e-06
8.4226e-05
4.9053e-06
5.32648e-05
4.02503e-06
2.61879e-05
2.67319e-06
9.54941e-07
0.00527998
-0.00095422
0.00526429
-0.000947545
0.00517191
-0.000915466
0.0050063
-0.000871393
0.00478089
-0.000821767
0.00450913
-0.000768936
0.00420362
-0.000712503
0.00387569
-0.00065191
0.00353556
-0.000587351
0.00319204
-0.000519869
0.00285232
-0.00045113
0.00252224
-0.000383131
0.00220675
-0.000317904
0.00191
-0.000257263
0.00163503
-0.000202608
0.00138382
-0.000154832
0.00115753
-0.00011432
0.000956559
-8.10154e-05
0.000780607
-5.4508e-05
0.000628745
-3.41352e-05
0.000499546
-1.9083e-05
0.000391204
-8.47482e-06
0.000301643
-1.44291e-06
0.000228607
2.81799e-06
0.000169736
5.01415e-06
0.000122611
5.73135e-06
8.47604e-05
5.42546e-06
5.36107e-05
4.42276e-06
2.63626e-05
2.92783e-06
1.04451e-06
0.00595887
-0.00093479
0.00589484
-0.000930112
0.0057303
-0.000899976
0.00548439
-0.000857042
0.00518178
-0.000808934
0.00484062
-0.000758477
0.00447484
-0.000705007
0.00409554
-0.000647425
0.00371193
-0.000585456
0.00333175
-0.000519877
0.00296142
-0.000452305
0.00260623
-0.000384835
0.0022705
-0.000319664
0.0019576
-0.000258774
0.00166996
-0.000203712
0.00140902
-0.000155482
0.00117544
-0.000114545
0.00096912
-8.08819e-05
0.000789318
-5.40968e-05
0.000634744
-3.35265e-05
0.000503675
-1.83498e-05
0.000394066
-7.67963e-06
0.000303655
-6.37518e-07
0.00023005
3.59204e-06
0.00017079
5.72441e-06
0.000123387
6.35287e-06
8.53187e-05
5.93881e-06
5.39811e-05
4.81148e-06
2.65523e-05
3.17544e-06
1.13142e-06
0.00661735
-0.000919334
0.00649452
-0.00091198
0.0062469
-0.000880592
0.00591538
-0.000837383
0.00553516
-0.000790497
0.00512732
-0.000742386
0.0047056
-0.00069186
0.00427991
-0.000637303
0.00385798
-0.000578054
0.00344622
-0.000514672
0.00305002
-0.000448719
0.00267387
-0.000382342
0.00232139
-0.000317847
0.0019953
-0.000257338
0.00169742
-0.000202465
0.0014287
-0.000154318
0.00118935
-0.000113414
0.00097884
-7.97687e-05
0.000796071
-5.30039e-05
0.000639439
-3.24643e-05
0.000506971
-1.7331e-05
0.000396425
-6.7177e-06
0.00030539
2.54609e-07
0.000231362
4.4022e-06
0.000171802
6.44139e-06
0.000124167
6.9663e-06
8.59025e-05
6.43872e-06
5.43787e-05
5.1872e-06
2.67589e-05
3.41387e-06
1.21498e-06
0.00725728
-0.000904154
0.00703705
-0.000892076
0.00668858
-0.000855482
0.00627019
-0.000811512
0.00581851
-0.000766509
0.00535268
-0.000721271
0.00488406
-0.000673889
0.00442042
-0.000622399
0.00396777
-0.000565935
0.00353114
-0.00050495
0.00311489
-0.000440968
0.00272273
-0.000376159
0.00235766
-0.000312888
0.00202181
-0.000253325
0.00171647
-0.000199183
0.00144218
-0.000151603
0.00119877
-0.000111142
0.000985393
-7.7849e-05
0.00080065
-5.13652e-05
0.000642692
-3.10522e-05
0.000509352
-1.6104e-05
0.000398237
-5.64515e-06
0.000306826
1.19378e-06
0.000232536
5.22112e-06
0.000172773
7.14672e-06
0.000124959
7.55966e-06
8.65187e-05
6.91764e-06
5.48092e-05
5.54539e-06
2.69857e-05
3.64068e-06
1.29441e-06
0.00776253
-0.000882345
0.00743287
-0.000835287
0.00699441
-0.000808096
0.00650954
-0.000772411
0.00600676
-0.00073411
0.00550049
-0.000694082
0.00499956
-0.00065084
0.00451
-0.000602815
0.00403656
-0.000549365
0.00358329
-0.00049104
0.00315374
-0.000429397
0.00275116
-0.00036662
0.00237813
-0.000305097
0.00203629
-0.00024702
0.00172652
-0.000194117
0.00144904
-0.000147552
0.00120341
-0.000107911
0.000988591
-7.52683e-05
0.000802941
-4.9295e-05
0.000644441
-2.93772e-05
0.000510788
-1.47325e-05
0.000399496
-4.50713e-06
0.000307971
2.1494e-06
0.000233585
6.02905e-06
0.000173719
7.82844e-06
0.000125779
8.12629e-06
8.71816e-05
7.37225e-06
5.52831e-05
5.88466e-06
2.72381e-05
3.85544e-06
1.36963e-06
2.39155e-05
1.62333e-06
4.83754e-05
4.64367e-06
7.59669e-05
7.33036e-06
0.000109048
9.71992e-06
0.000149763
1.17651e-05
0.000200178
1.33329e-05
0.000262353
1.42183e-05
0.000338375
1.41641e-05
0.000430378
1.28863e-05
0.000540552
1.01046e-05
0.000671148
5.57534e-06
0.000824446
-8.76449e-07
0.00100275
-9.3271e-06
0.00120843
-1.97256e-05
0.00144393
-3.18675e-05
0.00171172
-4.53705e-05
0.00201431
-5.96421e-05
0.00235413
-7.38356e-05
0.0027334
-8.67931e-05
0.00315397
-9.6994e-05
0.00361721
-0.000102558
0.00412377
-0.000101385
0.00467272
-9.1528e-05
0.00526061
-7.19388e-05
0.00587961
-4.36343e-05
0.00651578
-1.10201e-05
0.0071475
1.73719e-05
0.00773452
3.03917e-05
0.00818742
1.98506e-05
-1.94309e-05
0.00852229
2.46145e-05
1.66192e-06
4.97482e-05
4.74982e-06
7.80309e-05
7.48477e-06
0.000111859
9.89955e-06
0.000153409
1.19437e-05
0.000204778
1.34814e-05
0.000268059
1.43047e-05
0.000345374
1.41541e-05
0.0004389
1.27429e-05
0.000550891
9.78755e-06
0.000683696
5.0397e-06
0.000839675
-1.68478e-06
0.00102117
-1.04799e-05
0.00123063
-2.13212e-05
0.00147056
-3.40399e-05
0.00174351
-4.83011e-05
0.00205201
-6.35754e-05
0.00239848
-7.90993e-05
0.00278497
-9.38241e-05
0.00321292
-0.000106371
0.00368317
-0.000115045
0.00419594
-0.000117984
0.00474938
-0.000113508
0.00533908
-0.000100753
0.00595572
-8.06598e-05
0.00658219
-5.71082e-05
0.00719525
-3.76209e-05
0.00775817
-3.2699e-05
0.00819738
-5.2033e-05
-0.000103521
0.00843865
2.52992e-05
1.6924e-06
5.10839e-05
4.83282e-06
8.00161e-05
7.60282e-06
0.000114519
1.00317e-05
0.000156788
1.20669e-05
0.000208936
1.35715e-05
0.000273065
1.43382e-05
0.000351303
1.41082e-05
0.000445831
1.25966e-05
0.000558921
9.52136e-06
0.000693023
4.63674e-06
0.000850538
-2.24259e-06
0.00103372
-1.12239e-05
0.00124493
-2.2306e-05
0.00148667
-3.53517e-05
0.0017614
-5.00716e-05
0.00207149
-6.60033e-05
0.00241922
-8.24828e-05
0.00280622
-9.86025e-05
0.00323309
-0.000113174
0.00369957
-0.000124755
0.00420511
-0.000131812
0.0047467
-0.000133042
0.00531785
-0.00012785
0.00590745
-0.000117081
0.00649586
-0.00010386
0.00705691
-9.40906e-05
0.00755706
-9.61605e-05
0.00794321
-0.000119066
-0.000167287
0.00814215
2.59434e-05
1.71464e-06
5.233e-05
4.89248e-06
8.1841e-05
7.68489e-06
0.000116913
1.01181e-05
0.000159744
1.21388e-05
0.000212445
1.36113e-05
0.000277104
1.43312e-05
0.000355821
1.40449e-05
0.000450723
1.24726e-05
0.000564023
9.33699e-06
0.000698353
4.40374e-06
0.000856186
-2.50198e-06
0.00103943
-1.14981e-05
0.00125024
-2.26069e-05
0.00149101
-3.57171e-05
0.00176397
-5.05794e-05
0.00207115
-6.67947e-05
0.00241455
-8.38026e-05
0.00279537
-0.000100856
0.00321309
-0.000116975
0.00366603
-0.000130987
0.00415252
-0.000141706
0.00466868
-0.00014819
0.00520569
-0.000150077
0.00575046
-0.000148097
0.00628339
-0.000144632
0.00677815
-0.000144016
0.00720368
-0.00015227
0.00751854
-0.000175722
-0.000215463
0.00766777
2.65233e-05
1.72836e-06
5.34398e-05
4.92828e-06
8.34357e-05
7.73107e-06
0.000118946
1.01609e-05
0.000162159
1.2165e-05
0.000215161
1.36114e-05
0.000280007
1.43021e-05
0.000358737
1.39915e-05
0.00045336
1.24084e-05
0.000565808
9.27842e-06
0.000699005
4.38072e-06
0.000855841
-2.428e-06
0.00103754
-1.12644e-05
0.0012457
-2.21819e-05
0.00148266
-3.50932e-05
0.00175034
-4.97805e-05
0.00205026
-6.59047e-05
0.00238394
-8.29996e-05
0.00275209
-0.000100459
0.0031532
-0.000117502
0.0035845
-0.000133221
0.00404278
-0.000146732
0.00452281
-0.000157358
0.00501473
-0.000164878
0.00550444
-0.000169878
0.00597333
-0.000174076
0.00639746
-0.000180429
0.00674896
-0.000192822
0.00699499
-0.000215011
-0.000246157
0.0071009
2.70049e-05
1.73193e-06
5.4349e-05
4.93618e-06
8.47054e-05
7.73609e-06
0.000120492
1.01542e-05
0.000163869
1.21401e-05
0.000216886
1.35679e-05
0.000281546
1.4249e-05
0.000359813
1.39504e-05
0.000453564
1.24147e-05
0.000564419
9.38037e-06
0.000695284
4.63304e-06
0.0008494
-1.959e-06
0.00102755
-1.0494e-05
0.00123074
-2.10259e-05
0.00146108
-3.34876e-05
0.00172012
-4.76935e-05
0.00200892
-6.33598e-05
0.00232821
-8.00983e-05
0.00267787
-9.74107e-05
0.00305588
-0.000114685
0.00345879
-0.000131239
0.003882
-0.000146418
0.00431885
-0.000159726
0.00475928
-0.000171005
0.00518957
-0.00018065
0.00559242
-0.000189774
0.00594707
-0.0002002
0.00623024
-0.000214162
0.0064174
-0.000233577
-0.00025685
0.00648911
2.73597e-05
1.72684e-06
5.50006e-05
4.9201e-06
8.55596e-05
7.70534e-06
0.000121418
1.01041e-05
0.00016469
1.20695e-05
0.000217369
1.34837e-05
0.000281386
1.41705e-05
0.000358623
1.39125e-05
0.000450871
1.2472e-05
0.000559733
9.61232e-06
0.000687569
5.13024e-06
0.000837087
-1.11523e-06
0.00100936
-9.20797e-06
0.00120527
-1.91759e-05
0.00142637
-3.09593e-05
0.00167371
-4.44027e-05
0.00194786
-5.92647e-05
0.0022488
-7.52196e-05
0.00257552
-9.18587e-05
0.00292556
-0.000108699
0.00329497
-0.000125216
0.00367833
-0.000140913
0.00406825
-0.000155406
0.00445472
-0.000168538
0.00482501
-0.000180501
0.00516383
-0.000191903
0.00545388
-0.000203721
0.0056769
-0.000217057
0.00581549
-0.000232708
-0.000249022
0.00586035
2.75777e-05
1.71423e-06
5.53702e-05
4.88294e-06
8.59581e-05
7.64324e-06
0.000121666
1.00167e-05
0.000164542
1.19614e-05
0.0002165
1.33689e-05
0.000279377
1.40772e-05
0.000354953
1.38872e-05
0.00044493
1.25825e-05
0.000550939
9.95108e-06
0.000674786
5.80996e-06
0.000818393
2.64884e-08
0.000983061
-7.4755e-06
0.00116971
-1.67104e-05
0.00137925
-2.7618e-05
0.00161227
-4.00595e-05
0.00186878
-5.38237e-05
0.00214814
-6.86313e-05
0.0024487
-8.41403e-05
0.00276753
-9.99582e-05
0.00310031
-0.000115668
0.00344126
-0.000130869
0.00378288
-0.000145237
0.00411567
-0.000158588
0.00442826
-0.000170935
0.00470767
-0.000182517
0.00494004
-0.000193739
0.00511167
-0.000205023
0.00521067
-0.000216565
-0.000227009
0.00523433
2.76374e-05
1.69278e-06
5.54171e-05
4.82141e-06
8.58443e-05
7.54552e-06
0.000121169
9.88768e-06
0.000163354
1.1812e-05
0.000214215
1.3221e-05
0.000275474
1.39685e-05
0.000348784
1.38751e-05
0.000435715
1.27473e-05
0.00053776
1.03972e-05
0.000656408
6.66326e-06
0.000793108
1.42793e-06
0.000948957
-5.37259e-06
0.00112469
-1.3742e-05
0.00132081
-2.36178e-05
0.00153741
-3.4871e-05
0.00177404
-4.73109e-05
0.00202953
-6.06907e-05
0.00230178
-7.4716e-05
0.00258753
-8.90553e-05
0.00288229
-0.000103359
0.00318027
-0.000117289
0.0034743
-0.000130547
0.00375576
-0.000142917
0.00401485
-0.000154288
0.00424093
-0.000164663
0.00442324
-0.000174112
0.00455187
-0.000182697
0.00461894
-0.000190354
-0.000196134
0.00462598
2.75173e-05
1.66297e-06
5.51025e-05
4.73689e-06
8.51664e-05
7.41418e-06
0.000119866
9.71924e-06
0.000161063
1.1623e-05
0.000210461
1.30402e-05
0.000269653
1.38412e-05
0.000340141
1.38676e-05
0.000423335
1.29489e-05
0.000520544
1.09215e-05
0.000632991
7.64611e-06
0.000761759
3.02314e-06
0.000907656
-2.99708e-06
0.00107116
-1.04083e-05
0.0012524
-1.9145e-05
0.00145108
-2.90841e-05
0.00166633
-4.00489e-05
0.0018966
-5.18167e-05
0.00213948
-6.41261e-05
0.00239158
-7.66877e-05
0.00264843
-8.91975e-05
0.00290453
-0.000101355
0.00315329
-0.000112882
0.00338722
-0.000123544
0.00359812
-0.000133162
0.00377753
-0.000141612
0.00391739
-0.000148807
0.00401069
-0.000154656
0.0040524
-0.000159021
-0.00016135
0.00404679
2.72085e-05
1.62495e-06
5.44108e-05
4.62963e-06
8.39043e-05
7.24939e-06
0.000117737
9.51092e-06
0.000157659
1.13926e-05
0.000205245
1.28219e-05
0.000261947
1.36865e-05
0.000329107
1.38487e-05
0.000407957
1.31615e-05
0.000499604
1.14848e-05
0.000605014
8.70154e-06
0.000724974
4.73057e-06
0.000860002
-4.63592e-07
0.00101029
-6.86554e-06
0.00117566
-1.44071e-05
0.00135549
-2.29693e-05
0.0015486
-3.23872e-05
0.00175317
-4.24565e-05
0.00196666
-5.29418e-05
0.00218566
-6.3585e-05
0.00240596
-7.41165e-05
0.00262248
-8.42666e-05
0.00282946
-9.37783e-05
0.00302054
-0.000102419
0.0031891
-0.000109988
0.0033286
-0.00011632
0.00343315
-0.000121275
0.00349799
-0.000124729
0.00352006
-0.000126561
-0.00012654
0.00350528
2.67043e-05
1.57887e-06
5.33298e-05
4.50002e-06
8.20446e-05
7.0513e-06
0.000114773
9.26209e-06
0.000153141
1.11184e-05
0.000198588
1.25605e-05
0.000252416
1.34932e-05
0.000315802
1.37996e-05
0.000389792
1.3355e-05
0.000475287
1.20422e-05
0.00057302
9.76506e-06
0.000683514
6.45999e-06
0.000807026
2.10451e-06
0.00094349
-3.27826e-06
0.00109247
-9.61858e-06
0.00125308
-1.68022e-05
0.00142395
-2.46754e-05
0.00160313
-3.3051e-05
0.00178805
-4.17164e-05
0.00197545
-5.04414e-05
0.00216147
-5.89869e-05
0.00234163
-6.71138e-05
0.00251099
-7.45921e-05
0.00266437
-8.12096e-05
0.00279654
-8.67782e-05
0.00290261
-9.11378e-05
0.00297839
-9.41576e-05
0.00302079
-9.57352e-05
0.00302812
-9.57973e-05
-9.43425e-05
0.00300716
2.60033e-05
1.52496e-06
5.18593e-05
4.34855e-06
7.95916e-05
6.82022e-06
0.00011099
8.97206e-06
0.000147546
1.07977e-05
0.00019056
1.22496e-05
0.000241181
1.32496e-05
0.000300419
1.37001e-05
0.000369138
1.34979e-05
0.000448042
1.25468e-05
0.000537649
1.07699e-05
0.000638256
8.11939e-06
0.000749893
4.58386e-06
0.000872277
1.92002e-07
0.00100477
-4.98676e-06
0.00114633
-1.08446e-05
0.00129547
-1.724e-05
0.00145021
-2.40037e-05
0.00160807
-3.0946e-05
0.00176606
-3.7864e-05
0.00192073
-4.45493e-05
0.00206825
-5.07956e-05
0.00220454
-5.64059e-05
0.00232544
-6.12e-05
0.00242698
-6.50202e-05
0.0025056
-6.77368e-05
0.00255843
-6.92518e-05
0.00258356
-6.95024e-05
0.00258026
-6.84643e-05
-6.62782e-05
0.00255563
2.51109e-05
1.46354e-06
5.00113e-05
4.17591e-06
7.65691e-05
6.55666e-06
0.000106431
8.64043e-06
0.000140947
1.04279e-05
0.000181277
1.18832e-05
0.000228418
1.29438e-05
0.000283219
1.35303e-05
0.000346371
1.35591e-05
0.000418396
1.2953e-05
0.000499624
1.1652e-05
0.000590159
9.6218e-06
0.000689846
6.85959e-06
0.000798239
3.3973e-06
0.000914561
-6.98293e-07
0.00103768
-5.32785e-06
0.00116608
-1.03639e-05
0.00129785
-1.56564e-05
0.00143068
-2.10399e-05
0.00156191
-2.63394e-05
0.00168854
-3.13782e-05
0.0018074
-3.59842e-05
0.00191519
-3.99964e-05
0.0020087
-4.32713e-05
0.00208496
-4.56882e-05
0.00214148
-4.71544e-05
0.00217638
-4.76091e-05
0.00218862
-4.70272e-05
0.00217806
-4.54215e-05
-4.30048e-05
0.00215172
2.40383e-05
1.395e-06
4.78101e-05
3.98304e-06
7.30191e-05
6.26156e-06
0.000101162
8.26729e-06
0.000133448
1.00072e-05
0.000170895
1.14561e-05
0.000214353
1.25655e-05
0.00026452
1.32726e-05
0.000321928
1.3511e-05
0.000386941
1.32203e-05
0.000459723
1.23549e-05
0.000540226
1.08914e-05
0.000628154
8.83304e-06
0.000722947
6.21259e-06
0.000823751
3.09201e-06
0.000929408
-4.39834e-07
0.00103845
-4.27118e-06
0.00114908
-8.27272e-06
0.00125924
-1.23036e-05
0.00136661
-1.62175e-05
0.00146869
-1.98694e-05
0.00156287
-2.31209e-05
0.00164659
-2.58465e-05
0.00171742
-2.79385e-05
0.00177322
-2.93117e-05
0.00181231
-2.99073e-05
0.00183355
-2.96963e-05
0.00183648
-2.86814e-05
0.00182133
-2.68976e-05
-2.45801e-05
0.00179478
2.28029e-05
1.31984e-06
4.52915e-05
3.77122e-06
6.90009e-05
5.93639e-06
9.5275e-05
7.85353e-06
0.000125183
9.53494e-06
0.000159603
1.09648e-05
0.000199251
1.21068e-05
0.000244682
1.29128e-05
0.000296291
1.33314e-05
0.000354301
1.33163e-05
0.000418748
1.28338e-05
0.000489464
1.18685e-05
0.000566057
1.04278e-05
0.000647899
8.54294e-06
0.000734112
6.26923e-06
0.000823568
3.68368e-06
0.000914888
8.8128e-07
0.00100647
-2.02973e-06
0.00109649
-4.93324e-06
0.00118301
-7.71086e-06
0.00126396
-1.02474e-05
0.0013373
-1.24361e-05
0.00140106
-1.41832e-05
0.00145345
-1.54126e-05
0.00149301
-1.60688e-05
0.00151865
-1.61199e-05
0.00152975
-1.55592e-05
0.00152623
-1.44062e-05
0.00150855
-1.27056e-05
-1.06819e-05
0.00148286
2.14274e-05
1.23871e-06
4.2502e-05
3.54211e-06
6.45892e-05
5.58328e-06
8.88807e-05
7.4011e-06
0.000116308
9.01203e-06
0.00014762
1.0408e-05
0.000183405
1.15634e-05
0.000224093
1.24423e-05
0.00026996
1.30058e-05
0.000321116
1.32192e-05
0.000377496
1.30582e-05
0.000438847
1.25135e-05
0.000504721
1.15939e-05
0.000574465
1.03279e-05
0.000647219
8.76285e-06
0.000721925
6.96321e-06
0.000797336
5.00709e-06
0.000872042
2.98217e-06
0.000944509
9.81023e-07
0.00101312
-9.0369e-07
0.00107624
-2.58384e-06
0.00113228
-3.98012e-06
0.00117978
-5.02582e-06
0.00121747
-5.66995e-06
0.00124439
-5.87961e-06
0.00125989
-5.64149e-06
0.0012637
-4.96253e-06
0.00125598
-3.8695e-06
0.0012373
-2.40754e-06
-7.72064e-07
0.00121321
1.99393e-05
1.15236e-06
3.9497e-05
3.29776e-06
5.98713e-05
5.20512e-06
8.21051e-05
6.91312e-06
0.000106999
8.44122e-06
0.000135181
9.78757e-06
0.000167124
1.09352e-05
0.000203152
1.18582e-05
0.000243441
1.2528e-05
0.000288011
1.29191e-05
0.000336726
1.30142e-05
0.000389281
1.2808e-05
0.000445203
1.23095e-05
0.000503848
1.15429e-05
0.00056441
1.05474e-05
0.000625927
9.37488e-06
0.000687303
8.08738e-06
0.000747336
6.7535e-06
0.000804755
5.44455e-06
0.000858258
4.23054e-06
0.000906573
3.17647e-06
0.000948506
2.33899e-06
0.000983004
1.76352e-06
0.00100921
1.48216e-06
0.0010265
1.51228e-06
0.00103455
1.85583e-06
0.00103334
2.49957e-06
0.00102315
3.41604e-06
0.00100457
4.56533e-06
5.78944e-06
0.000982523
1.83695e-05
1.06171e-06
3.63386e-05
3.04065e-06
5.49438e-05
4.80552e-06
7.50856e-05
6.39395e-06
9.74417e-05
7.82716e-06
0.00012253
9.10798e-06
0.000150723
1.02262e-05
0.000182254
1.1164e-05
0.000217219
1.19007e-05
0.000255575
1.24181e-05
0.000297135
1.27039e-05
0.000341572
1.27552e-05
0.000388415
1.25799e-05
0.000437058
1.21978e-05
0.000486765
1.16396e-05
0.000536691
1.09456e-05
0.000585898
1.01633e-05
0.000633386
9.34452e-06
0.000678127
8.5422e-06
0.000719101
7.80742e-06
0.000755341
7.1864e-06
0.000785974
6.71806e-06
0.000810267
6.43203e-06
0.000827662
6.34732e-06
0.000837807
6.47157e-06
0.000840583
6.80106e-06
0.000836105
7.32128e-06
0.000824727
8.00818e-06
0.000807021
8.82981e-06
9.66689e-06
0.000787255
1.67519e-05
9.67734e-07
3.30941e-05
2.77356e-06
4.99098e-05
4.38875e-06
6.79658e-05
5.84906e-06
8.7827e-05
7.17634e-06
0.000109913
8.37663e-06
0.00013451
9.44486e-06
0.000161778
1.03692e-05
0.000191752
1.11353e-05
0.000224343
1.173e-05
0.00025934
1.21447e-05
0.000296413
1.23776e-05
0.000335115
1.24351e-05
0.000374894
1.23322e-05
0.000415101
1.2092e-05
0.00045501
1.17445e-05
0.000493842
1.13248e-05
0.000530784
1.08703e-05
0.000565024
1.04192e-05
0.000595783
1.00074e-05
0.000622345
9.6665e-06
0.000644094
9.42243e-06
0.000660538
9.29377e-06
0.000671341
9.29114e-06
0.000676334
9.41692e-06
0.000675532
9.6656e-06
0.000669129
1.00245e-05
0.000657495
1.04748e-05
0.000641156
1.09934e-05
1.14965e-05
0.000623763
1.51217e-05
8.71487e-07
2.98329e-05
2.49947e-06
4.48749e-05
3.95949e-06
6.08908e-05
5.2847e-06
7.83439e-05
6.49658e-06
9.75683e-05
7.6031e-06
0.000118778
8.6028e-06
0.000142074
9.4883e-06
0.000167448
1.02497e-05
0.000194783
1.08778e-05
0.000223862
1.13662e-05
0.000254368
1.17134e-05
0.000285892
1.19242e-05
0.000317947
1.20091e-05
0.000349977
1.19846e-05
0.000381377
1.18722e-05
0.000411509
1.16965e-05
0.000439733
1.14839e-05
0.000465424
1.12605e-05
0.000488
1.10509e-05
0.000506948
1.08761e-05
0.000521848
1.07529e-05
0.000532392
1.06925e-05
0.000538396
1.07008e-05
0.000539815
1.0778e-05
0.000536743
1.09192e-05
0.000529409
1.11147e-05
0.000518168
1.13518e-05
0.000503487
1.16153e-05
1.18514e-05
0.000488443
1.35147e-05
7.74006e-07
2.66255e-05
2.22136e-06
3.99444e-05
3.52254e-06
5.40029e-05
4.70749e-06
6.91747e-05
5.79649e-06
8.57202e-05
6.79835e-06
0.000103795
7.71396e-06
0.000123455
8.53905e-06
0.000144662
9.26693e-06
0.000167289
9.89091e-06
0.000191122
1.04062e-05
0.00021587
1.08114e-05
0.000241172
1.11092e-05
0.000266611
1.13066e-05
0.000291721
1.14147e-05
0.000316009
1.14481e-05
0.000338972
1.14233e-05
0.000360113
1.13581e-05
0.000378964
1.12699e-05
0.000395105
1.1175e-05
0.00040818
1.1087e-05
0.000417918
1.10165e-05
0.000424139
1.09707e-05
0.000426767
1.09529e-05
0.000425833
1.09629e-05
0.000421472
1.09974e-05
0.000413919
1.10506e-05
0.000403498
1.11149e-05
0.000390608
1.11817e-05
1.1221e-05
0.000377808
1.19661e-05
6.76237e-07
2.35409e-05
1.94198e-06
3.5221e-05
3.08238e-06
4.7439e-05
4.12377e-06
6.04908e-05
5.08454e-06
7.45756e-05
5.97354e-06
8.98019e-05
6.79294e-06
0.000106193
7.54054e-06
0.000123695
8.21182e-06
0.000142176
8.80187e-06
0.000161439
9.30687e-06
0.000181227
9.72517e-06
0.000201229
1.00579e-05
0.000221096
1.03093e-05
0.000240451
1.04862e-05
0.000258901
1.05978e-05
0.000276057
1.06548e-05
0.000291545
1.06689e-05
0.000305026
1.06511e-05
0.000316204
1.06121e-05
0.000324847
1.05605e-05
0.000330788
1.05033e-05
0.00033394
1.04452e-05
0.000334296
1.03886e-05
0.00033193
1.0334e-05
0.000326992
1.02799e-05
0.000319705
1.02238e-05
0.000310352
1.01624e-05
0.000299269
1.00921e-05
9.99994e-06
0.000288551
1.05105e-05
5.78934e-07
2.06463e-05
1.66356e-06
3.08033e-05
2.64271e-06
4.13284e-05
3.5389e-06
5.24518e-05
4.36816e-06
6.43221e-05
5.13869e-06
7.70117e-05
5.85326e-06
9.05221e-05
6.51086e-06
0.000104789
7.10845e-06
0.00011969
7.64231e-06
0.000135047
8.10924e-06
0.000150639
8.50739e-06
0.000166208
8.83675e-06
0.000181468
9.09932e-06
0.000196121
9.29899e-06
0.000209863
9.44125e-06
0.000222402
9.53266e-06
0.000233464
9.58037e-06
0.00024281
9.59151e-06
0.000250244
9.57274e-06
0.00025562
9.52987e-06
0.000258849
9.46758e-06
0.000259905
9.38935e-06
0.000258821
9.29747e-06
0.000255692
9.19316e-06
0.000250669
9.07687e-06
0.000243951
8.94851e-06
0.000235779
8.80781e-06
0.000226427
8.65459e-06
8.48725e-06
0.000217589
9.18124e-06
4.82561e-07
1.80064e-05
1.38747e-06
2.67859e-05
2.20594e-06
3.57937e-05
2.9565e-06
4.52057e-05
3.65257e-06
5.51302e-05
4.3013e-06
6.56123e-05
4.90543e-06
7.66393e-05
5.46467e-06
8.81455e-05
5.97687e-06
0.000100018
6.43918e-06
0.000112105
6.84886e-06
0.000124221
7.20396e-06
0.000136155
7.50369e-06
0.000147681
7.74864e-06
0.000158569
7.94066e-06
0.00016859
8.08272e-06
0.00017753
8.17863e-06
0.000185196
8.23268e-06
0.000191428
8.24932e-06
0.000196101
8.23286e-06
0.000199133
8.18723e-06
0.000200489
8.11589e-06
0.00020018
8.02173e-06
0.000198261
7.90713e-06
0.000194835
7.77403e-06
0.00019004
7.6241e-06
0.00018405
7.4589e-06
0.000177064
7.28005e-06
0.0001693
7.08935e-06
6.8918e-06
0.000162112
8.01086e-06
3.87189e-07
1.56845e-05
1.11396e-06
2.32603e-05
1.77259e-06
3.09527e-05
2.37766e-06
3.88933e-05
2.9398e-06
4.71591e-05
3.46484e-06
5.57755e-05
3.95518e-06
6.47213e-05
4.41084e-06
7.39335e-05
4.83027e-06
8.33132e-05
5.21125e-06
9.27316e-05
5.55144e-06
0.000102037
5.84898e-06
0.000111063
6.1027e-06
0.000119634
6.31232e-06
0.000127576
6.47846e-06
0.000134722
6.60254e-06
0.000140921
6.68661e-06
0.000146043
6.73319e-06
0.000149984
6.74504e-06
0.000152674
6.725e-06
0.000154075
6.67587e-06
0.000154186
6.60035e-06
0.00015304
6.50097e-06
0.000150704
6.38013e-06
0.000147276
6.24014e-06
0.00014288
6.08332e-06
0.000137662
5.91203e-06
0.000131783
5.72876e-06
0.000125417
5.53619e-06
5.34223e-06
0.000119631
7.03203e-06
2.92405e-07
1.3744e-05
8.41875e-07
2.0319e-05
1.34092e-06
2.69238e-05
1.80023e-06
3.36558e-05
2.22765e-06
4.05678e-05
2.62754e-06
4.76716e-05
3.00178e-06
5.49417e-05
3.35044e-06
6.232e-05
3.67243e-06
6.9721e-05
3.96602e-06
7.70382e-05
4.22936e-06
8.41496e-05
4.46077e-06
9.09247e-05
4.65906e-06
9.72309e-05
4.82356e-06
0.000102939
4.95424e-06
0.000107931
5.05163e-06
0.000112104
5.11676e-06
0.000115373
5.15103e-06
0.000117678
5.15617e-06
0.000118987
5.13406e-06
0.00011929
5.08673e-06
0.000118609
5.01628e-06
0.000116988
4.92485e-06
0.000114498
4.81464e-06
0.000111228
4.68792e-06
0.000107286
4.54707e-06
0.000102793
4.39453e-06
9.78796e-05
4.23291e-06
9.26807e-05
4.06492e-06
3.89872e-06
8.80361e-05
6.27855e-06
1.97254e-07
1.22514e-05
5.68432e-07
1.80596e-05
9.0645e-07
2.38339e-05
1.21824e-06
2.96456e-05
1.50889e-06
3.55303e-05
1.78127e-06
4.14903e-05
2.03664e-06
4.74983e-05
2.27504e-06
5.35013e-05
2.49572e-06
5.9426e-05
2.69747e-06
6.5184e-05
2.87894e-06
7.06773e-05
3.03887e-06
7.5804e-05
3.17624e-06
8.04636e-05
3.29038e-06
8.4562e-05
3.38101e-06
8.80163e-05
3.44822e-06
9.07583e-05
3.49247e-06
9.27378e-05
3.51449e-06
9.39244e-05
3.5153e-06
9.4309e-05
3.49609e-06
9.39037e-05
3.45822e-06
9.2741e-05
3.40319e-06
9.08725e-05
3.3326e-06
8.83662e-05
3.24817e-06
8.53042e-05
3.15172e-06
8.17795e-05
3.04518e-06
7.78926e-05
2.93056e-06
7.37485e-05
2.80996e-06
6.94538e-05
2.68556e-06
2.56395e-06
6.56765e-05
5.78642e-06
1.0024e-07
1.12794e-05
2.892e-07
1.65918e-05
4.61866e-07
2.18284e-05
6.21562e-07
2.7042e-05
7.70751e-07
3.22564e-05
9.1084e-07
3.74678e-05
1.04244e-06
4.26481e-05
1.16557e-06
4.77485e-05
1.27981e-06
5.27045e-05
1.38451e-06
5.74404e-05
1.47892e-06
6.1875e-05
1.56234e-06
6.59259e-05
1.63416e-06
6.95146e-05
1.69395e-06
7.25703e-05
1.74146e-06
7.50339e-05
1.77665e-06
7.68603e-05
1.79967e-06
7.80209e-05
1.81082e-06
7.85044e-05
1.81056e-06
7.83174e-05
1.7995e-06
7.74835e-05
1.77832e-06
7.60428e-05
1.74782e-06
7.40491e-05
1.70889e-06
7.15686e-05
1.66249e-06
6.86769e-05
1.60965e-06
6.54562e-05
1.55147e-06
6.19929e-05
1.48909e-06
5.8375e-05
1.42372e-06
5.46895e-05
1.35658e-06
1.29144e-06
5.149e-05
5.59236e-06
1.0898e-05
1.60168e-05
2.10385e-05
2.60056e-05
3.09357e-05
3.58219e-05
4.06355e-05
4.53297e-05
4.98438e-05
5.41086e-05
5.80505e-05
6.15969e-05
6.46797e-05
6.72398e-05
6.92295e-05
7.06153e-05
7.13791e-05
7.15193e-05
7.10502e-05
7.00014e-05
6.84165e-05
6.63512e-05
6.38707e-05
6.10477e-05
5.79596e-05
5.46862e-05
5.13076e-05
4.79025e-05
4.49695e-05
0.00859984
-3.46785e-05
0.00860611
-0.0001208
-0.000245808
0.00859842
0.00851685
-8.22731e-05
0.00853677
-0.000138289
-0.000200295
0.00848615
0.0081925
-0.000109333
0.00820647
-0.000144588
-0.000179596
0.00819576
0.00769779
-0.000127315
0.00771515
-0.000150207
-0.000171758
0.00773777
0.00711749
-0.000137423
0.007138
-0.000152706
-0.000166505
0.00718215
0.0064959
-0.000138469
0.00651743
-0.000148809
-0.000158026
0.00657389
0.00585943
-0.000131083
0.00588039
-0.000138054
-0.000144538
0.00594311
0.00522716
-0.000117367
0.00524654
-0.000121976
-0.00012677
0.00531144
0.00461387
-9.99256e-05
0.00463109
-0.000102864
-0.000106537
0.00469539
0.00403103
-8.11518e-05
0.00404589
-8.29172e-05
-8.5776e-05
0.00410759
0.00348712
-6.28765e-05
0.00349962
-6.3836e-05
-6.60587e-05
0.00355737
0.00298774
-4.62992e-05
0.00299805
-4.67228e-05
-4.84287e-05
0.00305097
0.00253591
-3.20687e-05
0.00254425
-3.21531e-05
-3.34365e-05
0.00259188
0.00213245
-2.04199e-05
0.00213909
-2.03056e-05
-2.12482e-05
0.00218129
0.0017765
-1.13085e-05
0.0017817
-1.10936e-05
-1.1767e-05
0.00181858
0.00146594
-4.51973e-06
0.00146995
-4.26985e-06
-4.73592e-06
0.00150179
0.00119785
2.53171e-07
0.0012009
4.96422e-07
1.86326e-07
0.0012281
0.00096883
3.35533e-06
0.000971114
3.56831e-06
3.37288e-06
0.000994119
0.000775233
5.13445e-06
0.00077692
5.30641e-06
5.19329e-06
0.000796199
0.000613365
5.91698e-06
0.000614595
6.04598e-06
5.99031e-06
0.000630603
0.00047958
5.99259e-06
0.000480465
6.08223e-06
6.06514e-06
0.000493634
0.000370364
5.60507e-06
0.000370993
5.66188e-06
5.66928e-06
0.000381723
0.000282388
4.94851e-06
0.000282832
4.98009e-06
5.00155e-06
0.000291488
0.00021256
4.16783e-06
0.000212872
4.18154e-06
4.20955e-06
0.000219784
0.000158062
3.36247e-06
0.000158282
3.36477e-06
3.39402e-06
0.000163753
0.000116403
2.59216e-06
0.00011656
2.58822e-06
2.6151e-06
0.000120863
8.547e-05
1.88322e-06
8.55856e-05
1.87695e-06
1.89905e-06
8.8973e-05
6.36091e-05
1.23427e-06
6.36975e-05
1.22845e-06
1.24418e-06
6.64061e-05
4.97484e-05
6.20412e-07
4.98121e-05
6.16963e-07
6.25229e-07
5.20655e-05
4.33735e-05
4.34137e-05
4.54422e-05
0.00824884
-0.000685604
0.0078624
-0.000733021
0.00737772
-0.000734199
0.00685272
-0.000717195
0.00631204
-0.000691197
0.00577009
-0.000659259
0.00523624
-0.000621608
0.00471646
-0.000577806
0.00421557
-0.000527851
0.0037375
-0.000472629
0.00328546
-0.000413808
0.00286292
-0.000353588
0.00247261
-0.000294375
0.00211575
-0.000238352
0.00179291
-0.000187219
0.00150411
-0.000142134
0.00124884
-0.000103695
0.00102588
-7.20079e-05
0.00083339
-4.67784e-05
0.000669146
-2.74273e-05
0.000530694
-1.32067e-05
0.000415406
-3.29504e-06
0.000320566
3.12887e-06
0.000243435
6.83234e-06
0.000181292
8.49188e-06
0.000131453
8.67048e-06
9.12438e-05
7.8059e-06
5.793e-05
6.20739e-06
2.85666e-05
4.05955e-06
1.44111e-06
0.00828168
-0.000548691
0.00792065
-0.000625055
0.00746125
-0.000651933
0.0069495
-0.000653354
0.00641199
-0.000640434
0.00586732
-0.000617501
0.00532741
-0.000586174
0.0047998
-0.000547137
0.00429069
-0.000501157
0.00380435
-0.000449553
0.00334331
-0.000394085
0.00291243
-0.000336933
0.00251548
-0.000280584
0.00215279
-0.000227198
0.0018247
-0.00017838
0.0015311
-0.00013525
0.00127166
-9.84077e-05
0.00104523
-6.79927e-05
0.000849763
-4.3754e-05
0.000682933
-2.51545e-05
0.000542233
-1.14904e-05
0.000424992
-1.98349e-06
0.00032845
4.14884e-06
0.000249833
7.6407e-06
0.000186387
9.14156e-06
0.000135392
9.19328e-06
9.41409e-05
8.21755e-06
5.98572e-05
6.51172e-06
2.95464e-05
4.25138e-06
1.50818e-06
0.00806449
-0.000461393
0.00776671
-0.000535285
0.00736395
-0.00057525
0.00689519
-0.000589219
0.006388
-0.000586416
0.00586354
-0.000571189
0.0053362
-0.000545728
0.00481625
-0.000511432
0.00431258
-0.000469675
0.00382815
-0.000422024
0.00336484
-0.000370231
0.00293271
-0.000316632
0.00253605
-0.000263791
0.00217282
-0.000213652
0.00184356
-0.000167676
0.00154806
-0.000126955
0.00128678
-9.20783e-05
0.00105895
-6.3233e-05
0.000862073
-4.02248e-05
0.000693843
-2.25586e-05
0.000551781
-9.58309e-06
0.000433235
-5.72518e-07
0.000335461
5.20781e-06
0.000255689
8.45109e-06
0.000191163
9.77322e-06
0.000139159
9.68966e-06
9.6955e-05
8.60212e-06
6.17503e-05
6.79322e-06
3.05151e-05
4.42781e-06
1.56969e-06
0.00767439
-0.000411329
0.00745334
-0.000470584
0.00711885
-0.000510346
0.00670847
-0.000529278
0.00624903
-0.000532216
0.00576174
-0.000522283
0.00526252
-0.000501514
0.00476405
-0.00047151
0.00427741
-0.000433886
0.00380392
-0.00039029
0.00334724
-0.000342572
0.0029225
-0.00029316
0.00253257
-0.000244386
0.00217429
-0.000197947
0.0018479
-0.000155235
0.00155303
-0.0001173
0.00129261
-8.47405e-05
0.00106594
-5.77697e-05
0.000869474
-3.62232e-05
0.000701188
-1.96616e-05
0.000558779
-7.499e-06
0.000439692
9.28052e-07
0.00034125
6.29842e-06
0.000260731
9.25734e-06
0.000195416
1.03813e-05
0.000142603
1.01545e-05
9.95789e-05
8.95499e-06
6.35399e-05
7.04809e-06
3.1438e-05
4.58626e-06
1.62472e-06
0.00717123
-0.000378011
0.00702194
-0.000422006
0.00675806
-0.000455349
0.00641249
-0.00047378
0.00600995
-0.000478735
0.00557074
-0.000471826
0.00511129
-0.000454523
0.00464515
-0.000428263
0.00418372
-0.000394605
0.0037307
-0.000355232
0.00329307
-0.000312064
0.00288359
-0.000267277
0.00250446
-0.000222848
0.00215543
-0.0001804
0.0018356
-0.000141273
0.00154501
-0.000106444
0.00128874
-7.65156e-05
0.00106557
-5.16843e-05
0.000871305
-3.17986e-05
0.000704388
-1.64933e-05
0.000562741
-5.25649e-06
0.000443964
2.50657e-06
0.000345496
7.41264e-06
0.000264708
1.00533e-05
0.000198952
1.09604e-05
0.000145579
1.0583e-05
0.00010191
9.27198e-06
6.51598e-05
7.27293e-06
3.22818e-05
4.72443e-06
1.67241e-06
0.00660006
-0.000347094
0.00651032
-0.000379379
0.00631208
-0.000405375
0.00603126
-0.000420892
0.00568905
-0.000425685
0.00530394
-0.000420275
0.00489176
-0.000405542
0.00446596
-0.000382621
0.00403765
-0.000352889
0.00361418
-0.000317923
0.00320386
-0.00027949
0.00281505
-0.000239467
0.00245121
-0.000199612
0.00211482
-0.000161441
0.00180562
-0.000126178
0.00152461
-9.47236e-05
0.00127566
-6.76384e-05
0.00105748
-4.51102e-05
0.000867068
-2.70317e-05
0.000702957
-1.31049e-05
0.000563238
-2.88852e-06
0.000445688
4.14153e-06
0.000347902
8.5361e-06
0.000267382
1.08288e-05
0.000201586
1.15032e-05
0.000147947
1.09693e-05
0.000103848
9.54843e-06
6.65435e-05
7.46419e-06
3.30129e-05
4.84002e-06
1.71196e-06
0.00599414
-0.000311912
0.00595078
-0.000336374
0.00580931
-0.000356409
0.00558875
-0.000368741
0.00530595
-0.000372616
0.00497682
-0.000368003
0.00461578
-0.000355366
0.00423558
-0.000335548
0.00384717
-0.00030969
0.00345933
-0.000279173
0.00308015
-0.00024554
0.00271665
-0.000210404
0.00237351
-0.000175302
0.00205397
-0.00014159
0.00175948
-0.000110366
0.00149173
-8.24407e-05
0.00125253
-5.83203e-05
0.00104126
-3.82036e-05
0.000856414
-2.20349e-05
0.000696561
-9.57381e-06
0.000559959
-4.46884e-07
0.000444585
5.79868e-06
0.000348227
9.64604e-06
0.00026855
1.15686e-05
0.000203153
1.19988e-05
0.000149579
1.13057e-05
0.000105297
9.7785e-06
6.76285e-05
7.61767e-06
3.35997e-05
4.93041e-06
1.74245e-06
0.00537819
-0.00027146
0.0053695
-0.000290937
0.00527484
-0.000306779
0.00510753
-0.00031658
0.00488014
-0.000319616
0.00460563
-0.000315668
0.00429648
-0.000304973
0.00396423
-0.000288144
0.00361924
-0.000266102
0.00327046
-0.00024
0.00292572
-0.000211145
0.00259169
-0.000180901
0.00227352
-0.000150586
0.00197497
-0.000121374
0.00169849
-9.42331e-05
0.00144596
-6.98825e-05
0.0012187
-4.87821e-05
0.0010167
-3.11372e-05
0.000839196
-1.69337e-05
0.000685031
-5.98696e-06
0.000552712
2.00976e-06
0.000440461
7.43912e-06
0.000346285
1.07168e-05
0.000268048
1.22555e-05
0.000203513
1.24357e-05
0.000150361
1.15839e-05
0.000106172
9.95638e-06
6.8356e-05
7.72929e-06
3.4012e-05
4.9931e-06
1.76301e-06
0.004771
-0.000227752
0.00478726
-0.000243903
0.00472983
-0.000256898
0.00460776
-0.000264944
0.00442992
-0.000267496
0.00420635
-0.000264321
0.00394733
-0.000255548
0.0036629
-0.000241631
0.00336243
-0.000223296
0.00305437
-0.000201483
0.00274621
-0.000177268
0.00244437
-0.000151787
0.0021541
-0.000126145
0.00187946
-0.000101341
0.00162341
-7.82085e-05
0.00138808
-5.73806e-05
0.00117481
-3.92739e-05
0.00098405
-2.40937e-05
0.000815495
-1.18584e-05
0.00066835
-2.43542e-06
0.000541422
4.41929e-06
0.000433204
9.02136e-06
0.000341954
1.17212e-05
0.000265753
1.28718e-05
0.000202553
1.28022e-05
0.000150197
1.17961e-05
0.000106397
1.00768e-05
6.86742e-05
7.79556e-06
3.42229e-05
5.02602e-06
1.77295e-06
0.00418692
-0.000183761
0.00422023
-0.000197401
0.00419147
-0.000208342
0.0041066
-0.000215192
0.00397157
-0.000217567
0.00379378
-0.000215275
0.00358136
-0.000208391
0.00334268
-0.000197254
0.00308589
-0.000182429
0.0028186
-0.000164665
0.00254775
-0.000144831
0.00227941
-0.000123851
0.00201872
-0.000102637
0.00176985
-8.20228e-05
0.00153598
-6.27164e-05
0.00131946
-4.52665e-05
0.00112183
-3.00467e-05
0.000943847
-1.72574e-05
0.000785611
-6.94189e-06
0.000646665
9.87451e-07
0.000526132
6.71766e-06
0.000422797
1.05025e-05
0.000335177
1.2631e-05
0.000261591
1.33993e-05
0.000200198
1.30865e-05
0.000149018
1.19349e-05
0.000105915
1.01349e-05
6.85414e-05
7.81344e-06
3.421e-05
5.02745e-06
1.7717e-06
0.00363656
-0.000142205
0.00368063
-0.000153689
0.00367316
-0.000162967
0.00361799
-0.000168916
0.00351885
-0.000171265
0.00338094
-0.000169857
0.00321043
-0.000164737
0.00301404
-0.000156154
0.00279859
-0.000144538
0.0025707
-0.000130472
0.00233658
-0.000114642
0.00210182
-9.77871e-05
0.00187128
-8.0645e-05
0.00164906
-6.39004e-05
0.0014384
-4.81447e-05
0.00124178
-3.38464e-05
0.00106093
-2.13363e-05
0.000896892
-1.08049e-05
0.000750054
-2.31306e-06
0.000620286
4.18976e-06
0.000507015
8.84113e-06
0.000409314
1.18395e-05
0.00032597
1.34179e-05
0.000255543
1.38198e-05
0.000196409
1.32773e-05
0.000146779
1.19933e-05
0.000104686
1.01265e-05
6.79268e-05
7.78043e-06
3.39568e-05
4.99609e-06
1.75884e-06
0.0031272
-0.000105028
0.00317712
-0.000114529
0.00318481
-0.000122319
0.00315266
-0.000127478
0.00308278
-0.000129808
0.00297865
-0.000129175
0.00284477
-0.000125597
0.00268632
-0.000119248
0.00250883
-0.000110448
0.00231787
-9.96386e-05
0.0021188
-8.73484e-05
0.00191663
-7.41561e-05
0.00171583
-6.06469e-05
0.00152026
-4.73733e-05
0.00133312
-3.48211e-05
0.00115693
-2.3384e-05
0.000993544
-1.33494e-05
0.000844192
-4.89414e-06
0.000709523
1.9107e-06
0.000589679
7.08665e-06
0.000484367
1.07301e-05
0.000392933
1.29919e-05
0.000314425
1.40554e-05
0.000247645
1.41165e-05
0.00019119
1.33644e-05
0.000143468
1.19652e-05
0.000102689
1.00481e-05
6.68132e-05
7.69473e-06
3.3453e-05
4.93109e-06
1.73414e-06
0.00266323
-7.33128e-05
0.00271529
-8.09723e-05
0.00273316
-8.73741e-05
0.00271828
-9.17699e-05
0.00267164
-9.40065e-05
0.0025954
-9.39652e-05
0.00249271
-9.16415e-05
0.00236742
-8.71498e-05
0.00222385
-8.07171e-05
0.00206655
-7.26679e-05
0.00190003
-6.33998e-05
0.00172863
-5.33554e-05
0.00155633
-4.29897e-05
0.00138669
-3.27396e-05
0.00122274
-2.29966e-05
0.00106695
-1.40859e-05
0.000921216
-6.25229e-06
0.000786909
3.44959e-07
0.000664862
5.63069e-06
0.00055544
9.60553e-06
0.000458595
1.23331e-05
0.000373921
1.39243e-05
0.00030071
1.45202e-05
0.000237995
1.42749e-05
0.000184591
1.33391e-05
0.000139105
1.18459e-05
9.99288e-05
9.89753e-06
6.51979e-05
7.55538e-06
3.26959e-05
4.83218e-06
1.69757e-06
0.00224659
-4.74135e-05
0.00229808
-5.34024e-05
0.00232222
-5.85147e-05
0.00231983
-6.21532e-05
0.00229115
-6.41979e-05
0.00223738
-6.45432e-05
0.00216062
-6.31675e-05
0.00206361
-6.01384e-05
0.00194964
-5.56095e-05
0.00182229
-4.98112e-05
0.00168525
-4.30341e-05
0.00154217
-3.5608e-05
0.00139653
-2.78789e-05
0.00125148
-2.0185e-05
0.00110982
-1.28356e-05
0.000973895
-6.09363e-06
0.000845582
-1.63081e-07
0.000726303
4.81683e-06
0.000617019
8.77232e-06
0.000518268
1.16903e-05
0.000430201
1.36095e-05
0.000352627
1.4609e-05
0.000285057
1.47943e-05
0.000226742
1.42839e-05
0.000176702
1.31954e-05
0.00013374
1.16326e-05
9.64327e-05
9.67372e-06
6.30936e-05
7.3624e-06
3.16906e-05
4.69968e-06
1.64929e-06
0.00187723
-2.71554e-05
0.0019263
-3.16785e-05
0.00195373
-3.5624e-05
0.00195996
-3.85279e-05
0.00194476
-4.02969e-05
0.00190868
-4.08394e-05
0.00185298
-4.0124e-05
0.00177958
-3.81844e-05
0.00169085
-3.51189e-05
0.00158955
-3.10848e-05
0.00147861
-2.6288e-05
0.00136104
-2.09679e-05
0.00123975
-1.53811e-05
0.00111751
-9.78349e-06
0.000996805
-4.41398e-06
0.000879794
5.19781e-07
0.000768278
4.85183e-06
0.000663673
8.46418e-06
0.000567006
1.12886e-05
0.000478931
1.33044e-05
0.000399756
1.45325e-05
0.000329465
1.50272e-05
0.000267761
1.48657e-05
0.000214087
1.4137e-05
0.000167657
1.29303e-05
0.000127458
1.13245e-05
9.2251e-05
9.37734e-06
6.05288e-05
7.11693e-06
3.04501e-05
4.53462e-06
1.58973e-06
0.00155365
-1.20271e-05
0.00159912
-1.5308e-05
0.00162765
-1.82321e-05
0.00163947
-2.04499e-05
0.00163407
-2.18911e-05
0.00161154
-2.24792e-05
0.0015726
-2.21796e-05
0.00151846
-2.10039e-05
0.00145083
-1.90111e-05
0.00137172
-1.63042e-05
0.00128343
-1.30244e-05
0.00118833
-9.3405e-06
0.00108885
-5.438e-06
0.000987315
-1.50579e-06
0.000885894
2.27611e-06
0.000786527
5.74764e-06
0.000690878
8.77745e-06
0.000600305
1.12687e-05
0.00051585
1.31615e-05
0.000438236
1.44322e-05
0.000367876
1.50901e-05
0.000304897
1.51711e-05
0.000249158
1.47301e-05
0.000200271
1.38324e-05
0.000157621
1.25443e-05
0.000120372
1.09236e-05
8.7456e-05
9.01076e-06
5.75463e-05
6.82125e-06
2.89947e-05
4.33869e-06
1.51954e-06
0.00127332
-1.33317e-06
0.00131453
-3.59576e-06
0.00134263
-5.65546e-06
0.00135771
-7.25863e-06
0.00135914
-8.35394e-06
0.00134674
-8.88078e-06
0.00132081
-8.80635e-06
0.0012821
-8.12972e-06
0.00123173
-6.88338e-06
0.00117117
-5.1322e-06
0.00110213
-2.9696e-06
0.00102646
-5.11406e-07
0.00094612
2.11206e-06
0.000863022
4.76498e-06
0.000779012
7.31517e-06
0.000695782
9.64252e-06
0.000614829
1.1646e-05
0.000537416
1.32488e-05
0.000464554
1.44009e-05
0.000396988
1.50791e-05
0.000335199
1.52856e-05
0.000279416
1.50434e-05
0.00022962
1.43906e-05
0.000185568
1.33742e-05
0.000146793
1.20417e-05
0.000112618
1.04341e-05
8.21395e-05
8.57811e-06
5.42028e-05
6.47884e-06
2.7352e-05
4.11429e-06
1.43958e-06
0.00103308
5.69522e-06
0.00106975
4.24083e-06
0.00109639
2.88818e-06
0.001113
1.81365e-06
0.00111894
1.05291e-06
0.00111386
6.51526e-07
0.00109781
6.3728e-07
0.00107117
1.01682e-06
0.00103467
1.77394e-06
0.00098931
2.86957e-06
0.000936335
4.24382e-06
0.000877161
5.81958e-06
0.000813307
7.50776e-06
0.000746325
9.21336e-06
0.000677743
1.08419e-05
0.000609003
1.2306e-05
0.000541414
1.35301e-05
0.000476117
1.44554e-05
0.000414056
1.5042e-05
0.000355965
1.52697e-05
0.000302355
1.51367e-05
0.00025352
1.46575e-05
0.000209536
1.38581e-05
0.000170272
1.27712e-05
0.000135391
1.14303e-05
0.000104354
9.86311e-06
7.64091e-05
8.08525e-06
5.05661e-05
6.0943e-06
2.55557e-05
3.86445e-06
1.35097e-06
0.000829394
9.82414e-06
0.000861508
8.98966e-06
0.000886032
8.19525e-06
0.000902949
7.5568e-06
0.000911615
7.09773e-06
0.000911631
6.85021e-06
0.00090287
6.83556e-06
0.000885484
7.0617e-06
0.00085989
7.52147e-06
0.000826752
8.19222e-06
0.000786946
9.03663e-06
0.000741514
1.00048e-05
0.000691615
1.10374e-05
0.000638473
1.20699e-05
0.000583324
1.30367e-05
0.000527365
1.38759e-05
0.000471715
1.45331e-05
0.000417375
1.4965e-05
0.000365203
1.5141e-05
0.000315889
1.50449e-05
0.000269946
1.46737e-05
0.000227701
1.40361e-05
0.000189297
1.31499e-05
0.000154689
1.20375e-05
0.000123646
1.07215e-05
9.57503e-05
9.21973e-06
7.03849e-05
7.53956e-06
4.67133e-05
5.67315e-06
2.3644e-05
3.59272e-06
1.25494e-06
0.000658582
1.17667e-05
0.000686307
1.13892e-05
0.00070836
1.10181e-05
0.000724718
1.07233e-05
0.000734788
1.05193e-05
0.000738155
1.04268e-05
0.000734603
1.04606e-05
0.000724129
1.06274e-05
0.000706939
1.09243e-05
0.000683443
1.13383e-05
0.000654232
1.18466e-05
0.00062005
1.24177e-05
0.000581758
1.30132e-05
0.000540296
1.35901e-05
0.000496641
1.41044e-05
0.000451765
1.45135e-05
0.0004066
1.47798e-05
0.000362003
1.48723e-05
0.000318728
1.47692e-05
0.000277405
1.44581e-05
0.000238524
1.39363e-05
0.000202424
1.32093e-05
0.000169283
1.22891e-05
0.000139123
1.11908e-05
0.000111796
9.92929e-06
8.69857e-05
8.51497e-06
6.41953e-05
6.94954e-06
4.2728e-05
5.22164e-06
2.1659e-05
3.30303e-06
1.15289e-06
0.000516967
1.21517e-05
0.000540582
1.20942e-05
0.000560018
1.2028e-05
0.000575253
1.19898e-05
0.000585766
1.19871e-05
0.000591158
1.20321e-05
0.000591174
1.21335e-05
0.000585716
1.22955e-05
0.000574851
1.25166e-05
0.000558806
1.27892e-05
0.000537959
1.30993e-05
0.000512822
1.34271e-05
0.000484016
1.37482e-05
0.000452244
1.40348e-05
0.000418258
1.42582e-05
0.000382831
1.439e-05
0.00034672
1.4405e-05
0.000310639
1.42823e-05
0.000275237
1.40069e-05
0.000241068
1.35703e-05
0.000208584
1.29707e-05
0.000178113
1.22119e-05
0.000149854
1.13021e-05
0.000123869
1.02514e-05
0.000100075
9.06919e-06
7.82412e-05
7.76089e-06
5.79724e-05
6.32434e-06
3.86974e-05
4.74634e-06
1.96449e-05
2.99945e-06
1.04623e-06
0.000400971
1.15059e-05
0.000420824
1.16566e-05
0.000437647
1.17951e-05
0.000451426
1.19348e-05
0.000461713
1.20786e-05
0.000468146
1.22322e-05
0.000470463
1.23994e-05
0.000468519
1.25817e-05
0.000462289
1.27776e-05
0.000451874
1.29819e-05
0.0004375
1.31856e-05
0.0004195
1.33763e-05
0.000398309
1.35384e-05
0.000374437
1.36544e-05
0.00034845
1.37058e-05
0.000320943
1.36746e-05
0.00029252
1.35445e-05
0.00026376
1.33018e-05
0.000235206
1.29372e-05
0.000207336
1.24454e-05
0.000180548
1.18256e-05
0.000155148
1.10808e-05
0.000131338
1.02168e-05
0.000109204
9.24045e-06
8.87118e-05
8.15741e-06
6.96955e-05
6.96977e-06
5.18488e-05
5.67313e-06
3.47104e-05
4.25375e-06
1.76468e-05
2.68597e-06
9.36324e-07
0.000307193
1.02481e-05
0.000323671
1.05187e-05
0.000337993
1.07796e-05
0.000350153
1.10293e-05
0.000359777
1.12679e-05
0.000366548
1.14961e-05
0.000370218
1.17143e-05
0.000370621
1.19218e-05
0.000367681
1.21162e-05
0.000361416
1.22932e-05
0.000351943
1.24467e-05
0.000339468
1.25683e-05
0.000324278
1.26482e-05
0.000306733
1.26752e-05
0.000287247
1.26377e-05
0.000266267
1.25246e-05
0.00024426
1.23256e-05
0.000221688
1.20326e-05
0.000198991
1.16401e-05
0.00017657
1.11453e-05
0.000154767
1.05483e-05
0.000133857
9.85194e-06
0.000114029
9.06042e-06
9.53848e-05
8.17841e-06
7.79198e-05
7.20928e-06
6.15211e-05
6.15307e-06
4.59549e-05
5.0043e-06
3.08551e-05
3.74972e-06
1.571e-05
2.36613e-06
8.24396e-07
0.00023246
8.69166e-06
0.000245969
9.01487e-06
0.000257979
9.3334e-06
0.00026849
9.63702e-06
0.000277197
9.92409e-06
0.000283831
1.01926e-05
0.000288166
1.04404e-05
0.000290038
1.06651e-05
0.000289344
1.08636e-05
0.000286052
1.10317e-05
0.000280203
1.11647e-05
0.000271913
1.12566e-05
0.000261361
1.13009e-05
0.000248791
1.12904e-05
0.000234493
1.12179e-05
0.000218795
1.10765e-05
0.00020205
1.08602e-05
0.000184615
1.05644e-05
0.000166838
1.01862e-05
0.000149047
9.72471e-06
0.000131528
9.18081e-06
0.000114517
8.55697e-06
9.81895e-05
7.85655e-06
8.26446e-05
7.08285e-06
6.79006e-05
6.23777e-06
5.38833e-05
5.32028e-06
4.04177e-05
4.3247e-06
2.72183e-05
3.23892e-06
1.38789e-05
2.04271e-06
7.11388e-07
0.000173882
7.05299e-06
0.000184837
7.37968e-06
0.000194777
7.70672e-06
0.000203708
8.01992e-06
0.000211387
8.31684e-06
0.000217589
8.59398e-06
0.00022212
8.84787e-06
0.000224824
9.07503e-06
0.000225589
9.27181e-06
0.000224356
9.43431e-06
0.000221119
9.55833e-06
0.000215927
9.63937e-06
0.000208886
9.67273e-06
0.000200148
9.65364e-06
0.00018991
9.57752e-06
0.000178406
9.44024e-06
0.000165892
9.23839e-06
0.000152638
8.96959e-06
0.000138914
8.63269e-06
0.000124978
8.22782e-06
0.000111064
7.75636e-06
9.73712e-05
7.22058e-06
8.40512e-05
6.62323e-06
7.1199e-05
5.96669e-06
5.88441e-05
5.25203e-06
4.69409e-05
4.47779e-06
3.53611e-05
3.6387e-06
2.38856e-05
2.72424e-06
1.21979e-05
1.71736e-06
5.97851e-07
0.000128902
5.46407e-06
0.000137717
5.75993e-06
0.000145867
6.05984e-06
0.000153365
6.34899e-06
0.000160017
6.62482e-06
0.000165641
6.88333e-06
0.000170073
7.12064e-06
0.000173171
7.33294e-06
0.000174827
7.5165e-06
0.000174967
7.6676e-06
0.000173557
7.78258e-06
0.000170603
7.8578e-06
0.000166155
7.88975e-06
0.000160303
7.87512e-06
0.000153174
7.81092e-06
0.000144924
7.69465e-06
0.000135736
7.52445e-06
0.000125807
7.29928e-06
0.00011534
7.01893e-06
0.000104536
6.68413e-06
9.35812e-05
6.29638e-06
8.26372e-05
5.85776e-06
7.18329e-05
5.37047e-06
6.12543e-05
4.83631e-06
5.09355e-05
4.25589e-06
4.08511e-05
3.62776e-06
3.09088e-05
2.94738e-06
2.09432e-05
2.20612e-06
1.07117e-05
1.39026e-06
4.8382e-07
9.53535e-05
3.98586e-06
0.000102443
4.22776e-06
0.000109114
4.47546e-06
0.000115385
4.71586e-06
0.000121103
4.94667e-06
0.000126122
5.16419e-06
0.000130303
5.36482e-06
0.000133524
5.54505e-06
0.000135682
5.70151e-06
0.0001367
5.83096e-06
0.000136526
5.93031e-06
0.00013514
5.99669e-06
0.000132556
6.02745e-06
0.000128817
6.02025e-06
0.000123997
5.97311e-06
0.000118199
5.88454e-06
0.000111546
5.75357e-06
0.000104178
5.57983e-06
9.62459e-05
5.36362e-06
8.79008e-05
5.10582e-06
7.92883e-05
4.80786e-06
7.05386e-05
4.47146e-06
6.17584e-05
4.09838e-06
5.30227e-05
3.68995e-06
4.43665e-05
3.24655e-06
3.57777e-05
2.76698e-06
2.71908e-05
2.2477e-06
1.8482e-05
1.68208e-06
9.4674e-06
1.05972e-06
3.68694e-07
7.15464e-05
2.62035e-06
7.73279e-05
2.79266e-06
8.28597e-05
2.97051e-06
8.81619e-05
3.14403e-06
9.31141e-05
3.31149e-06
9.75969e-05
3.47007e-06
0.000101495
3.61698e-06
0.000104701
3.74952e-06
0.000107121
3.8651e-06
0.000108676
3.96126e-06
0.000109308
4.03574e-06
0.00010898
4.08645e-06
0.00010768
4.11157e-06
0.000105422
4.10954e-06
0.000102243
4.07913e-06
9.82057e-05
4.01947e-06
9.33903e-05
3.93011e-06
8.78951e-05
3.81103e-06
8.18295e-05
3.66262e-06
7.53078e-05
3.48569e-06
6.8443e-05
3.28135e-06
6.13393e-05
3.0509e-06
5.4085e-05
2.79559e-06
4.67446e-05
2.51637e-06
3.93518e-05
2.2135e-06
3.1903e-05
1.88613e-06
2.43513e-05
1.53184e-06
1.66034e-05
1.14612e-06
8.51855e-06
7.21912e-07
2.51123e-07
5.63813e-05
1.31959e-06
6.12935e-05
1.4107e-06
6.60609e-05
1.5053e-06
7.07062e-05
1.59791e-06
7.513e-05
1.68754e-06
7.92317e-05
1.77264e-06
8.29113e-05
1.85167e-06
8.60732e-05
1.92313e-06
8.86295e-05
1.98559e-06
9.05031e-05
2.03769e-06
9.16312e-05
2.07818e-06
9.19677e-05
2.10597e-06
9.14857e-05
2.12009e-06
9.01787e-05
2.11975e-06
8.80612e-05
2.10435e-06
8.5168e-05
2.07351e-06
8.15527e-05
2.02706e-06
7.72847e-05
1.96508e-06
7.24456e-05
1.88786e-06
6.71241e-05
1.79589e-06
6.14109e-05
1.68982e-06
5.5392e-05
1.57039e-06
4.91422e-05
1.43828e-06
4.27183e-05
1.29402e-06
3.61523e-05
1.13775e-06
2.94454e-05
9.69074e-07
2.25626e-05
7.86749e-07
1.54293e-05
5.88477e-07
7.93181e-06
3.706e-07
1.28906e-07
4.93721e-05
5.3887e-05
5.83076e-05
6.26583e-05
6.685e-05
7.07904e-05
7.4387e-05
7.75494e-05
8.01924e-05
8.22392e-05
8.36246e-05
8.42973e-05
8.42228e-05
8.33846e-05
8.17852e-05
7.94464e-05
7.64076e-05
7.2724e-05
6.84637e-05
6.37029e-05
5.85211e-05
5.29955e-05
4.71945e-05
4.11712e-05
3.49569e-05
2.85549e-05
2.19357e-05
1.50331e-05
7.74344e-06
)
;

boundaryField
{
    inlet
    {
        type            calculated;
        value           uniform 0;
    }
    outlet
    {
        type            calculated;
        value           uniform 0;
    }
    flap
    {
        type            calculated;
        value           nonuniform List<scalar> 
33
(
8.67367e-05
0.000331732
0.000716955
0.00120132
0.00169597
0.00212597
0.00255059
0.00307465
0.00372284
0.00446702
0.00521367
0.00591059
0.00661325
0.00732801
0.00802255
-7.12026e-05
0.000109079
0.000277859
-7.94576e-05
-0.000319679
-0.00070401
-0.0011938
-0.00169642
-0.00213922
-0.00258564
-0.00312881
-0.00379164
-0.004542
-0.00528379
-0.00596687
-0.00663802
-0.00732505
-0.00801587
)
;
    }
    upperWall
    {
        type            calculated;
        value           nonuniform List<scalar> 
63
(
0
0
0
0
5.49452e-16
0
0
0
0
0
0
0
0
8.86212e-16
0
-8.44828e-16
4.12434e-16
8.05379e-16
0
0
0
0
0
0
0
0
0
0
6.19126e-16
-3.02255e-16
0
0
0
0
0
0
0
0
-6.81341e-16
0
0
0
7.49671e-16
0
7.8636e-16
0
0
0
0
0
0
9.29504e-16
-9.51993e-16
9.75007e-16
0
0
-5.23742e-16
0
0
0
0
0
0
)
;
    }
    lowerWall
    {
        type            calculated;
        value           uniform 0;
    }
    frontAndBack
    {
        type            empty;
        value           nonuniform List<scalar> 0();
    }
}


// ************************************************************************* //
