/*--------------------------------*- C++ -*----------------------------------*\
| =========                 |                                                 |
| \\      /  F ield         | OpenFOAM: The Open Source CFD Toolbox           |
|  \\    /   O peration     | Version:  2012                                  |
|   \\  /    A nd           | Website:  www.openfoam.com                      |
|    \\/     M anipulation  |                                                 |
\*---------------------------------------------------------------------------*/
FoamFile
{
    version     2.0;
    format      ascii;
    class       surfaceScalarField;
    location    "0.4";
    object      phi;
}
// * * * * * * * * * * * * * * * * * * * * * * * * * * * * * * * * * * * * * //

dimensions      [0 3 -1 0 0 0 0];
oriented        oriented;


internalField   nonuniform List<scalar> 
5457
(
0.198469
0.00150699
0.196651
0.00179394
0.194544
0.00207947
0.192098
0.00241254
0.18931
0.00274888
0.186179
0.00308279
0.1827
0.00342065
0.178864
0.00376739
0.17466
0.00412511
0.170077
0.00449445
0.165102
0.00487542
0.159727
0.00526778
0.153943
0.00567117
0.147743
0.00608525
0.14112
0.00650954
0.134071
0.00694321
0.126593
0.0073845
0.118687
0.00783022
0.110361
0.00827538
0.101626
0.00871269
0.0925052
0.00913217
0.0830316
0.00952127
0.0732497
0.00986585
0.0632146
0.0101518
0.0529867
0.0103686
0.0426226
0.0105145
0.0321589
0.0106042
0.0215888
0.0106761
0.0107694
0.0108568
0.0107645
0.199981
0.00150275
0.199349
0.00240199
0.198319
0.00308214
0.196921
0.0037772
0.195147
0.00448374
0.192988
0.00519427
0.190433
0.00591815
0.187467
0.00666504
0.184073
0.00744011
0.180232
0.00824541
0.175927
0.00908132
0.17114
0.0099473
0.165855
0.0108423
0.160059
0.011765
0.153739
0.0127136
0.146887
0.0136858
0.139497
0.0146771
0.131566
0.0156812
0.123097
0.0166882
0.114096
0.0176843
0.104581
0.0186509
0.0945751
0.0195652
0.0841136
0.0204016
0.0732369
0.0211356
0.0619862
0.0217508
0.0503938
0.0222485
0.0384678
0.0226625
0.0261651
0.0230767
0.013332
0.0237209
0.024093
0.199831
0.00164816
0.199254
0.00295553
0.198287
0.00402177
0.196976
0.00505584
0.195321
0.00609979
0.193311
0.00715598
0.190936
0.00823589
0.18818
0.00935306
0.185025
0.0105164
0.181449
0.0117304
0.177434
0.0129969
0.172956
0.014316
0.167995
0.0156868
0.162533
0.0171076
0.15655
0.0185764
0.15003
0.0200901
0.14296
0.021643
0.135327
0.0232273
0.127117
0.0248311
0.118322
0.0264366
0.108941
0.02802
0.0989758
0.029552
0.0884337
0.0309993
0.0773281
0.032329
0.0656737
0.0335179
0.0534809
0.0345641
0.0407582
0.0354986
0.0275235
0.0363916
0.0138391
0.0374255
0.0379449
0.199753
0.0018723
0.199171
0.00351317
0.198221
0.00494499
0.19693
0.00631451
0.195305
0.00768574
0.193338
0.00907542
0.191017
0.0104986
0.18833
0.0119718
0.18526
0.0135071
0.181787
0.0151118
0.177893
0.0167895
0.173556
0.0185414
0.168756
0.0203675
0.163472
0.022267
0.157683
0.0242386
0.15137
0.0262798
0.144514
0.028386
0.137092
0.0305507
0.129078
0.0327627
0.12045
0.0350037
0.111188
0.037249
0.10127
0.0394669
0.0906791
0.0416195
0.0794011
0.0436662
0.0674334
0.0455691
0.0547854
0.0473066
0.0415009
0.0488701
0.0277035
0.0502478
0.0136906
0.0514496
0.051658
0.199716
0.00213376
0.199123
0.00408197
0.198187
0.00585362
0.19692
0.00755015
0.195326
0.00924025
0.1934
0.0109534
0.191131
0.0127097
0.188505
0.0145284
0.185507
0.0164245
0.182119
0.0184076
0.178321
0.0204831
0.174095
0.0226536
0.169418
0.0249203
0.164271
0.0272838
0.15863
0.0297447
0.152475
0.0323024
0.145781
0.0349555
0.138515
0.0377017
0.130643
0.0405324
0.12213
0.0434327
0.112937
0.0463814
0.103023
0.0493472
0.0923475
0.0522891
0.0808794
0.0551563
0.068603
0.0578903
0.0555465
0.0604202
0.0418162
0.0626546
0.0276415
0.0644561
0.0134847
0.0656043
0.0651587
0.199699
0.00241186
0.199102
0.00465535
0.198184
0.00674435
0.196947
0.00875547
0.195393
0.010755
0.193517
0.0127812
0.191308
0.0148598
0.188754
0.017013
0.185839
0.0192582
0.182545
0.0216073
0.178855
0.0240674
0.174747
0.0266428
0.170203
0.0293363
0.165199
0.0321506
0.159711
0.0350887
0.153716
0.0381537
0.147181
0.0413498
0.140068
0.0446795
0.132336
0.0481401
0.123933
0.0517248
0.114802
0.0554183
0.104885
0.0591926
0.0941226
0.0630041
0.0824664
0.0667897
0.0698958
0.0704583
0.056465
0.0738624
0.0423391
0.0767973
0.0278292
0.0789718
0.0134783
0.0799325
0.0786329
0.199694
0.00269502
0.199101
0.00522503
0.198205
0.00761306
0.197004
0.00992455
0.195497
0.0122221
0.19368
0.0145497
0.191543
0.0169381
0.189073
0.0194128
0.186255
0.0219936
0.183072
0.0246944
0.179506
0.0275243
0.175538
0.0304892
0.171146
0.033594
0.166308
0.0368439
0.160998
0.0402455
0.155187
0.0438073
0.148839
0.0475395
0.14191
0.0514515
0.134349
0.055551
0.126089
0.0598418
0.117058
0.0643173
0.107179
0.0689561
0.0963732
0.0737145
0.0845725
0.0785145
0.0717581
0.083215
0.0579954
0.087586
0.0434734
0.0912953
0.0285583
0.0938643
0.0138203
0.0946278
0.0924359
0.199696
0.00297619
0.199114
0.00578372
0.198245
0.00845495
0.197086
0.0110517
0.195634
0.0136343
0.193885
0.0162499
0.19183
0.0189342
0.189456
0.0217156
0.18675
0.0246164
0.183694
0.0276525
0.180271
0.0308347
0.176464
0.034171
0.172249
0.0376685
0.167605
0.0413355
0.162504
0.0451831
0.156914
0.0492256
0.150795
0.0534808
0.144098
0.057968
0.136763
0.0627077
0.128709
0.0677159
0.119854
0.0729993
0.110098
0.0785477
0.0993424
0.08432
0.0874988
0.0902221
0.0745286
0.096067
0.0604743
0.101546
0.0455182
0.106182
0.0300404
0.109289
0.0146075
0.110002
0.107019
0.199703
0.0032507
0.199137
0.00632544
0.198301
0.00926496
0.197189
0.0121315
0.195799
0.0149844
0.194127
0.0178734
0.192163
0.020838
0.189898
0.0239097
0.187316
0.0271129
0.184404
0.0304655
0.181143
0.0339801
0.177518
0.0376665
0.173506
0.0415344
0.169085
0.0455957
0.164227
0.049866
0.1589
0.0543664
0.15306
0.0591234
0.146655
0.0641682
0.139617
0.0695347
0.131862
0.075255
0.12329
0.0813539
0.113785
0.0878372
0.103222
0.0946736
0.0914808
0.101763
0.0784734
0.10889
0.0641863
0.115675
0.0487462
0.121498
0.032488
0.125456
0.0159529
0.126463
0.122946
0.199713
0.00351522
0.199169
0.00684533
0.198369
0.0100383
0.19731
0.0131586
0.195989
0.016266
0.194401
0.0194124
0.192539
0.0226403
0.190392
0.0259841
0.187948
0.0294702
0.185194
0.0331183
0.182114
0.0369427
0.178691
0.040955
0.174907
0.0451673
0.170739
0.0495949
0.166161
0.0542586
0.161139
0.0591862
0.155633
0.0644135
0.149588
0.0699838
0.142934
0.0759464
0.135583
0.0823525
0.127426
0.0892487
0.11833
0.0966647
0.108141
0.104591
0.0966917
0.112944
0.0838218
0.121505
0.069416
0.129853
0.0534692
0.137257
0.0361894
0.142598
0.0180477
0.144512
0.140965
0.199725
0.00376728
0.199208
0.00733943
0.198449
0.0107705
0.197447
0.0141282
0.1962
0.0174734
0.194703
0.0208598
0.192951
0.0243327
0.190933
0.0279289
0.188639
0.0316768
0.186057
0.0355973
0.183174
0.0397063
0.179974
0.0440171
0.17644
0.0485439
0.172554
0.0533053
0.16829
0.0583265
0.163619
0.063642
0.158501
0.0692967
0.152886
0.0753458
0.146706
0.0818546
0.139875
0.0888947
0.132279
0.0965388
0.123774
0.104849
0.114181
0.113853
0.103278
0.123511
0.0908063
0.133647
0.0764939
0.143859
0.0601092
0.153381
0.0415992
0.160914
0.0212297
0.16476
0.162151
0.19974
0.00400497
0.199251
0.0078045
0.198537
0.0114578
0.197597
0.0150358
0.19643
0.0186012
0.195031
0.0222094
0.193395
0.0259079
0.191516
0.0297355
0.189382
0.0337222
0.186985
0.0378902
0.184313
0.0422565
0.181353
0.0468356
0.178092
0.0516434
0.174514
0.0567011
0.170597
0.0620379
0.166318
0.0676939
0.161642
0.0737218
0.156526
0.080188
0.15091
0.0871724
0.144715
0.0947673
0.137835
0.103073
0.130125
0.11219
0.121389
0.122201
0.111358
0.13314
0.099667
0.144934
0.0858369
0.157303
0.0692909
0.169587
0.0494863
0.180456
0.0261471
0.187939
0.188237
0.199755
0.0042268
0.199298
0.00823791
0.198633
0.0120968
0.197759
0.0158777
0.196675
0.0196449
0.19538
0.0234556
0.193868
0.0273592
0.192134
0.0313961
0.19017
0.0355975
0.187968
0.0399866
0.18552
0.0445808
0.182817
0.0493954
0.179847
0.0544476
0.1766
0.0597602
0.17306
0.0653651
0.169209
0.0713066
0.165023
0.0776435
0.160468
0.0844508
0.155499
0.0918207
0.150053
0.0998632
0.144042
0.108705
0.137337
0.118485
0.129751
0.129351
0.120996
0.141436
0.110629
0.15483
0.0979642
0.169505
0.0819702
0.185156
0.0612566
0.200829
0.0342186
0.214765
0.222377
0.199772
0.0044316
0.199349
0.00863754
0.198734
0.0126848
0.197929
0.0166505
0.196934
0.0206007
0.195746
0.0245941
0.194364
0.0286816
0.192781
0.0329047
0.190995
0.0372956
0.188997
0.0418778
0.186784
0.0466691
0.18435
0.0516847
0.181687
0.0569421
0.17879
0.0624648
0.175651
0.0682859
0.172259
0.0744521
0.168602
0.0810254
0.164661
0.0880862
0.160409
0.0957344
0.155808
0.104092
0.150801
0.113305
0.1453
0.123546
0.13916
0.135016
0.132141
0.147951
0.123815
0.16263
0.113415
0.179374
0.0995349
0.19853
0.0796256
0.220305
0.0490993
0.244999
0.271366
0.19979
0.00461848
0.199402
0.00900172
0.198841
0.0132195
0.198108
0.0173516
0.197203
0.0214655
0.196127
0.0256212
0.194878
0.0298706
0.193453
0.0342563
0.191849
0.0388108
0.190063
0.0435575
0.188093
0.0485138
0.185937
0.0536945
0.183593
0.0591163
0.18106
0.064802
0.17834
0.0707846
0.17543
0.0771104
0.172331
0.0838419
0.169041
0.0910603
0.165558
0.0988675
0.161874
0.107389
0.157977
0.116779
0.153838
0.127223
0.149403
0.138953
0.144557
0.152265
0.139068
0.167562
0.132436
0.185436
0.123554
0.206855
0.109717
0.233642
0.0833093
0.271052
0.354416
-0.00959091
0.0096299
-0.0218613
0.0122231
-0.0360959
0.0141276
-0.0518446
0.0156355
-0.068638
0.0167038
-0.0859376
0.0172466
-0.103118
0.0171693
-0.119468
0.0163805
-0.134201
0.0148019
-0.146489
0.0123881
-0.155507
0.00914543
-0.160503
0.00514386
-0.160878
0.000536476
-0.156237
-0.00446963
-0.146529
-0.0095328
-0.132144
-0.0142117
-0.113811
-0.0181662
-0.0924924
-0.0211621
-0.0692508
-0.0230988
-0.045107
-0.0240161
-0.0209648
-0.02403
0.00236725
-0.0232356
0.0243369
-0.0218883
0.044592
-0.0201875
0.0630858
-0.0184387
0.0798161
-0.0166856
0.0948337
-0.0149814
0.108256
-0.0133924
0.120273
-0.0119903
-0.0112243
-0.0112825
0.0209529
-0.0245579
0.0254446
-0.0394021
0.028868
-0.055554
0.0316808
-0.0726288
0.0336961
-0.0901288
0.0347006
-0.107438
0.0344746
-0.123835
0.0328151
-0.138514
0.0295565
-0.150619
0.0245998
-0.159289
0.017949
-0.163769
0.00977678
-0.163434
0.000366015
-0.157951
-0.00977832
-0.147397
-0.0199088
-0.132236
-0.0291973
-0.113249
-0.0369849
-0.0913939
-0.0428598
-0.067693
-0.0466564
-0.0430995
-0.0484815
-0.0185188
-0.0484986
0.00512337
-0.0467815
0.0273579
-0.0440416
0.0479909
-0.0407533
0.0669335
-0.0373264
0.0841684
-0.0338761
0.0997412
-0.0305183
0.113755
-0.0273765
0.126357
-0.0245665
-0.0224896
-0.0126299
0.0336094
-0.0267505
0.0395043
-0.0420086
0.0440301
-0.0583213
0.0478992
-0.0754202
0.0507259
-0.0928612
0.0521099
-0.110052
0.0516758
-0.126275
0.049089
-0.140707
0.0440757
-0.152461
0.0364731
-0.160655
0.0262878
-0.164481
0.0137654
-0.163352
-0.000589817
-0.156964
-0.0159868
-0.145516
-0.0311751
-0.129593
-0.0449399
-0.110049
-0.0563563
-0.0878758
-0.0648734
-0.0640785
-0.0703086
-0.0396397
-0.0727911
-0.015343
-0.0726825
0.00800554
-0.0700333
0.0298788
-0.0658335
0.0502006
-0.0610078
0.0688611
-0.0559319
0.0858321
-0.0508029
0.101157
-0.0458076
0.114934
-0.0411238
0.127299
-0.0369053
-0.0335304
-0.0138351
0.0474593
-0.0286783
0.0542804
-0.0442796
0.0595439
-0.0606827
0.0642226
-0.0777076
0.0676998
-0.0949756
0.069366
-0.111928
0.0686575
-0.127845
0.0650749
-0.14188
0.0582164
-0.153108
0.0478373
-0.160593
0.033935
-0.163506
0.0168563
-0.161259
-0.00264978
-0.153682
-0.0233746
-0.141136
-0.0435335
-0.12433
-0.0615602
-0.104193
-0.0763149
-0.0817469
-0.0871558
-0.0579765
-0.0939312
-0.0337969
-0.0968395
-0.0100454
-0.0963197
0.0126807
-0.0926617
0.0339806
-0.0870514
0.0537685
-0.080728
0.0719277
-0.0740361
0.0884302
-0.0672611
0.10332
-0.0606619
0.116693
-0.0544665
0.128677
-0.0488634
-0.0442007
-0.0147518
0.0622113
-0.0300824
0.06954
-0.045859
0.0752408
-0.0621963
0.0804961
-0.078971
0.0844457
-0.0958553
0.0862632
-0.112325
0.0851819
-0.127672
0.0805134
-0.141033
0.0717053
-0.151448
0.05841
-0.157938
0.0406081
-0.159662
0.0187788
-0.156077
-0.00603013
-0.147176
-0.0320732
-0.133486
-0.0570268
-0.115838
-0.0790144
-0.0952229
-0.096746
-0.0726751
-0.109535
-0.0491572
-0.117298
-0.0254551
-0.120408
-0.0025078
-0.119151
0.0192812
-0.114352
0.0397993
-0.107487
0.0588312
-0.0996917
0.0762692
-0.0914187
0.0920968
-0.083044
0.106364
-0.074893
0.119165
-0.0672376
0.130626
-0.0602981
-0.054385
-0.0151816
0.0773847
-0.0305859
0.0848756
-0.0461982
0.0907832
-0.0621588
0.0964107
-0.0783826
0.100665
-0.0945716
0.102494
-0.110237
0.100933
-0.124706
0.0951048
-0.137122
0.0842747
-0.146496
0.067965
-0.151799
0.0461166
-0.152159
0.0193604
-0.14712
-0.0108451
-0.136881
-0.042095
-0.122132
-0.0715655
-0.103823
-0.0971206
-0.0829692
-0.117409
-0.0605975
-0.131733
-0.0375829
-0.140157
-0.0147548
-0.143099
0.00712447
-0.140912
0.0278284
-0.134955
0.0473308
-0.126905
0.0653853
-0.117677
0.0818905
-0.107868
0.0968438
-0.0979525
0.110305
-0.0883175
0.12237
-0.0792728
0.133163
-0.0710653
-0.0639601
-0.0149208
0.0923069
-0.0298082
0.0997048
-0.0447361
0.105657
-0.0598493
0.111501
-0.0750945
0.115934
-0.0902109
0.117685
-0.104742
0.115587
-0.118043
0.108568
-0.129278
0.0956976
-0.13743
0.0763251
-0.141414
0.050329
-0.14031
0.0184991
-0.133797
-0.0171138
-0.122323
-0.0533341
-0.10674
-0.0869246
-0.0880889
-0.115558
-0.0673633
-0.137937
-0.0455257
-0.153391
-0.0233725
-0.162151
-0.00184697
-0.164485
0.0186643
-0.161303
0.0381674
-0.154357
0.0564545
-0.145108
0.0733244
-0.134478
0.0887011
-0.123188
0.102599
-0.111806
0.115089
-0.100771
0.126271
-0.0904245
0.136266
-0.0810345
-0.072817
-0.013798
0.106114
-0.0274258
0.113288
-0.0410072
0.119208
-0.0546823
0.125186
-0.068426
0.129738
-0.0820256
0.131398
-0.095068
0.128791
-0.106934
0.120637
-0.116794
0.105785
-0.123595
0.0833688
-0.12622
0.0532098
-0.123517
0.016059
-0.115544
-0.0248238
-0.103074
-0.0655509
-0.0870354
-0.102724
-0.068508
-0.133861
-0.0483852
-0.157854
-0.0275413
-0.17405
-0.00683819
-0.18269
0.0130568
-0.184237
0.0320705
-0.180194
0.0501418
-0.172325
0.0669957
-0.161876
0.0824781
-0.14989
0.0965447
-0.137198
0.109228
-0.124443
0.120605
-0.112112
0.13078
-0.100569
0.13987
-0.0900978
-0.0808653
-0.0117007
0.117821
-0.0232355
0.124792
-0.03472
0.130692
-0.0462861
0.136802
-0.0579377
0.141494
-0.0695106
0.143128
-0.0806415
0.140127
-0.0907458
0.130984
-0.0989869
0.114294
-0.104258
0.0889202
-0.105271
0.0545099
-0.101044
0.0121198
-0.0918078
-0.0337774
-0.0787927
-0.0782958
-0.0628624
-0.118401
-0.0450491
-0.15144
-0.0261121
-0.176577
-0.00689582
-0.193075
0.0118166
-0.201233
0.0298474
-0.202122
0.0472007
-0.197423
0.0635701
-0.188589
0.0787511
-0.17697
0.0926418
-0.16371
0.105227
-0.149726
0.116553
-0.135723
0.126702
-0.122224
0.135774
-0.109611
0.143877
-0.098174
-0.0880381
-0.00860714
0.12642
-0.017205
0.133373
-0.0258137
0.13934
-0.0345584
0.145647
-0.0434715
0.150566
-0.0524456
0.152313
-0.0611718
0.149107
-0.0691009
0.139199
-0.0754118
0.120911
-0.078979
0.0928034
-0.0783044
0.0541531
-0.0723252
0.00645382
-0.0622446
-0.0435554
-0.049372
-0.0908817
-0.0342904
-0.133215
-0.0178306
-0.167655
-0.00086365
-0.193323
0.0159688
-0.209711
0.0324745
-0.217567
0.0485483
-0.218047
0.0638787
-0.212626
0.0782414
-0.202845
0.0914986
-0.190139
0.103594
-0.175733
0.114538
-0.160612
0.124383
-0.145522
0.133211
-0.131014
0.141109
-0.117479
0.148171
-0.105209
-0.0942932
-0.00469036
0.131097
-0.00950674
0.138198
-0.0144909
0.144411
-0.0197067
0.151023
-0.0252027
0.156283
-0.0309387
0.158318
-0.0366575
0.155131
-0.0418491
0.14472
-0.0457074
0.125114
-0.0472877
0.0947332
-0.0449851
0.0521967
-0.037156
-0.00103889
-0.0269917
-0.0533985
-0.014906
-0.102666
-0.00167194
-0.146171
0.01238
-0.181453
0.0266721
-0.207387
0.0410729
-0.22391
0.0552518
-0.231569
0.0689215
-0.231565
0.0818563
-0.225432
0.0939066
-0.214788
0.104995
-0.201139
0.115105
-0.185771
0.124263
-0.169712
0.132525
-0.153738
0.13996
-0.138412
0.146639
-0.124127
0.152629
-0.111173
-0.0996116
3.92941e-06
0.131081
-0.000470071
0.138718
-0.001246
0.145336
-0.00231045
0.152319
-0.00379536
0.158058
-0.00569928
0.160553
-0.00786744
0.157657
-0.00987198
0.1471
-0.0107848
0.126408
-0.00888291
0.0932115
-0.00285628
0.0465416
0.00412579
-0.00766407
0.0128569
-0.0617921
0.0228795
-0.112374
0.0336541
-0.156657
0.045012
-0.192549
0.0567093
-0.21885
0.0683845
-0.235378
0.0797555
-0.242761
0.0906095
-0.242265
0.100806
-0.235498
0.110268
-0.224141
0.118973
-0.209755
0.126937
-0.193661
0.134196
-0.176912
0.140798
-0.160294
0.146794
-0.14437
0.15223
-0.129532
0.157143
-0.116058
-0.103995
0.00511146
0.125975
0.00956131
0.134373
0.0134563
0.141669
0.0169266
0.149161
0.0198675
0.155479
0.022235
0.158577
0.0242069
0.156094
0.0262856
0.145437
0.0294586
0.12365
0.0348175
0.0882591
0.0415143
0.0402375
0.0482757
-0.0140518
0.0554421
-0.0686078
0.0631895
-0.119797
0.0714501
-0.164621
0.0800444
-0.200876
0.0887342
-0.227302
0.0972597
-0.243695
0.105431
-0.250751
0.113133
-0.249811
0.120316
-0.242549
0.126977
-0.230692
0.133141
-0.215829
0.138847
-0.199295
0.144135
-0.182141
0.149037
-0.165149
0.153578
-0.148873
0.157771
-0.133694
0.16162
-0.11988
-0.107464
0.0110382
0.11499
0.0207752
0.124837
0.0293702
0.133397
0.0374238
0.1415
0.0448431
0.148487
0.0516185
0.152246
0.058032
0.150131
0.0646661
0.139251
0.0721587
0.116598
0.0802328
0.0806119
0.0874134
0.0334654
0.093561
-0.0198135
0.0993003
-0.073987
0.104969
-0.125134
0.110674
-0.170023
0.116323
-0.206254
0.121766
-0.232503
0.126872
-0.248589
0.131584
-0.25528
0.135911
-0.253982
0.139908
-0.246413
0.143644
-0.234319
0.147188
-0.219283
0.150595
-0.202628
0.153896
-0.185383
0.157102
-0.168307
0.160204
-0.151938
0.163181
-0.136639
0.165997
-0.122668
-0.110052
0.0198912
0.0953299
0.0336612
0.111339
0.0463747
0.121075
0.0587634
0.129557
0.0703859
0.137335
0.081346
0.141765
0.092008
0.139947
0.102741
0.128988
0.113469
0.106327
0.123244
0.0712759
0.131197
0.0259305
0.137413
-0.0256363
0.142318
-0.0785272
0.146378
-0.128858
0.149784
-0.173125
0.152559
-0.208755
0.154706
-0.234408
0.156287
-0.249958
0.157429
-0.256238
0.158296
-0.254693
0.159058
-0.247043
0.159858
-0.235009
0.160802
-0.220136
0.161948
-0.2037
0.163312
-0.186687
0.164875
-0.169823
0.166593
-0.153617
0.168404
-0.138419
0.170236
-0.124472
-0.111806
0.207461
0.00479285
0.207097
0.00934102
0.206573
0.0137166
0.20589
0.0180013
0.20505
0.0222642
0.204054
0.0265661
0.202903
0.0309598
0.201595
0.0354882
0.20013
0.0401839
0.198508
0.0450698
0.196729
0.0501621
0.194797
0.0554745
0.192715
0.0610218
0.190488
0.0668249
0.188126
0.0729143
0.185639
0.0793338
0.183041
0.0861427
0.18035
0.0934181
0.17759
0.101257
0.174793
0.109777
0.171998
0.119125
0.169256
0.129476
0.166635
0.141047
0.164225
0.154115
0.162159
0.169043
0.160648
0.186351
0.160123
0.206794
0.162233
0.231001
0.178127
0.254778
0.264899
0.267429
0.212501
0.00495017
0.21217
0.00964663
0.211695
0.0141632
0.211079
0.0185831
0.210325
0.0229764
0.209435
0.0274048
0.208411
0.031921
0.207253
0.0365683
0.205965
0.0413786
0.204549
0.0463737
0.203011
0.0515683
0.201357
0.0569737
0.199596
0.062602
0.197743
0.0684705
0.195813
0.0746058
0.193831
0.081046
0.191826
0.0878438
0.189835
0.0950672
0.187912
0.1028
0.186126
0.111145
0.184571
0.120222
0.18338
0.130172
0.182745
0.14115
0.182955
0.153343
0.184486
0.166932
0.188221
0.182035
0.195881
0.198576
0.210447
0.215935
0.232367
0.232491
0.245522
0.251587
0.217664
0.00508858
0.21737
0.00991496
0.21695
0.014554
0.216408
0.0190902
0.215748
0.0235939
0.214973
0.0281272
0.214087
0.0327429
0.213094
0.0374836
0.211998
0.0423801
0.210806
0.0474528
0.209527
0.0527139
0.208172
0.0581717
0.206757
0.0638344
0.205303
0.0697147
0.203835
0.0758327
0.202389
0.0822192
0.201009
0.0889167
0.199751
0.0959806
0.198693
0.103476
0.197938
0.11148
0.197626
0.120077
0.197946
0.129361
0.199162
0.139412
0.20167
0.150292
0.206034
0.162015
0.213063
0.174465
0.22376
0.187375
0.238904
0.200354
0.258024
0.213052
0.221992
0.281419
0.222953
0.00520635
0.222699
0.0101427
0.222339
0.0148843
0.221878
0.0195161
0.22132
0.0241089
0.22067
0.0287242
0.219934
0.0334147
0.219117
0.0382218
0.218227
0.0431751
0.217274
0.0482924
0.216271
0.0535831
0.215234
0.0590517
0.214183
0.0647017
0.213148
0.0705396
0.212162
0.0765782
0.21127
0.0828385
0.21053
0.0893504
0.210014
0.0961549
0.209815
0.103297
0.21006
0.110821
0.210916
0.118774
0.212597
0.127202
0.215387
0.136122
0.219663
0.1455
0.225907
0.155257
0.234661
0.165218
0.246499
0.175092
0.262098
0.184386
0.282425
0.192467
0.197098
0.307218
0.228371
0.00530187
0.22816
0.0103266
0.227865
0.0151495
0.22749
0.0198552
0.227042
0.0245143
0.226525
0.0291877
0.225948
0.0339272
0.225319
0.0387727
0.224647
0.0437519
0.223947
0.0488801
0.223234
0.0541631
0.222528
0.059601
0.221856
0.0651916
0.221252
0.0709347
0.220758
0.0768349
0.220425
0.0829024
0.220321
0.0891536
0.220529
0.0956124
0.221155
0.102303
0.222331
0.109243
0.224231
0.116446
0.227069
0.123911
0.231111
0.131608
0.236676
0.139459
0.244136
0.147329
0.253909
0.155006
0.26644
0.162173
0.282183
0.168332
0.301486
0.172958
0.175404
0.323105
0.233922
0.00537367
0.233757
0.010464
0.233531
0.0153455
0.233248
0.0201023
0.232915
0.0248039
0.232539
0.0295106
0.232129
0.0342723
0.231696
0.0391277
0.231252
0.0441017
0.230815
0.0492068
0.230401
0.0544451
0.230036
0.0598116
0.229751
0.0652982
0.229583
0.0708977
0.22958
0.0766058
0.2298
0.0824219
0.230312
0.0883498
0.231207
0.0943955
0.232594
0.100564
0.234605
0.106851
0.237402
0.113244
0.241179
0.11971
0.246166
0.126187
0.252619
0.132571
0.260819
0.138709
0.271053
0.144385
0.283572
0.149319
0.298497
0.153145
0.315766
0.15552
0.156398
0.334711
0.239607
0.00542047
0.239491
0.0105524
0.239337
0.0154689
0.239151
0.0202529
0.238939
0.0249727
0.23871
0.0296869
0.238474
0.0344441
0.238244
0.0392804
0.238035
0.0442184
0.237866
0.0492672
0.237758
0.0544248
0.237738
0.0596811
0.23784
0.0650224
0.238106
0.0704343
0.238584
0.0759037
0.239336
0.0814201
0.240432
0.0869749
0.241962
0.0925599
0.24403
0.0981632
0.246761
0.103765
0.250297
0.109332
0.254806
0.114813
0.260467
0.120131
0.267474
0.125175
0.276015
0.129798
0.286252
0.133812
0.298284
0.137
0.312095
0.139114
0.327556
0.139919
0.139544
0.344358
0.245431
0.00544117
0.245366
0.0105897
0.245287
0.0155168
0.245201
0.0203034
0.245115
0.0250164
0.245037
0.0297125
0.244981
0.0344379
0.244959
0.0392268
0.244989
0.0440985
0.245091
0.0490589
0.245289
0.0541019
0.245613
0.0592127
0.246097
0.0643718
0.246784
0.069558
0.247724
0.0747505
0.248977
0.0799298
0.250613
0.085077
0.252715
0.0901724
0.255378
0.0951921
0.258711
0.100104
0.262835
0.104865
0.267881
0.109416
0.273986
0.113675
0.281279
0.11754
0.289872
0.120882
0.299842
0.123554
0.311204
0.125394
0.323896
0.12624
0.337764
0.125935
0.124665
0.352597
0.251396
0.00543493
0.251383
0.0105743
0.251383
0.0154869
0.2514
0.0202514
0.251442
0.0249324
0.251519
0.0295844
0.251644
0.0342516
0.251833
0.0389651
0.252103
0.0437416
0.252475
0.0485836
0.252977
0.0534809
0.253637
0.0584144
0.254491
0.0633594
0.255582
0.0682888
0.256957
0.0731751
0.258674
0.0779914
0.260797
0.0827108
0.2634
0.0873054
0.266567
0.0917436
0.270388
0.0959868
0.274959
0.0999874
0.280378
0.103685
0.286738
0.107006
0.29412
0.109861
0.302579
0.112147
0.312137
0.113753
0.322763
0.114566
0.334368
0.114484
0.346795
0.113415
0.111544
0.359878
0.257505
0.00540115
0.257547
0.0105051
0.257626
0.0153779
0.257747
0.0200952
0.25792
0.0247191
0.258153
0.0293018
0.258461
0.0338847
0.258859
0.0384964
0.259367
0.0431505
0.260006
0.0478463
0.260804
0.0525702
0.261788
0.0572991
0.262996
0.0620038
0.264465
0.0666524
0.266243
0.0712121
0.268379
0.0756504
0.270932
0.079935
0.273966
0.0840329
0.277548
0.0879082
0.28175
0.0915206
0.286643
0.094823
0.292296
0.0977603
0.298767
0.100269
0.306097
0.102277
0.314305
0.103707
0.323375
0.104481
0.333251
0.104525
0.343836
0.103778
0.354985
0.102192
0.0999338
0.366566
0.263762
0.0053395
0.263858
0.0103817
0.264018
0.0151891
0.264245
0.0198343
0.264548
0.0243766
0.264937
0.0288653
0.265426
0.0333392
0.266031
0.0378241
0.266772
0.0423309
0.26767
0.0468558
0.268751
0.0513822
0.270045
0.0558838
0.271584
0.0603279
0.273403
0.0646788
0.275545
0.0689
0.278055
0.0729553
0.280979
0.0768094
0.284372
0.0804267
0.288285
0.0837705
0.292771
0.0868017
0.297882
0.0894775
0.303657
0.0917508
0.31013
0.0935702
0.317313
0.0948818
0.325197
0.0956308
0.333747
0.0957658
0.342897
0.0952428
0.352549
0.0940303
0.362578
0.092109
0.0896211
0.372871
0.27017
0.00524991
0.270321
0.0102038
0.270561
0.0149207
0.270894
0.0194695
0.271326
0.0239062
0.271869
0.0282774
0.272535
0.032619
0.273342
0.0369541
0.274307
0.0412912
0.275454
0.0456237
0.276805
0.0499325
0.278387
0.0541889
0.280231
0.0583577
0.282369
0.0624009
0.284836
0.0662794
0.287669
0.0699555
0.290907
0.0733924
0.294591
0.0765546
0.298758
0.0794067
0.303446
0.0819133
0.308685
0.0840377
0.314496
0.085742
0.32089
0.0869875
0.327861
0.0877364
0.335384
0.087953
0.343411
0.087607
0.351875
0.0866761
0.360685
0.0851491
0.36973
0.0830251
0.0804249
0.378915
0.276732
0.00513261
0.276938
0.00997215
0.277258
0.0145737
0.277694
0.0190022
0.278253
0.0233104
0.278946
0.0275418
0.279785
0.0317296
0.280786
0.0358943
0.281966
0.0400419
0.283347
0.0441639
0.284949
0.0482392
0.286799
0.0522375
0.28892
0.056122
0.291342
0.0598534
0.294092
0.063392
0.297201
0.0666995
0.300697
0.0697397
0.304609
0.0724786
0.308963
0.0748841
0.31378
0.0769254
0.319076
0.0785729
0.324856
0.079798
0.331115
0.080574
0.337834
0.0808766
0.344979
0.0806855
0.352497
0.0799864
0.360323
0.0787726
0.368374
0.0770466
0.376556
0.0748194
0.0721925
0.384785
0.283452
0.00498805
0.283712
0.00968766
0.284109
0.0141498
0.284647
0.0184352
0.28533
0.0225932
0.286168
0.0266641
0.287172
0.0306785
0.288357
0.0346544
0.28974
0.0385958
0.291339
0.0424925
0.293174
0.0463223
0.295265
0.0500539
0.297635
0.0536501
0.300306
0.0570713
0.303299
0.0602782
0.306637
0.0632334
0.310339
0.0659024
0.314423
0.0682539
0.318905
0.0702599
0.323792
0.0718951
0.329088
0.073137
0.334787
0.0739657
0.340872
0.0743645
0.347317
0.0743204
0.354082
0.0738253
0.361114
0.0728765
0.368352
0.0714781
0.375723
0.0696417
0.383144
0.0673856
0.0647944
0.390545
0.290333
0.00481698
0.290646
0.00935186
0.291119
0.0136515
0.291754
0.0177721
0.292556
0.0217595
0.293532
0.0256511
0.294693
0.0294745
0.296052
0.0332458
0.297623
0.036967
0.299424
0.0406271
0.301469
0.0442031
0.303778
0.0476636
0.306366
0.0509717
0.309251
0.0540888
0.312448
0.0569766
0.315971
0.0595997
0.319832
0.0619262
0.32404
0.0639282
0.328599
0.0655822
0.333508
0.0668683
0.338761
0.0677707
0.344342
0.0682772
0.350229
0.0683795
0.35639
0.0680734
0.362783
0.0673598
0.369359
0.0662444
0.376059
0.0647387
0.38282
0.0628599
0.389572
0.0606305
0.0581207
0.396253
0.29738
0.00462032
0.297743
0.00896666
0.298289
0.0130817
0.299018
0.0170171
0.299933
0.0208152
0.30104
0.0245103
0.302348
0.0281275
0.303868
0.0316807
0.305613
0.0351708
0.307596
0.038586
0.30983
0.0419034
0.31233
0.045092
0.315108
0.0481161
0.318174
0.0509384
0.321538
0.053523
0.325207
0.0558369
0.329186
0.0578512
0.333474
0.0595419
0.338069
0.0608898
0.342962
0.0618804
0.348139
0.0625035
0.353579
0.0627535
0.359254
0.0626286
0.365131
0.0621317
0.371168
0.0612698
0.377318
0.0600546
0.38353
0.0585022
0.389746
0.0566331
0.395908
0.0544718
0.0520766
0.401964
0.304595
0.00439919
0.305006
0.00853436
0.305622
0.012444
0.30644
0.0161753
0.307462
0.019767
0.308691
0.0232503
0.310135
0.0266481
0.311803
0.0299723
0.313705
0.0332229
0.315853
0.0363878
0.318255
0.0394447
0.320921
0.0423636
0.323859
0.0451106
0.327076
0.0476505
0.330574
0.0499499
0.334354
0.0519787
0.338414
0.0537115
0.342748
0.055128
0.347347
0.0562133
0.352194
0.0569574
0.357272
0.0573551
0.362555
0.0574058
0.368014
0.0571131
0.373614
0.0564846
0.379314
0.0555319
0.385073
0.0542702
0.390842
0.0527185
0.396573
0.0508989
0.402217
0.0488364
0.0465794
0.407729
0.311983
0.00415487
0.31244
0.00805747
0.313122
0.0117422
0.314024
0.0152519
0.315144
0.0186218
0.316487
0.0218801
0.318057
0.0250473
0.31986
0.0281339
0.321904
0.031139
0.324196
0.0340509
0.326745
0.0368479
0.329554
0.0395018
0.332627
0.0419807
0.335965
0.0442522
0.339567
0.0462855
0.343428
0.0480539
0.34754
0.0495352
0.351891
0.0507129
0.356467
0.0515756
0.361248
0.0521174
0.366212
0.0523372
0.371331
0.0522381
0.376576
0.0518276
0.38191
0.0511167
0.387298
0.0501196
0.392698
0.048854
0.398071
0.04734
0.403372
0.0456001
0.408562
0.0436587
0.0415563
0.4136
0.319547
0.00388868
0.320049
0.00753867
0.320792
0.0109805
0.321772
0.0142527
0.322985
0.017387
0.324432
0.0204086
0.326116
0.023336
0.32804
0.0261783
0.330211
0.0289342
0.332632
0.0315922
0.335306
0.0341321
0.338236
0.0365275
0.341421
0.0387491
0.344856
0.0407672
0.348537
0.0425541
0.352453
0.0440862
0.356592
0.0453448
0.360939
0.0463163
0.365473
0.046993
0.370174
0.0473719
0.375016
0.047455
0.379971
0.0472485
0.385008
0.0467621
0.390093
0.0460091
0.395192
0.0450054
0.400269
0.0437694
0.405287
0.0423215
0.41021
0.0406839
0.415002
0.0388798
0.0369428
0.419632
0.327293
0.00360201
0.327835
0.00698072
0.328636
0.0101631
0.329688
0.0131833
0.330986
0.0160698
0.332528
0.018845
0.334315
0.0215253
0.336349
0.0241184
0.338631
0.026623
0.341163
0.0290281
0.343945
0.0313151
0.346976
0.0334598
0.350251
0.0354355
0.353763
0.0372155
0.357501
0.0387753
0.361453
0.0400943
0.365601
0.0411568
0.369926
0.0419522
0.374408
0.0424753
0.379021
0.0427258
0.383739
0.0427079
0.388533
0.0424296
0.393374
0.0419023
0.398229
0.0411403
0.403066
0.04016
0.407854
0.0389801
0.412559
0.0376203
0.41715
0.0361017
0.421598
0.034446
0.0326812
0.425875
0.335225
0.00329618
0.335805
0.00638621
0.336659
0.00929377
0.337778
0.0120491
0.339154
0.0146771
0.340783
0.0171976
0.342663
0.0196249
0.344793
0.0219656
0.347174
0.0242183
0.349803
0.0263728
0.352677
0.0284122
0.355792
0.0303147
0.35914
0.0320564
0.362711
0.0336136
0.366489
0.0349647
0.37046
0.0360922
0.374603
0.036983
0.378898
0.0376291
0.383319
0.0380273
0.387842
0.0381794
0.392439
0.0380908
0.397081
0.0377707
0.401741
0.0372312
0.406387
0.0364869
0.41099
0.0355542
0.415521
0.0344509
0.419951
0.0331958
0.424255
0.0318085
0.428406
0.0303086
0.0287199
0.432382
0.343346
0.00297237
0.343962
0.00575754
0.344866
0.00837635
0.346047
0.0108551
0.347494
0.0132155
0.349202
0.0154744
0.351165
0.0176441
0.353382
0.0197304
0.355848
0.0217316
0.358561
0.0236386
0.361514
0.0254364
0.364699
0.0271055
0.368106
0.0286249
0.371721
0.0299737
0.375528
0.0311334
0.379507
0.0320891
0.383637
0.0328301
0.387895
0.0333505
0.392254
0.0336489
0.39669
0.033728
0.401173
0.0335943
0.405676
0.0332574
0.410171
0.0327294
0.414631
0.0320244
0.419028
0.0311582
0.423335
0.0301474
0.427529
0.0290095
0.431586
0.0277621
0.435485
0.026423
0.0250119
0.439207
0.351663
0.00263153
0.352312
0.00509659
0.353264
0.00741378
0.354501
0.00960571
0.356014
0.0116904
0.357793
0.0136819
0.359833
0.0155906
0.362126
0.0174212
0.364669
0.0191721
0.367455
0.0208354
0.370476
0.0223976
0.373721
0.0238419
0.377177
0.02515
0.380827
0.026304
0.384654
0.027288
0.388636
0.0280896
0.39275
0.0287003
0.39697
0.0291157
0.40127
0.0293355
0.405624
0.0293634
0.410005
0.029206
0.414384
0.0288727
0.418735
0.0283753
0.423033
0.027727
0.427252
0.0269423
0.431369
0.0260364
0.435361
0.0250249
0.43921
0.0239236
0.442897
0.0227481
0.0215148
0.446406
0.360179
0.00227416
0.360861
0.00440454
0.361857
0.00640835
0.363148
0.00830444
0.364722
0.0101068
0.366566
0.0118263
0.368674
0.0134712
0.371037
0.0150456
0.373648
0.0165479
0.376499
0.0179711
0.379578
0.0193037
0.382875
0.0205312
0.386372
0.0216382
0.390053
0.0226093
0.393896
0.0234315
0.397878
0.0240944
0.401976
0.0245914
0.406162
0.0249194
0.41041
0.0250788
0.414694
0.0250735
0.418986
0.0249101
0.423259
0.0245973
0.427488
0.024146
0.431649
0.0235681
0.435719
0.0228766
0.439677
0.022085
0.443503
0.0212069
0.44718
0.0202561
0.450693
0.0192458
0.0181899
0.454028
0.368902
0.00189997
0.369616
0.00368121
0.370655
0.00536097
0.371998
0.00695362
0.373628
0.00846789
0.375534
0.00991134
0.377705
0.0112905
0.380132
0.0126086
0.382806
0.0138639
0.385715
0.0150507
0.388849
0.0161591
0.392192
0.0171772
0.395728
0.0180919
0.399436
0.0188908
0.403295
0.0195632
0.40728
0.0201007
0.411366
0.0204981
0.415526
0.0207533
0.419732
0.0208672
0.423959
0.0208436
0.428179
0.0206884
0.432367
0.0204097
0.436497
0.0200168
0.440549
0.0195203
0.444499
0.0189312
0.448329
0.018261
0.452022
0.0175215
0.455562
0.0167241
0.458938
0.01588
0.0150001
0.462136
0.377836
0.00150718
0.378586
0.0029242
0.379668
0.00427156
0.381059
0.00555544
0.382743
0.00677708
0.384705
0.00794104
0.386936
0.00905262
0.389422
0.0101141
0.392154
0.011124
0.395119
0.0120773
0.398304
0.0129661
0.401693
0.0137807
0.405266
0.0145108
0.409003
0.0151463
0.412881
0.0156787
0.416875
0.0161016
0.420957
0.016411
0.425101
0.0166054
0.42928
0.016686
0.433467
0.0166561
0.437634
0.0165208
0.441759
0.0162869
0.445816
0.0159623
0.449784
0.0155556
0.453644
0.0150761
0.457378
0.0145331
0.46097
0.0139362
0.464407
0.0132946
0.467678
0.0126173
0.0119131
0.470772
0.386991
0.0010904
0.387784
0.0021254
0.388913
0.0031364
0.390353
0.00410881
0.39209
0.00503423
0.394109
0.00591614
0.396396
0.00675901
0.39894
0.0075641
0.401728
0.00832978
0.404747
0.00905202
0.407983
0.0097248
0.411417
0.0103407
0.415031
0.0108919
0.418801
0.0113708
0.422705
0.0117709
0.426716
0.0120876
0.430806
0.0123178
0.434949
0.0124608
0.439117
0.0125174
0.443283
0.0124904
0.447421
0.0123839
0.451507
0.0122032
0.455518
0.0119545
0.459433
0.0116444
0.463234
0.01128
0.466904
0.0108687
0.470429
0.0104175
0.473796
0.00993348
0.476997
0.0094234
0.0088937
0.480022
0.396379
0.000638239
0.397221
0.00127773
0.398394
0.001958
0.399882
0.00261552
0.401671
0.00323966
0.403746
0.00383642
0.406091
0.00440882
0.408694
0.00495667
0.41154
0.00547832
0.414617
0.00597083
0.417907
0.00642997
0.421393
0.00685057
0.425054
0.00722714
0.428868
0.00755447
0.432808
0.00782813
0.436849
0.00804483
0.440963
0.00820265
0.445122
0.00830101
0.449299
0.00834068
0.453467
0.00832357
0.457601
0.0082526
0.461675
0.00813146
0.465669
0.00796441
0.469561
0.0077561
0.473334
0.00751141
0.476973
0.00723532
0.480463
0.00693274
0.483793
0.0066085
0.486955
0.00626721
0.00591334
0.489941
0.406079
6.35232e-05
0.406979
0.00037284
0.408192
0.000740389
0.409725
0.00107766
0.411562
0.00139806
0.413686
0.00170854
0.416081
0.00200901
0.418735
0.00229825
0.421635
0.00257501
0.424765
0.00283756
0.428108
0.00308343
0.431646
0.00330967
0.435357
0.00351319
0.439219
0.00369105
0.443204
0.00384081
0.447288
0.00396067
0.451441
0.00404957
0.455635
0.00410722
0.459843
0.00413405
0.464037
0.00413111
0.468192
0.00409998
0.472284
0.00404265
0.476291
0.0039614
0.480192
0.00385871
0.483971
0.00373717
0.487612
0.0035994
0.491101
0.00344798
0.494429
0.00328544
0.497588
0.00311416
0.00293656
0.500569
0.415377
0.415745
0.416481
0.417554
0.418948
0.420653
0.422658
0.424952
0.427524
0.430358
0.433439
0.436746
0.440258
0.443947
0.447787
0.451748
0.455798
0.459906
0.464042
0.468175
0.472278
0.476324
0.480289
0.484152
0.487893
0.491497
0.49495
0.49824
0.501359
0.5043
0.161162
0.106296
0.0782519
0.0829155
0.0597627
0.0184648
0.243441
0.114411
0.224121
0.102233
0.0894217
0.194467
0.289554
0.106253
0.289323
0.102456
0.0975242
0.28121
0.316983
0.0964763
0.323011
0.0964161
0.0956233
0.324881
0.333057
0.0865173
0.341805
0.0876501
0.0884628
0.348916
0.344158
0.0770644
0.353468
0.0783152
0.0794938
0.362372
0.352846
0.0685699
0.361555
0.0695746
0.0705899
0.370382
0.360073
0.0610879
0.367837
0.0617752
0.0624745
0.37587
0.366449
0.0545121
0.37327
0.0549174
0.0553154
0.380345
0.372355
0.0487203
0.378336
0.048902
0.0490591
0.384509
0.377991
0.0436003
0.383249
0.0436124
0.0435885
0.388642
0.383464
0.0390542
0.388108
0.0389416
0.0387867
0.392839
0.388845
0.0349998
0.392965
0.0347987
0.034553
0.397136
0.394184
0.0313684
0.397856
0.0311081
0.0308032
0.401552
0.399529
0.0281025
0.402816
0.0278059
0.0274667
0.406106
0.404924
0.0251528
0.407881
0.0248379
0.0244835
0.410825
0.410416
0.0224765
0.413088
0.0221573
0.0218021
0.415738
0.416051
0.0200364
0.41848
0.0197233
0.0193781
0.420877
0.421879
0.0177997
0.424098
0.0175005
0.017173
0.426282
0.427947
0.0157372
0.429988
0.0154574
0.015153
0.431991
0.434305
0.0138229
0.436196
0.0135664
0.0132887
0.438047
0.441004
0.0120333
0.442768
0.0118026
0.011554
0.444492
0.448099
0.0103475
0.449758
0.0101441
0.00992579
0.451378
0.455636
0.00874588
0.457209
0.00857082
0.00838336
0.458746
0.463676
0.00721091
0.465183
0.00706458
0.00690829
0.466653
0.472262
0.00572537
0.473719
0.0056079
0.00548261
0.475141
0.481477
0.00427444
0.482899
0.00418594
0.00409179
0.484287
0.491378
0.00284018
0.492784
0.00278059
0.00271699
0.494156
0.502
0.00141128
0.503401
0.00138024
0.00134755
0.504769
0.505714
0.507094
0.508441
0.0251544
0.0887931
0.0448747
0.0919032
0.0653896
0.100971
0.0833883
0.112028
0.0996692
0.121552
0.115036
0.126906
0.129923
0.125565
0.14441
0.114996
0.157962
0.0932538
0.169551
0.0601468
0.178646
0.0172724
0.185306
-0.031887
0.190064
-0.082906
0.193145
-0.131591
0.194653
-0.174316
0.194725
-0.208544
0.193601
-0.233034
0.191612
-0.247749
0.189126
-0.253561
0.186498
-0.251902
0.184026
-0.244434
0.181929
-0.232798
0.180339
-0.218453
0.179312
-0.202597
0.178838
-0.186152
0.178864
-0.169799
0.179303
-0.154017
0.180053
-0.139137
0.181001
-0.125391
-0.11282
0.143861
0.139467
0.120136
0.115881
0.115064
0.106421
0.121704
0.105835
0.134564
0.109178
0.15021
0.111763
0.166826
0.109453
0.183309
0.0990097
0.198644
0.0784014
0.212009
0.0472452
0.222973
0.0067491
0.231169
-0.0396689
0.236488
-0.087842
0.238851
-0.133602
0.238405
-0.173551
0.235564
-0.205416
0.230922
-0.228138
0.225147
-0.241751
0.21888
-0.247103
0.21267
-0.245527
0.206931
-0.238556
0.201938
-0.227689
0.197834
-0.214254
0.194657
-0.199342
0.192363
-0.183796
0.190858
-0.168243
0.190014
-0.153132
0.18969
-0.138779
0.189736
-0.125406
-0.113073
0.251919
0.168803
0.224196
0.143811
0.204349
0.126595
0.194468
0.116121
0.194207
0.109892
0.201509
0.104939
0.213686
0.0977636
0.228254
0.0849258
0.243262
0.0638653
0.257522
0.0334421
0.269892
-0.00518121
0.279009
-0.0483739
0.284035
-0.0924884
0.284796
-0.134014
0.281676
-0.170112
0.275436
-0.198889
0.267027
-0.219474
0.257413
-0.231914
0.247454
-0.23695
0.237836
-0.235744
0.229047
-0.229627
0.221381
-0.219906
0.214971
-0.207747
0.209822
-0.194113
0.205852
-0.179762
0.202926
-0.165265
0.20088
-0.151044
0.199538
-0.137402
0.198721
-0.124558
-0.112593
0.317348
0.176349
0.303446
0.15787
0.289195
0.141115
0.278226
0.12744
0.272664
0.115859
0.273232
0.104809
0.279329
0.0921215
0.289433
0.075281
0.301664
0.0520851
0.314052
0.0214957
0.324384
-0.015084
0.330895
-0.0544844
0.332729
-0.0939519
0.329841
-0.130783
0.322805
-0.162762
0.312584
-0.188382
0.300296
-0.206933
0.287037
-0.218433
0.273751
-0.223471
0.261163
-0.22299
0.249763
-0.218086
0.239826
-0.209852
0.231452
-0.199275
0.224608
-0.18719
0.219178
-0.174267
0.214991
-0.161027
0.211858
-0.147868
0.209579
-0.135086
0.207954
-0.122902
-0.111418
0.35516
0.170083
0.3548
0.15833
0.351165
0.144959
0.347151
0.131744
0.344867
0.118492
0.345652
0.104413
0.349943
0.0882439
0.357199
0.0684472
0.365994
0.0437124
0.374095
0.0138131
0.379451
-0.0200328
0.380774
-0.0554246
0.377555
-0.0903744
0.369943
-0.12284
0.358612
-0.151125
0.344557
-0.174048
0.328889
-0.191017
0.312671
-0.201999
0.296809
-0.207419
0.281977
-0.207995
0.268617
-0.204587
0.25696
-0.198078
0.247067
-0.189285
0.238876
-0.178919
0.232246
-0.167572
0.226994
-0.155721
0.222913
-0.143743
0.219793
-0.131931
0.21743
-0.120505
-0.109595
0.375894
0.156504
0.38456
0.149711
0.389756
0.139912
0.393237
0.128491
0.396471
0.115547
0.400488
0.100728
0.405736
0.0833594
0.411905
0.0626586
0.417872
0.0381313
0.421977
0.0100945
0.422657
-0.0203346
0.419312
-0.0517191
0.411784
-0.0825059
0.400414
-0.111152
0.385925
-0.136342
0.369268
-0.157121
0.351462
-0.172971
0.333473
-0.183798
0.316106
-0.189866
0.299957
-0.191685
0.285408
-0.189901
0.27265
-0.185205
0.261724
-0.178261
0.252557
-0.169672
0.245007
-0.159958
0.238893
-0.149554
0.234012
-0.138819
0.23016
-0.128041
0.227131
-0.117443
-0.107175
0.38642
0.140381
0.39964
0.13649
0.410227
0.129418
0.418924
0.119963
0.426475
0.108226
0.433407
0.0940728
0.439877
0.0772
0.445545
0.0573238
0.449569
0.0344534
0.450898
0.00911452
0.44872
-0.0178122
0.442698
-0.0453626
0.4329
-0.0723886
0.419756
-0.0977085
0.40397
-0.120278
0.386411
-0.139306
0.367985
-0.154315
0.349539
-0.165148
0.331778
-0.171925
0.315228
-0.174978
0.300227
-0.174767
0.286953
-0.171817
0.275447
-0.166659
0.265651
-0.159798
0.257445
-0.151686
0.250666
-0.142721
0.245132
-0.133241
0.240652
-0.123524
0.237036
-0.113793
-0.104215
0.391655
0.124488
0.406155
0.121954
0.418997
0.11662
0.430255
0.10882
0.4401
0.0985556
0.448623
0.0857713
0.455717
0.0703647
0.461012
0.0523141
0.463927
0.0318394
0.463868
0.00948302
0.460439
-0.0140724
0.453504
-0.0381235
0.44322
-0.0618101
0.430008
-0.0842186
0.414499
-0.104509
0.397444
-0.122011
0.379623
-0.136276
0.361764
-0.147094
0.344481
-0.154471
0.328246
-0.158591
0.313375
-0.159766
0.300049
-0.15838
0.288333
-0.15485
0.2782
-0.149588
0.269565
-0.142987
0.262298
-0.135402
0.256246
-0.127145
0.251244
-0.118484
0.24712
-0.109635
-0.100775
0.394692
0.110021
0.40859
0.107992
0.421553
0.103665
0.433333
0.0971111
0.443765
0.0882495
0.452667
0.0770413
0.459773
0.0634677
0.464718
0.0476075
0.467094
0.0297214
0.46657
0.010276
0.462978
-0.0102058
0.456276
-0.0311486
0.446629
-0.0518979
0.434406
-0.0717405
0.420131
-0.0899941
0.404426
-0.106084
0.387944
-0.11959
0.3713
-0.130266
0.355031
-0.138039
0.339565
-0.142982
0.325209
-0.145286
0.312156
-0.145221
0.300502
-0.143105
0.290259
-0.13927
0.281382
-0.134047
0.273781
-0.127748
0.267336
-0.120656
0.26191
-0.11302
0.257356
-0.105047
-0.0969152
0.397133
0.0972747
0.409648
0.0953972
0.421634
0.0916596
0.432756
0.0860241
0.442716
0.0783744
0.451216
0.06867
0.457933
0.0569162
0.462527
0.0432081
0.46469
0.0277735
0.464218
0.010979
0.461017
-0.00676608
0.455095
-0.024986
0.446596
-0.0431618
0.435813
-0.0607281
0.423164
-0.0771267
0.409149
-0.0918644
0.394301
-0.104553
0.379139
-0.114934
0.364131
-0.122877
0.349666
-0.128381
0.336042
-0.131543
0.323467
-0.132544
0.312063
-0.131614
0.301881
-0.129015
0.292914
-0.125019
0.285109
-0.119892
0.278382
-0.113886
0.272625
-0.107226
0.267718
-0.100104
-0.0926985
0.399647
0.0861492
0.410635
0.0843209
0.42128
0.0809772
0.431266
0.076047
0.440281
0.0694121
0.448012
0.0610313
0.454144
0.050911
0.458376
0.0391315
0.460457
0.0258702
0.460226
0.011403
0.457609
-0.00394499
0.452622
-0.01979
0.445377
-0.0357083
0.436097
-0.0512444
0.425106
-0.0659392
0.412798
-0.0793711
0.399605
-0.0911887
0.385963
-0.101133
0.372275
-0.109048
0.358896
-0.114875
0.34611
-0.118647
0.334132
-0.12047
0.323106
-0.120505
0.313112
-0.118951
0.304176
-0.116024
0.29628
-0.111947
0.289371
-0.106935
0.28337
-0.101189
0.278182
-0.0948826
-0.0881865
0.402442
0.0764323
0.412028
0.0746461
0.421344
0.0716127
0.430125
0.0672568
0.438092
0.0614734
0.444964
0.0542234
0.450461
0.0455088
0.454324
0.0353894
0.45634
0.0239977
0.456365
0.0115387
0.454325
-0.00173343
0.450223
-0.0155096
0.444139
-0.0294433
0.436237
-0.0431635
0.426763
-0.056292
0.416028
-0.0684701
0.40438
-0.0793851
0.39218
-0.0887901
0.379778
-0.0965147
0.367488
-0.102468
0.35558
-0.106635
0.344267
-0.109066
0.333705
-0.109865
0.323994
-0.109174
0.315188
-0.107161
0.307296
-0.104007
0.300293
-0.0998914
0.294129
-0.0949885
0.288731
-0.0894519
-0.0834401
0.405554
0.0679114
0.413929
0.0661849
0.422065
0.0634239
0.429744
0.0595573
0.436731
0.0544971
0.442787
0.048208
0.447677
0.0406878
0.451181
0.0319786
0.453115
0.0221776
0.453346
0.0114385
0.451796
-4.12931e-05
0.448453
-0.0120156
0.443367
-0.0242027
0.436658
-0.0362995
0.428511
-0.0479937
0.41917
-0.0589819
0.408913
-0.0689893
0.398039
-0.0777871
0.386845
-0.0852032
0.375612
-0.0911278
0.364585
-0.0955128
0.353969
-0.0983673
0.343926
-0.0997493
0.33457
-0.0997553
0.325972
-0.0985096
0.318164
-0.0961533
0.311147
-0.0928345
0.304892
-0.0886986
0.299351
-0.0838785
-0.0785179
0.408969
0.060403
0.416319
0.0587552
0.423446
0.0562446
0.43017
0.0528061
0.436298
0.0483678
0.441631
0.0428989
0.445973
0.036394
0.44914
0.0288821
0.450972
0.0204343
0.451349
0.0111665
0.450191
0.00123303
0.447473
-0.00917237
0.443224
-0.0198227
0.437527
-0.0304707
0.430523
-0.0408582
0.422399
-0.0507293
0.413377
-0.0598455
0.403704
-0.0679988
0.39363
-0.0750232
0.383399
-0.0808
0.373233
-0.0852603
0.363326
-0.0883834
0.353836
-0.0901922
0.344884
-0.0907454
0.336556
-0.0901304
0.328899
-0.0884536
0.321934
-0.085832
0.315654
-0.0823847
0.31003
-0.0782235
-0.0734753
0.412677
0.0537533
0.419162
0.0521992
0.425434
0.0499223
0.431347
0.0468641
0.43674
0.0429661
0.441449
0.038202
0.445311
0.0325648
0.44817
0.026074
0.449891
0.0187817
0.450365
0.0107752
0.449516
0.00217632
0.447309
-0.00686283
0.443757
-0.0161619
0.438917
-0.0255188
0.432892
-0.0347206
0.425825
-0.0435523
0.417894
-0.0518083
0.4093
-0.0593031
0.400251
-0.0658809
0.390959
-0.0714216
0.381622
-0.0758445
0.372417
-0.0791086
0.363497
-0.0812102
0.354984
-0.0821786
0.34697
-0.0820701
0.339518
-0.0809612
0.332663
-0.0789409
0.326414
-0.0761039
0.320762
-0.0725416
-0.0683634
0.416678
0.0478331
0.422433
0.0463829
0.427984
0.0443253
0.43321
0.0416078
0.43798
0.0381834
0.442157
0.0340295
0.445604
0.0291386
0.448191
0.0235234
0.449802
0.0172225
0.45034
0.0103021
0.449735
0.00285592
0.447947
-0.00499109
0.444976
-0.0131021
0.440861
-0.0213098
0.435674
-0.029439
0.429525
-0.0373098
0.422555
-0.0447464
0.414925
-0.0515853
0.406811
-0.0576836
0.39839
-0.0629249
0.389839
-0.0672232
0.381318
-0.0705245
0.37297
-0.0728062
0.364915
-0.0740748
0.357249
-0.0743616
0.350044
-0.0737178
0.343344
-0.0722082
0.337176
-0.0699052
0.331544
-0.0668811
-0.063228
0.420982
0.0425326
0.42612
0.0411927
0.431063
0.0393409
0.435712
0.0369308
0.439956
0.0339243
0.443682
0.0303025
0.446775
0.0260577
0.449126
0.0211982
0.450635
0.0157525
0.451215
0.0097712
0.450802
0.00332744
0.449362
-0.003484
0.446881
-0.0105481
0.44338
-0.0177322
0.438913
-0.0248925
0.433561
-0.031879
0.427435
-0.0385422
0.420665
-0.0447396
0.413395
-0.0503423
0.405778
-0.0552408
0.397964
-0.0593483
0.3901
-0.0626037
0.382315
-0.0649717
0.374727
-0.0664417
0.36743
-0.0670257
0.360501
-0.0667539
0.353994
-0.0656705
0.347946
-0.0638286
0.342375
-0.0612832
-0.0581099
0.425606
0.0377578
0.430223
0.0365314
0.434656
0.034873
0.438819
0.0327415
0.442622
0.0301063
0.445969
0.0269514
0.448763
0.0232697
0.450913
0.0190662
0.452331
0.0143619
0.452944
0.00919566
0.452693
0.00362437
0.45154
-0.00227831
0.449469
-0.00841908
0.446491
-0.0146912
0.442641
-0.0209772
0.437981
-0.0271527
0.432595
-0.0330911
0.426589
-0.0386692
0.420081
-0.0437725
0.413198
-0.0483001
0.406071
-0.052168
0.398829
-0.055312
0.391591
-0.0576891
0.384466
-0.0592769
0.377548
-0.0600723
0.370915
-0.0600894
0.364628
-0.0593551
0.358732
-0.057906
0.353256
-0.0557821
-0.0530434
0.430575
0.0334276
0.434754
0.0323157
0.438758
0.0308387
0.442516
0.0289609
0.44595
0.0266576
0.44898
0.0239153
0.451525
0.0207274
0.453506
0.0170969
0.454848
0.0130393
0.455488
0.00858414
0.455371
0.0037759
0.454461
-0.00132689
0.452739
-0.00665061
0.450207
-0.0121089
0.446888
-0.0176058
0.442828
-0.0230384
0.438092
-0.0283003
0.432763
-0.0332858
0.426937
-0.0378944
0.420721
-0.0420347
0.414227
-0.0456278
0.407568
-0.0486099
0.400851
-0.0509336
0.394179
-0.052569
0.387641
-0.0535023
0.381315
-0.0537349
0.375266
-0.0532803
0.369545
-0.0521611
0.364191
-0.0504046
-0.048057
0.435917
0.0294719
0.439729
0.0284736
0.443376
0.027167
0.446796
0.0255211
0.449924
0.023516
0.452692
0.0211406
0.455031
0.0183887
0.456872
0.0152621
0.458153
0.0117721
0.458816
0.00794148
0.458814
0.0038046
0.458111
-0.000591918
0.456686
-0.00518989
0.454537
-0.00991966
0.451677
-0.0147031
0.448138
-0.0194553
0.44397
-0.0240872
0.439238
-0.028509
0.43402
-0.0326334
0.428406
-0.0363789
0.422491
-0.039673
0.416373
-0.0424545
0.410148
-0.0446749
0.40391
-0.0462998
0.397744
-0.0473084
0.391728
-0.0476927
0.385927
-0.0474559
0.380397
-0.0466095
0.375184
-0.0451703
-0.0431726
0.441665
0.0258294
0.445172
0.0249427
0.448522
0.023796
0.451664
0.0223631
0.45454
0.0206278
0.457093
0.0185808
0.459263
0.0162167
0.460993
0.0135363
0.462226
0.010548
0.462913
0.0072692
0.463011
0.00372671
0.462486
-4.2931e-05
0.461317
-0.0039932
0.459497
-0.00806825
0.457032
-0.0122046
0.453945
-0.0163326
0.450273
-0.0203782
0.446066
-0.0242656
0.441389
-0.0279197
0.436314
-0.031269
0.430922
-0.0342483
0.4253
-0.0368003
0.419532
-0.0388778
0.413703
-0.0404447
0.407895
-0.0414758
0.402182
-0.0419569
0.396631
-0.0418836
0.3913
-0.041259
0.386241
-0.0400915
-0.0384053
0.447856
0.0224465
0.451111
0.0216684
0.454218
0.0206722
0.457132
0.0194358
0.459804
0.0179459
0.462183
0.0161949
0.464219
0.0141783
0.465861
0.0118961
0.46706
0.00935444
0.467773
0.00656674
0.46796
0.00355394
0.46759
0.000344822
0.466642
-0.00302375
0.465105
-0.00650714
0.462981
-0.010054
0.460285
-0.0136075
0.457042
-0.0171066
0.453294
-0.0204876
0.449091
-0.023687
0.444494
-0.026643
0.439571
-0.0292977
0.434397
-0.0315992
0.429047
-0.0335032
0.423599
-0.0349735
0.418128
-0.0359835
0.412706
-0.036515
0.407399
-0.0365583
0.402268
-0.0361106
0.397368
-0.0351738
-0.033764
0.454534
0.0192759
0.457584
0.0186033
0.460493
0.0177491
0.463223
0.0166948
0.46573
0.0154298
0.467971
0.013948
0.469901
0.0122454
0.471476
0.0103217
0.472652
0.00818145
0.473391
0.00583491
0.473657
0.00329825
0.473421
0.000594281
0.472661
-0.00224801
0.471366
-0.00519325
0.469533
-0.00820022
0.46717
-0.0112228
0.464298
-0.0142111
0.460947
-0.0171126
0.457157
-0.0198738
0.45298
-0.0224421
0.448473
-0.0247675
0.4437
-0.0268038
0.438728
-0.0285106
0.433628
-0.0298538
0.428469
-0.0308065
0.423321
-0.031349
0.418247
-0.0314686
0.41331
-0.0311583
0.408568
-0.0304158
-0.0292508
0.461734
0.0162761
0.46462
0.0157056
0.467373
0.0149858
0.469957
0.0141015
0.472335
0.0130444
0.474468
0.0118095
0.476317
0.0103934
0.477843
0.00879567
0.479006
0.00701972
0.479773
0.00507327
0.480109
0.00296876
0.479989
0.000723763
0.479391
-0.00163832
0.478303
-0.00409044
0.476718
-0.00659956
0.474641
-0.00912875
0.472086
-0.0116377
0.469075
-0.0140835
0.465643
-0.0164222
0.46183
-0.0186098
0.457685
-0.0206038
0.453264
-0.0223645
0.448627
-0.023856
0.443838
-0.0250474
0.43896
-0.0259133
0.43406
-0.0264341
0.429201
-0.0265956
0.424446
-0.026389
0.419852
-0.025809
-0.0248609
0.469512
0.0134089
0.472271
0.0129373
0.474903
0.0123454
0.477376
0.011621
0.479657
0.0107577
0.48171
0.00975144
0.483501
0.00859951
0.484994
0.00730145
0.486155
0.00585969
0.486951
0.0042801
0.487352
0.00257222
0.487335
0.000748225
0.486875
-0.00117046
0.485962
-0.00316626
0.484586
-0.00521197
0.482749
-0.0072787
0.48046
-0.00933451
0.477737
-0.0113452
0.474605
-0.0132754
0.4711
-0.0150891
0.467262
-0.0167514
0.463142
-0.0182289
0.458792
-0.0194911
0.454269
-0.0205112
0.449636
-0.0212664
0.444953
-0.0217385
0.440283
-0.0219137
0.435689
-0.0217823
0.43123
-0.0213379
-0.0205831
0.477904
0.0106402
0.480569
0.0102647
0.483112
0.00979548
0.485505
0.00922302
0.487715
0.0085424
0.489712
0.00775052
0.491463
0.00684533
0.492937
0.00582637
0.494102
0.00469538
0.494927
0.00345664
0.495385
0.00211723
0.495451
0.0006869
0.495107
-0.000820084
0.494337
-0.00238844
0.493132
-0.00399836
0.491491
-0.00562767
0.489419
-0.00725186
0.48693
-0.0088445
0.484045
-0.0103779
0.480792
-0.011824
0.477208
-0.013155
0.473335
-0.014344
0.469222
-0.0153663
0.464923
-0.0161996
0.460492
-0.0168248
0.455991
-0.0172262
0.451479
-0.0173915
0.447019
-0.0173116
0.442672
-0.0169803
-0.0163986
0.486985
0.00793788
0.489588
0.0076563
0.492072
0.00730555
0.494412
0.00687882
0.496578
0.00637247
0.498541
0.00578424
0.500271
0.00511263
0.501739
0.0043573
0.502914
0.00351945
0.50377
0.00260211
0.504279
0.00161028
0.504418
0.000551076
0.504168
-0.000565856
0.503514
-0.00172886
0.502446
-0.00292379
0.500961
-0.00413457
0.49906
-0.00534331
0.496756
-0.00653067
0.494064
-0.00767624
0.491009
-0.00875916
0.487622
-0.00975861
0.483943
-0.0106545
0.480015
-0.011428
0.475887
-0.0120619
0.471613
-0.0125415
0.467251
-0.0128544
0.462859
-0.0129906
0.4585
-0.0129432
0.454236
-0.0127071
-0.0122839
0.49682
0.00526999
0.499392
0.00508059
0.501847
0.00484621
0.504161
0.00456133
0.506306
0.00422364
0.508256
0.00383187
0.509981
0.00338508
0.511454
0.00288304
0.512647
0.00232653
0.513532
0.00171751
0.514084
0.00105916
0.514281
0.000355913
0.514104
-0.000385646
0.513537
-0.00115767
0.512569
-0.00195091
0.511196
-0.00275491
0.509417
-0.00355796
0.507241
-0.00434731
0.504682
-0.00510948
0.501762
-0.00583063
0.498508
-0.00649691
0.494957
-0.00709486
0.49115
-0.00761182
0.487132
-0.00803625
0.482957
-0.00835806
0.47868
-0.00856884
0.47436
-0.00866202
0.470058
-0.00863297
0.465838
-0.00847909
-0.00820335
0.507429
0.00260627
0.509995
0.00251136
0.512446
0.00239202
0.514758
0.00224659
0.516904
0.00207467
0.518858
0.0018757
0.520592
0.00164923
0.522078
0.00139519
0.52329
0.00111417
0.5242
0.000807494
0.524782
0.000477445
0.525013
0.000127213
0.52487
-0.000240329
0.524338
-0.000622429
0.523406
-0.00101492
0.522069
-0.00141268
0.520326
-0.00181
0.518186
-0.00220064
0.515661
-0.00257799
0.512772
-0.00293521
0.509548
-0.00326541
0.506023
-0.0035619
0.502237
-0.00381833
0.498237
-0.00402892
0.494075
-0.00418857
0.489807
-0.00429307
0.485492
-0.00433922
0.481192
-0.00432516
0.476972
-0.0042511
-0.00412651
0.511044
0.513553
0.515942
0.518185
0.520258
0.522131
0.523779
0.525173
0.526286
0.527094
0.527572
0.5277
0.527462
0.526843
0.525832
0.524423
0.522618
0.520423
0.517851
0.514923
0.511664
0.50811
0.504298
0.500277
0.496096
0.49181
0.487478
0.48316
0.478917
)
;

boundaryField
{
    inlet
    {
        type            calculated;
        value           nonuniform List<scalar> 
45
(
-0.2
-0.2
-0.2
-0.2
-0.2
-0.2
-0.2
-0.2
-0.2
-0.2
-0.2
-0.2
-0.2
-0.2
-0.2
-0.20766
-0.212683
-0.217828
-0.223097
-0.228493
-0.23402
-0.239681
-0.245479
-0.251417
-0.257499
-0.263728
-0.270107
-0.276641
-0.283333
-0.290186
-0.297206
-0.304395
-0.311758
-0.3193
-0.327023
-0.334934
-0.343036
-0.351334
-0.359832
-0.368536
-0.377451
-0.386582
-0.395933
-0.40551
-0.415319
)
;
    }
    outlet
    {
        type            calculated;
        value           nonuniform List<scalar> 
45
(
0.131523
0.137648
0.138365
0.139373
0.140835
0.142764
0.145149
0.147944
0.151076
0.154452
0.157974
0.161553
0.165115
0.168612
0.172017
0.182043
0.190018
0.198271
0.206811
0.215638
0.224744
0.23411
0.243714
0.253531
0.263535
0.273704
0.284019
0.294461
0.305019
0.315681
0.326438
0.337284
0.348215
0.359228
0.370321
0.381493
0.392744
0.404071
0.415477
0.426964
0.438498
0.450131
0.461766
0.472903
0.474798
)
;
    }
    flap
    {
        type            calculated;
        value           nonuniform List<scalar> 
33
(
0
0
1.0842e-19
0
0
0
4.33681e-19
4.33681e-19
0
0
0
8.67362e-19
0
-8.67362e-19
0
1.35525e-20
0
-5.42101e-20
0
-5.42101e-20
0
0
2.1684e-19
0
0
4.33681e-19
0
0
-8.67362e-19
0
-8.67362e-19
8.67362e-19
0
)
;
    }
    upperWall
    {
        type            calculated;
        value           nonuniform List<scalar> 
63
(
0
0
0
0
-5.49452e-16
0
0
0
0
0
0
0
0
-8.86212e-16
0
8.44828e-16
-4.12434e-16
-8.05379e-16
0
0
0
0
0
0
0
0
0
0
-6.19126e-16
3.02255e-16
0
0
0
0
0
0
0
0
6.81341e-16
0
0
0
-7.49671e-16
0
-7.8636e-16
0
0
0
0
0
0
-9.29504e-16
9.51993e-16
-9.75007e-16
0
0
5.23742e-16
0
0
0
0
0
0
)
;
    }
    lowerWall
    {
        type            calculated;
        value           uniform 0;
    }
    frontAndBack
    {
        type            empty;
        value           nonuniform List<scalar> 0();
    }
}


// ************************************************************************* //
