/*--------------------------------*- C++ -*----------------------------------*\
| =========                 |                                                 |
| \\      /  F ield         | OpenFOAM: The Open Source CFD Toolbox           |
|  \\    /   O peration     | Version:  2012                                  |
|   \\  /    A nd           | Website:  www.openfoam.com                      |
|    \\/     M anipulation  |                                                 |
\*---------------------------------------------------------------------------*/
FoamFile
{
    version     2.0;
    format      ascii;
    class       volVectorField;
    location    "0.4";
    object      U;
}
// * * * * * * * * * * * * * * * * * * * * * * * * * * * * * * * * * * * * * //

dimensions      [0 1 -1 0 0 0 0];


internalField   nonuniform List<vector> 
2790
(
(9.94504 4.42549e-22 0.0196579)
(9.88194 9.00939e-22 0.0278191)
(9.79016 -9.16834e-22 0.0333073)
(9.67627 0 0.0389338)
(9.54579 0 0.0447607)
(9.39962 -9.99162e-22 0.0506972)
(9.23701 -2.06794e-21 0.0568206)
(9.05721 2.14599e-21 0.0632269)
(8.85969 2.23313e-21 0.0699751)
(8.64393 0 0.0771006)
(8.40935 -4.87533e-21 0.0846345)
(8.15539 0 0.0926131)
(7.88147 -5.378e-21 0.101084)
(7.58703 0 0.11011)
(7.27152 0 0.119769)
(6.93442 -1.27091e-20 0.130153)
(6.57524 0 0.141354)
(6.19362 0 0.153457)
(5.78939 0 0.166527)
(5.3627 0 0.180593)
(4.91417 -7.0948e-20 0.195627)
(4.44501 -7.65048e-20 0.211532)
(3.95719 0 0.228142)
(3.45349 -3.62583e-19 0.245246)
(2.93742 -4.00515e-19 0.262646)
(2.41306 8.43424e-19 0.280297)
(1.88459 0 0.298523)
(1.35596 0 0.318165)
(0.814 0 0.342819)
(0.374433 -4.19938e-18 0.363621)
(9.99959 -1.32364e-21 0.0380318)
(9.98773 8.93454e-22 0.0570628)
(9.95078 -1.82448e-21 0.0711961)
(9.89103 1.85161e-21 0.0860501)
(9.8125 0 0.101861)
(9.71601 9.80222e-22 0.11842)
(9.60078 2.0218e-21 0.135905)
(9.46587 -2.09087e-21 0.154562)
(9.31043 6.58476e-21 0.174558)
(9.13359 -1.80344e-20 0.195994)
(8.93443 4.4986e-21 0.218941)
(8.712 1.96479e-20 0.243464)
(8.46537 5.24783e-21 0.26963)
(8.19366 -2.73721e-21 0.297517)
(7.89605 1.43486e-20 0.327219)
(7.57176 2.4538e-20 0.358833)
(7.22013 -5.05555e-20 0.392437)
(6.84064 5.39665e-20 0.428055)
(6.43299 -5.74625e-20 0.465644)
(5.99719 -6.13616e-20 0.505036)
(5.53368 6.5945e-20 0.545889)
(5.04345 2.12036e-19 0.587651)
(4.52815 0 0.629556)
(3.9901 -1.33186e-18 0.670666)
(3.4322 1.77253e-18 0.709978)
(2.85769 0 0.746666)
(2.26962 3.40264e-18 0.780499)
(1.67089 3.73957e-18 0.812287)
(1.04561 -1.60687e-17 0.84748)
(0.496487 -1.12394e-18 0.873416)
(9.99665 -1.75645e-21 0.0387001)
(9.98167 0 0.0663861)
(9.9464 2.71879e-21 0.0901431)
(9.89091 -2.7692e-21 0.114867)
(9.81784 0 0.141227)
(9.72806 9.79675e-22 0.169159)
(9.62104 -4.99635e-21 0.198928)
(9.49587 0 0.230905)
(9.35168 8.5492e-21 0.265375)
(9.18753 7.74672e-21 0.30253)
(9.00237 -3.52918e-21 0.342513)
(8.79511 1.45165e-20 0.385441)
(8.56462 4.65555e-23 0.431431)
(8.3098 0 0.480611)
(8.02955 4.48958e-20 0.533131)
(7.72284 -4.60633e-20 0.589152)
(7.38868 2.46668e-20 0.648804)
(7.02619 -2.63297e-19 0.712154)
(6.63458 8.31176e-19 0.779171)
(6.21333 -2.87975e-19 0.849639)
(5.76222 1.24717e-19 0.923075)
(5.28144 -1.3427e-19 0.998666)
(4.7717 2.85976e-19 1.07524)
(4.23429 0 1.15132)
(3.671 -3.34168e-19 1.22521)
(3.08396 0 1.29529)
(2.47542 0 1.36052)
(1.84908 6.8336e-18 1.42098)
(1.19168 -6.44974e-18 1.48192)
(0.583627 9.62752e-18 1.52991)
(9.99506 1.75593e-21 0.0432528)
(9.97781 0 0.0809144)
(9.94221 -2.25895e-21 0.11535)
(9.88776 5.97572e-21 0.150116)
(9.81616 -9.46988e-22 0.186494)
(9.72822 4.81692e-21 0.224858)
(9.62359 -3.4517e-21 0.265665)
(9.50152 -4.43703e-22 0.309449)
(9.36121 -8.54941e-21 0.356664)
(9.20182 -8.78953e-21 0.407654)
(9.02239 -9.20775e-21 0.462692)
(8.8219 2.85495e-20 0.522008)
(8.59927 -3.93571e-20 0.58582)
(8.35343 -4.1824e-20 0.654358)
(8.08325 1.30372e-19 0.727877)
(7.78763 -2.73674e-19 0.806643)
(7.46549 2.36166e-19 0.890901)
(7.11571 -4.08083e-19 0.980838)
(6.73718 -1.17768e-19 1.07652)
(6.32895 4.43931e-19 1.1778)
(5.89026 -1.20106e-19 1.2842)
(5.42055 1.28363e-18 1.3948)
(4.91966 -3.81604e-18 1.5082)
(4.38784 2.30311e-18 1.6225)
(3.82596 6.20744e-19 1.7354)
(3.23536 6.68432e-19 1.84433)
(2.61794 -7.21865e-19 1.94697)
(1.97906 0 2.0416)
(1.31165 -7.69564e-18 2.13033)
(0.663756 -8.4124e-18 2.19757)
(9.99431 0 0.0492537)
(9.9758 0 0.0953013)
(9.93994 -3.5832e-21 0.138916)
(9.88637 -1.31801e-23 0.182739)
(9.81628 3.26195e-21 0.228412)
(9.73023 -1.10117e-20 0.276699)
(9.62793 1.57458e-20 0.32822)
(9.5087 0 0.383613)
(9.37181 6.23235e-21 0.443439)
(9.21644 2.14388e-21 0.508146)
(9.04171 -1.78743e-20 0.578088)
(8.84666 0 0.653575)
(8.63029 1.92989e-20 0.734904)
(8.39156 8.17838e-20 0.82239)
(8.12938 -4.1409e-20 0.91639)
(7.84266 0 1.01729)
(7.53026 -4.65134e-22 1.1255)
(7.19087 -9.66923e-20 1.24137)
(6.82319 -4.14826e-19 1.36514)
(6.42596 1.30028e-18 1.49682)
(5.99789 -2.04619e-19 1.63605)
(5.53781 -3.15784e-18 1.78197)
(5.04474 4.37009e-18 1.93304)
(4.51806 -4.10736e-18 2.087)
(3.95775 2.30891e-18 2.24084)
(3.3646 4.4193e-18 2.39075)
(2.74049 -4.67546e-18 2.53237)
(2.092 0 2.66101)
(1.42029 -1.26037e-17 2.77303)
(0.740622 1.37136e-17 2.84742)
(9.99398 -1.08713e-22 0.0559074)
(9.97492 1.09809e-22 0.109767)
(9.93918 1.51741e-23 0.1621)
(9.88675 -3.64185e-21 0.214916)
(9.81849 -3.71913e-21 0.26989)
(9.73475 7.61514e-21 0.328022)
(9.63525 -7.32342e-21 0.390078)
(9.51937 1.52315e-21 0.456798)
(9.38641 -6.16326e-21 0.528847)
(9.23561 -2.12154e-20 0.606774)
(9.06611 1.76963e-20 0.691033)
(8.87702 -1.84757e-20 0.782023)
(8.66738 1.9219e-20 0.880134)
(8.43618 -1.18862e-19 0.985787)
(8.18235 -4.32169e-20 1.09946)
(7.9048 4.21428e-20 1.22168)
(7.60229 -1.82012e-19 1.35306)
(7.27336 2.79741e-19 1.49418)
(6.91656 0 1.64551)
(6.53025 -9.4054e-19 1.80728)
(6.11263 1.07866e-18 1.97939)
(5.6619 2.27123e-19 2.16112)
(5.17627 -1.71897e-18 2.35093)
(4.65419 4.10245e-18 2.54627)
(4.09456 -2.71335e-18 2.74323)
(3.49753 2.87661e-19 2.93645)
(2.86487 0 3.11895)
(2.20321 0 3.28213)
(1.52225 1.78773e-19 3.41522)
(0.812921 0 3.48666)
(9.99388 0 0.0628229)
(9.97477 -3.26814e-21 0.124202)
(9.93954 3.33323e-21 0.18479)
(9.8885 3.59803e-21 0.246239)
(9.82237 0 0.310165)
(9.74136 7.50249e-21 0.377741)
(9.64516 0 0.449899)
(9.53322 0 0.527496)
(9.40487 2.03316e-20 0.611301)
(9.2594 1.26843e-20 0.70196)
(9.096 -1.72457e-20 0.800014)
(8.91381 1.78233e-20 0.905946)
(8.71192 1.8638e-20 1.02023)
(8.48936 7.78218e-20 1.1434)
(8.24506 -7.90502e-20 1.27605)
(7.97789 4.18148e-20 1.41889)
(7.68652 -4.35696e-20 1.57275)
(7.36941 -4.54846e-19 1.73848)
(7.02489 1.1356e-18 1.91685)
(6.65087 -7.79521e-19 2.10845)
(6.24507 0 2.31352)
(5.80498 -2.18339e-18 2.53168)
(5.32785 -2.6661e-19 2.76155)
(4.81097 1.65765e-18 3.00037)
(4.2519 2.49949e-19 3.24341)
(3.64965 -2.71763e-19 3.48361)
(3.00518 2.82083e-19 3.71091)
(2.32401 0 3.9122)
(1.62287 -2.49457e-19 4.06921)
(0.881039 -5.799e-18 4.1341)
(9.99393 0 0.0697728)
(9.9751 6.83783e-21 0.138429)
(9.94073 -1.10961e-22 0.206845)
(9.89136 -2.24052e-23 0.276525)
(9.82768 7.49689e-21 0.349034)
(9.74979 -7.4708e-21 0.425674)
(9.65738 0 0.507522)
(9.54995 1.96823e-21 0.59555)
(9.42688 -1.80983e-20 0.690619)
(9.28751 0 0.793464)
(9.13108 3.42422e-20 0.904707)
(8.95679 -3.50014e-20 1.02491)
(8.76378 3.66076e-20 1.15464)
(8.55111 -3.70933e-20 1.29454)
(8.31775 3.85084e-20 1.44534)
(8.06252 -3.9887e-20 1.60797)
(7.78405 3.37521e-19 1.78347)
(7.48072 -2.12614e-19 1.97302)
(7.15057 -2.75195e-19 2.17779)
(6.79119 1.12907e-18 2.39883)
(6.39976 -7.73171e-19 2.6369)
(5.97295 1.85183e-18 2.89212)
(5.50693 -3.40453e-18 3.16352)
(4.99748 1.76655e-18 3.44842)
(4.44044 -4.00691e-18 3.7416)
(3.83271 3.9171e-18 4.0344)
(3.17332 -2.65292e-19 4.31352)
(2.4655 6.84939e-20 4.56068)
(1.72979 7.66212e-20 4.74994)
(0.947322 5.3298e-18 4.8112)
(9.99407 -3.40524e-21 0.0766139)
(9.97577 -3.35156e-21 0.152292)
(9.94257 -1.08964e-22 0.228135)
(9.89515 -3.55878e-21 0.305628)
(9.83422 -7.18918e-21 0.386319)
(9.75983 -5.72692e-23 0.471598)
(9.67167 9.4714e-22 0.562669)
(9.56928 1.24429e-20 0.660612)
(9.45212 1.96035e-21 0.766375)
(9.31957 -8.17673e-21 0.880775)
(9.17096 8.26448e-21 1.00451)
(9.00554 -1.70442e-20 1.13822)
(8.82252 -1.81385e-20 1.28256)
(8.62101 1.80142e-20 1.43828)
(8.40003 -1.13891e-19 1.60628)
(8.15843 -4.09059e-20 1.78767)
(7.8948 3.61026e-19 1.98379)
(7.60746 1.29215e-19 2.19616)
(7.29427 -4.27095e-19 2.42644)
(6.95252 -4.3885e-20 2.67626)
(6.5789 0 2.94707)
(6.16924 9.39605e-20 3.23976)
(5.7185 0 3.55415)
(5.22072 0 3.88816)
(4.66932 0 4.23665)
(4.05791 -5.49006e-20 4.58999)
(3.382 7.21959e-21 4.93191)
(2.64085 3.9745e-18 5.23829)
(1.85378 -4.33673e-18 5.47465)
(1.01633 3.47064e-20 5.54224)
(9.99427 2.25598e-23 0.083248)
(9.9767 -5.35934e-23 0.165658)
(9.94492 -3.39809e-21 0.248534)
(9.89972 -7.00391e-21 0.333408)
(9.84183 7.11981e-21 0.421837)
(9.77128 0 0.515285)
(9.68778 0 0.615063)
(9.59093 -1.52514e-20 0.722347)
(9.48026 0 0.838171)
(9.35522 -8.023e-21 0.963422)
(9.21521 8.09904e-21 1.09887)
(9.05958 2.21296e-22 1.24522)
(8.8876 1.74135e-20 1.40322)
(8.69848 -1.72559e-20 1.57372)
(8.49132 0 1.75779)
(8.26502 1.32776e-19 1.95674)
(8.01823 -3.28536e-19 2.1722)
(7.74925 1.57403e-19 2.40609)
(7.45587 0 2.6606)
(7.13522 6.33521e-20 2.93809)
(6.78356 -6.98051e-19 3.24086)
(6.39603 6.1671e-19 3.57092)
(5.96639 -2.24701e-20 3.92937)
(5.48674 -1.52004e-18 4.31546)
(4.94745 3.10913e-18 4.72522)
(4.33763 -1.56022e-18 5.14928)
(3.64695 4.45397e-20 5.5696)
(2.86779 -1.08277e-19 5.9561)
(2.01083 3.86009e-18 6.26396)
(1.09608 -4.30554e-18 6.35773)
(9.99453 6.73352e-21 0.0896045)
(9.97783 3.37957e-21 0.178419)
(9.94769 3.43607e-21 0.267925)
(9.90495 6.77062e-23 0.35973)
(9.85035 -5.79674e-23 0.455422)
(9.78396 1.12978e-22 0.556529)
(9.70551 -1.13922e-22 0.664454)
(9.61466 1.48745e-20 0.78046)
(9.51101 0 0.905654)
(9.39409 -1.15848e-20 1.04099)
(9.2634 -3.96563e-21 1.18728)
(9.11837 1.64755e-20 1.34532)
(8.95841 0 1.51591)
(8.78283 -3.4654e-20 1.70002)
(8.59085 3.4938e-20 1.89885)
(8.38148 1.82391e-20 2.11392)
(8.15349 -4.29417e-22 2.34716)
(7.90528 -1.5285e-19 2.6009)
(7.63471 1.54072e-19 2.87791)
(7.33889 2.99629e-19 3.18132)
(7.01392 -3.27378e-19 3.51453)
(6.65447 0 3.88095)
(6.25336 2.15579e-20 4.28354)
(5.80083 0 4.7239)
(5.28397 5.39839e-20 5.20075)
(4.6863 1.44371e-18 5.70723)
(3.98872 -1.53627e-18 6.2263)
(3.17203 1.00775e-19 6.72387)
(2.2265 0 7.14347)
(1.20095 -1.83805e-18 7.3019)
(9.99482 -3.35287e-21 0.0956295)
(9.97911 -3.37928e-21 0.190486)
(9.95079 0 0.286203)
(9.91073 6.94444e-21 0.384471)
(9.85967 -7.03966e-21 0.486924)
(9.79772 -6.90646e-24 0.595149)
(9.72466 -5.67573e-23 0.710623)
(9.6402 -2.9373e-20 0.834686)
(9.54403 0 0.968506)
(9.43578 1.54049e-20 1.11309)
(9.31504 0 1.2693)
(9.18137 0 1.43798)
(9.0343 1.61649e-20 1.61999)
(8.87329 0 1.81639)
(8.69771 0 2.0285)
(8.50677 -7.86043e-20 2.25803)
(8.29944 5.2483e-20 2.50718)
(8.07433 0 2.7787)
(7.82953 9.05185e-21 3.0759)
(7.56238 0 3.40276)
(7.26913 3.09339e-19 3.76385)
(6.94445 -3.05809e-19 4.16428)
(6.58074 0 4.6094)
(6.16705 -6.23851e-19 5.10424)
(5.68766 -3.82792e-20 5.65217)
(5.12023 -6.26087e-19 6.25227)
(4.4343 1.22319e-20 6.8939)
(3.59246 1.24819e-18 7.54576)
(2.54603 0 8.14366)
(1.36036 -8.79346e-20 8.44483)
(9.99514 -5.17828e-23 0.101282)
(9.98051 5.20916e-23 0.201787)
(9.95417 1.05519e-22 0.303276)
(9.91696 -1.06227e-22 0.407523)
(9.86966 0 0.516212)
(9.8124 1.10002e-22 0.630982)
(9.74501 -1.1075e-22 0.753374)
(9.66729 6.24214e-22 0.884788)
(9.579 -1.55583e-20 1.02645)
(9.47988 -1.4428e-20 1.17939)
(9.36964 -4.80543e-22 1.34453)
(9.24796 -1.49485e-20 1.52271)
(9.11454 -1.99861e-20 1.71488)
(8.96899 -1.19699e-20 1.92212)
(8.8109 0 2.14586)
(8.63971 -2.51677e-20 2.38798)
(8.45468 6.78919e-20 2.65089)
(8.25477 -1.03426e-19 2.93767)
(8.03848 1.47556e-19 3.25219)
(7.80367 -7.00564e-20 3.59918)
(7.54714 0 3.98439)
(7.2642 0 4.4147)
(6.94775 -2.81901e-19 4.89824)
(6.58698 4.93016e-19 5.44427)
(6.1651 -2.79264e-19 6.06281)
(5.65576 0 6.76312)
(5.01716 0 7.5496)
(4.18773 1.03643e-20 8.40963)
(3.05175 0 9.29369)
(1.63647 -1.08566e-18 9.90524)
(9.99549 0 0.106529)
(9.98202 0 0.212262)
(9.95776 2.08827e-22 0.319067)
(9.92356 -2.10111e-22 0.428793)
(9.8802 0 0.543174)
(9.82782 0 0.663896)
(9.76635 0 0.79255)
(9.69565 2.84708e-20 0.930585)
(9.61557 1.45556e-20 1.07926)
(9.52596 1.47974e-20 1.23964)
(9.42666 -3.75352e-21 1.41265)
(9.3175 1.90704e-20 1.59917)
(9.19832 1.52549e-20 1.80013)
(9.06897 3.52038e-20 2.01667)
(8.92924 -1.17797e-20 2.25027)
(8.77888 1.9814e-21 2.5029)
(8.61751 5.96335e-21 2.77713)
(8.44456 3.067e-21 3.07631)
(8.25914 -5.01436e-20 3.40469)
(8.05985 0 3.76764)
(7.84455 -4.78826e-20 4.1719)
(7.60987 -7.99076e-20 4.62594)
(7.35048 0 5.14052)
(7.05774 1.85888e-19 5.72934)
(6.71722 5.93966e-20 6.41011)
(6.3041 4.95877e-20 7.20566)
(5.77274 0 8.14527)
(5.04239 5.56687e-20 9.26217)
(3.90044 -1.82179e-20 10.5917)
(2.17238 1.43535e-20 11.9321)
(9.99585 0 0.111345)
(9.98359 6.71594e-21 0.221865)
(9.96153 -6.18957e-22 0.333512)
(9.93046 7.45953e-21 0.4482)
(9.89117 -6.30981e-22 0.567706)
(9.84386 3.19262e-22 0.693755)
(9.78849 -9.74196e-22 0.827977)
(9.72502 -1.14566e-20 0.971857)
(9.65341 -1.76576e-21 1.12667)
(9.57361 -3.61365e-21 1.29351)
(9.48558 -1.0829e-20 1.47329)
(9.38932 0 1.66687)
(9.28484 1.47304e-20 1.87519)
(9.17221 -4.55929e-20 2.09938)
(9.05148 2.2983e-20 2.34093)
(8.92274 2.71024e-20 2.60183)
(8.78604 -7.73166e-21 2.88474)
(8.64134 -3.11077e-20 3.19311)
(8.48849 3.17477e-20 3.53143)
(8.32712 0 3.90542)
(8.15649 6.27902e-20 4.32246)
(7.97525 6.18312e-20 4.79209)
(7.78106 0 5.32691)
(7.56978 -1.16425e-19 5.94404)
(7.33408 9.97737e-20 6.66757)
(7.06044 -1.02852e-19 7.53308)
(6.72069 0 8.5971)
(6.26046 -2.79569e-20 9.95835)
(5.42797 -1.64686e-20 11.853)
(3.36476 9.25136e-21 15.1504)
(-0.251463 -2.68706e-19 0.267939)
(-0.764719 -4.84765e-19 0.328479)
(-1.44127 -1.77469e-18 0.363579)
(-2.19718 1.203e-18 0.386905)
(-3.01432 7.68888e-19 0.397799)
(-3.86851 -3.47504e-19 0.394956)
(-4.73158 3.43388e-19 0.377225)
(-5.57039 -3.34734e-19 0.344064)
(-6.34725 1.54739e-19 0.295679)
(-7.02131 0 0.233101)
(-7.55063 -1.51792e-19 0.158098)
(-7.89531 -3.75071e-20 0.0730832)
(-8.02182 -3.53326e-20 -0.0191598)
(-7.90588 0 -0.116749)
(-7.53713 -6.94021e-21 -0.213286)
(-6.92648 7.07257e-21 -0.299889)
(-6.10369 1.06096e-20 -0.369747)
(-5.11234 -1.10963e-20 -0.418429)
(-4.00493 7.41503e-21 -0.444458)
(-2.83473 -7.90328e-21 -0.449453)
(-1.62957 0 -0.435578)
(-0.418538 0 -0.404189)
(0.689979 0 -0.364046)
(1.73999 0 -0.32175)
(2.71173 0 -0.281833)
(3.59384 5.53792e-23 -0.244686)
(4.38757 -7.11336e-23 -0.210791)
(5.09764 -2.28356e-23 -0.180784)
(5.7302 0 -0.155279)
(6.42616 0 -0.140576)
(-0.261731 2.50225e-19 0.717279)
(-0.815658 -1.29455e-21 0.84965)
(-1.53619 0 0.939416)
(-2.32234 -3.76725e-19 1.01269)
(-3.16364 -3.54213e-18 1.06269)
(-4.03783 2.67352e-19 1.08176)
(-4.91713 1.26139e-18 1.06266)
(-5.7679 0 0.999812)
(-6.55139 1.51734e-19 0.890004)
(-7.22519 0 0.733018)
(-7.74557 -2.63505e-21 0.532241)
(-8.07104 -2.16868e-19 0.295085)
(-8.16735 1.41579e-19 0.032724)
(-8.01252 -6.47321e-20 -0.241564)
(-7.60292 3.13387e-20 -0.504562)
(-6.95266 3.9297e-20 -0.734642)
(-6.09404 -3.73687e-20 -0.916723)
(-5.07192 2.64431e-21 -1.04307)
(-3.93826 -3.52225e-21 -1.11293)
(-2.74231 3.73711e-21 -1.13229)
(-1.51367 -2.17318e-21 -1.10706)
(-0.28211 2.18463e-21 -1.04136)
(0.83583 -7.79605e-22 -0.954075)
(1.90387 7.20879e-22 -0.858779)
(2.89492 -7.47825e-23 -0.765825)
(3.79985 2.92235e-23 -0.677126)
(4.61952 5.71758e-23 -0.594513)
(5.35809 2.56003e-23 -0.519974)
(6.01876 -3.96244e-23 -0.455357)
(6.7413 -2.57823e-23 -0.410304)
(-0.23094 -1.53527e-17 1.28726)
(-0.800532 1.36582e-17 1.48142)
(-1.55784 -5.97839e-18 1.61786)
(-2.36484 7.04148e-18 1.73)
(-3.2221 -3.86418e-18 1.80401)
(-4.10882 3.17576e-18 1.82587)
(-4.99758 -2.07537e-18 1.783)
(-5.85429 0 1.66585)
(-6.63926 -1.19673e-18 1.46911)
(-7.30841 8.65072e-19 1.19269)
(-7.81583 1.45358e-19 0.842839)
(-8.11791 4.3274e-19 0.433187)
(-8.18026 1.30851e-19 -0.015385)
(-7.98408 5.19568e-20 -0.476744)
(-7.53077 -6.90941e-20 -0.91282)
(-6.83978 -1.03269e-19 -1.28857)
(-5.94847 2.45343e-20 -1.5806)
(-4.90434 0 -1.77852)
(-3.75971 0 -1.88337)
(-2.56053 6.38426e-21 -1.90504)
(-1.34597 -4.62231e-21 -1.85767)
(-0.127557 2.09444e-21 -1.74582)
(0.971161 1.91059e-22 -1.60123)
(2.0245 -4.82527e-23 -1.44688)
(2.9998 3.60422e-23 -1.29403)
(3.89033 7.98783e-24 -1.1469)
(4.69681 4.78054e-23 -1.00919)
(5.42312 4.38876e-24 -0.884288)
(6.07056 -2.25616e-24 -0.77485)
(6.78164 2.51387e-23 -0.689521)
(-0.177962 1.42762e-17 1.93118)
(-0.754042 -6.23027e-18 2.16786)
(-1.5466 6.33044e-18 2.33863)
(-2.37056 -6.53637e-19 2.48035)
(-3.24029 -1.24915e-18 2.57124)
(-4.13596 0 2.59058)
(-5.03064 1.21741e-18 2.52001)
(-5.88968 -2.28099e-18 2.34565)
(-6.67186 5.95064e-19 2.05957)
(-7.33079 2.89469e-19 1.66113)
(-7.81747 -5.94146e-19 1.15869)
(-8.08522 9.16965e-19 0.571284)
(-8.09794 1.56124e-19 -0.0711333)
(-7.8451 1.2205e-19 -0.725478)
(-7.33599 -2.4375e-19 -1.33459)
(-6.59631 2.16948e-21 -1.85196)
(-5.66871 4.26595e-20 -2.24807)
(-4.60305 3.3006e-20 -2.5114)
(-3.45242 -3.42691e-20 -2.64573)
(-2.26081 -6.02821e-21 -2.66543)
(-1.05701 2.35845e-21 -2.59063)
(0.116256 1.77951e-21 -2.43037)
(1.19153 -1.26736e-21 -2.22709)
(2.21804 2.38995e-22 -2.01391)
(3.1666 -2.00774e-22 -1.80171)
(4.03228 3.88136e-24 -1.59708)
(4.8158 -1.65559e-23 -1.40557)
(5.52102 0 -1.23173)
(6.1477 -1.75551e-24 -1.07883)
(6.83812 4.76594e-23 -0.954554)
(-0.113284 4.93532e-19 2.63419)
(-0.689003 -1.08692e-17 2.89609)
(-1.50812 -1.34847e-18 3.09102)
(-2.33859 0 3.25445)
(-3.21048 5.93699e-19 3.35517)
(-4.10374 -2.9766e-18 3.36502)
(-4.99219 4.66533e-19 3.25952)
(-5.84091 4.01851e-18 3.02)
(-6.60728 -3.46791e-18 2.63532)
(-7.24265 -1.20731e-18 2.10406)
(-7.69481 1.54423e-18 1.43718)
(-7.91406 -1.19509e-20 0.661461)
(-7.86304 -6.06238e-19 -0.180486)
(-7.54577 1.19945e-19 -1.02657)
(-6.97666 -4.75104e-19 -1.80169)
(-6.18852 -3.15897e-20 -2.44947)
(-5.22902 1.41093e-19 -2.93665)
(-4.14938 -3.33199e-20 -3.25227)
(-3.00325 3.44594e-20 -3.40485)
(-1.83188 0 -3.41555)
(-0.646006 0 -3.30195)
(0.458184 -1.713e-21 -3.09221)
(1.50384 9.97764e-22 -2.83401)
(2.49135 -5.34889e-22 -2.56392)
(3.40212 2.01949e-22 -2.29416)
(4.23239 3.47579e-23 -2.03384)
(4.98314 -2.57506e-23 -1.79026)
(5.65839 -1.03918e-23 -1.56896)
(6.25692 5.21838e-23 -1.37382)
(6.91825 -4.4848e-23 -1.21136)
(-0.0430122 -6.58366e-18 3.37685)
(-0.607192 4.50008e-18 3.65081)
(-1.43386 6.41229e-19 3.86217)
(-2.25166 0 4.0405)
(-3.107 -4.81217e-18 4.1442)
(-3.97884 2.71732e-18 4.13775)
(-4.84233 -6.97977e-19 3.99066)
(-5.66309 1.06031e-18 3.67943)
(-6.39806 3.54511e-18 3.18939)
(-6.99671 0 2.51786)
(-7.40298 -3.18072e-19 1.67809)
(-7.56295 3.35266e-19 0.705696)
(-7.43829 3.15683e-19 -0.340993)
(-7.05464 -4.52474e-19 -1.37664)
(-6.42776 0 -2.30917)
(-5.59837 1.04051e-19 -3.07451)
(-4.6181 -4.41427e-20 -3.63868)
(-3.5383 -3.41723e-20 -3.99316)
(-2.41218 3.52302e-20 -4.15329)
(-1.26646 0 -4.14392)
(-0.136661 0 -3.98395)
(0.906061 0 -3.72387)
(1.90691 2.35914e-22 -3.4146)
(2.84416 -3.05154e-23 -3.08911)
(3.70649 -1.23495e-22 -2.76339)
(4.49115 0 -2.44925)
(5.19959 7.12232e-24 -2.15558)
(5.83618 -1.25867e-23 -1.8888)
(6.39919 -1.98686e-24 -1.65323)
(7.0227 0 -1.45408)
(0.0306488 -5.71551e-18 4.1292)
(-0.503302 5.80663e-18 4.4061)
(-1.30857 -4.38126e-18 4.62824)
(-2.08651 0 4.81603)
(-2.89977 0 4.91734)
(-3.72596 0 4.8897)
(-4.54243 5.71078e-19 4.69662)
(-5.31614 3.17201e-20 4.30958)
(-6.00434 -1.25382e-18 3.70982)
(-6.55441 0 2.89243)
(-6.90469 0 1.8725)
(-6.9951 7.53027e-19 0.695793)
(-6.79205 -3.3241e-20 -0.556965)
(-6.34493 -3.16221e-19 -1.77527)
(-5.66909 -2.47183e-19 -2.85216)
(-4.81293 1.36189e-19 -3.71864)
(-3.82961 1.02954e-19 -4.34407)
(-2.7694 3.55064e-20 -4.72391)
(-1.67915 -3.64978e-20 -4.88004)
(-0.575505 -6.56094e-21 -4.83625)
(0.462998 3.93378e-21 -4.62987)
(1.45227 -6.32112e-21 -4.32172)
(2.39416 1.69259e-21 -3.96286)
(3.27084 1.05572e-21 -3.58364)
(4.0748 0 -3.20404)
(4.80451 -1.40289e-22 -2.83854)
(5.46204 0 -2.49743)
(6.05215 0 -2.18778)
(6.57305 -4.20957e-23 -1.91426)
(7.15084 6.6953e-23 -1.68061)
(0.107782 5.6026e-18 4.85166)
(-0.368967 -1.06588e-17 5.12661)
(-1.1159 9.49885e-18 5.35642)
(-1.8209 -4.28479e-19 5.55067)
(-2.56185 -4.64898e-18 5.64725)
(-3.31468 -6.06765e-19 5.59715)
(-4.05996 -6.20412e-19 5.35781)
(-4.76674 -6.12835e-19 4.89517)
(-5.39321 -7.13636e-19 4.1855)
(-5.88426 1.4065e-18 3.22031)
(-6.17068 1.5674e-18 2.01607)
(-6.18209 -1.74505e-18 0.630611)
(-5.89249 0 -0.829807)
(-5.3911 -3.20069e-19 -2.21658)
(-4.68293 1.1909e-19 -3.41968)
(-3.82267 -2.54793e-19 -4.36801)
(-2.86051 0 -5.03822)
(-1.84472 -7.97795e-20 -5.43002)
(-0.806719 5.03707e-20 -5.56836)
(0.208016 -3.40749e-20 -5.48253)
(1.16413 6.7233e-21 -5.23287)
(2.08713 3.49033e-21 -4.88059)
(2.95712 0 -4.47278)
(3.76272 -2.42344e-22 -4.04172)
(4.49884 3.63837e-22 -3.6109)
(5.16512 3.4791e-23 -3.19705)
(5.76429 -2.42259e-23 -2.81167)
(6.30136 3.51331e-25 -2.46228)
(6.77473 5.25773e-23 -2.15372)
(7.30021 -6.92113e-23 -1.88825)
(0.189564 -8.92362e-20 5.4974)
(-0.19607 5.69875e-18 5.7704)
(-0.842929 1.55526e-19 6.008)
(-1.43829 -9.30724e-18 6.20908)
(-2.07365 4.77656e-18 6.3025)
(-2.72263 -1.94515e-18 6.23319)
(-3.36993 5.72811e-18 5.95216)
(-3.98742 -2.60591e-18 5.41897)
(-4.53506 -7.43983e-19 4.60327)
(-4.95401 0 3.49052)
(-5.1619 4.30256e-19 2.09791)
(-5.06858 -1.8185e-20 0.498489)
(-4.71085 -8.69996e-19 -1.15664)
(-4.17071 0 -2.68772)
(-3.45706 1.47429e-19 -3.99363)
(-2.62449 1.17699e-19 -5.00318)
(-1.71191 -7.32489e-20 -5.70275)
(-0.767789 -5.40107e-20 -6.09229)
(0.181966 1.63379e-20 -6.19971)
(1.08324 0 -6.07613)
(1.9623 3.7751e-21 -5.78777)
(2.80096 -1.69968e-21 -5.39298)
(3.58602 -2.52775e-21 -4.93769)
(4.30957 -9.3865e-22 -4.4576)
(4.96856 -2.93326e-22 -3.9791)
(5.5637 1.42555e-22 -3.52075)
(6.09816 8.71664e-23 -3.09494)
(6.57691 0 -2.7095)
(6.99863 -7.73291e-23 -2.36927)
(7.4669 0 -2.07512)
(0.27729 5.72304e-18 6.01615)
(0.0208394 -5.78899e-18 6.29277)
(-0.48349 0 6.54161)
(-0.93151 6.45881e-19 6.75344)
(-1.42663 0 6.84919)
(-1.93921 -2.03794e-18 6.76844)
(-2.45906 2.64071e-18 6.45523)
(-2.96186 0 5.86137)
(-3.41105 7.7834e-19 4.94754)
(-3.74368 -9.21326e-19 3.69028)
(-3.85618 1.03825e-18 2.10712)
(-3.62794 0 0.296022)
(-3.22209 0 -1.52046)
(-2.6746 -4.08117e-19 -3.16621)
(-1.99134 0 -4.55131)
(-1.22465 1.26998e-19 -5.60149)
(-0.392272 -1.03607e-20 -6.3171)
(0.44022 0 -6.68561)
(1.26041 1.42699e-20 -6.76364)
(2.06745 -3.27971e-21 -6.60999)
(2.84643 -1.01053e-20 -6.28639)
(3.58373 7.39568e-22 -5.85021)
(4.27 0 -5.35034)
(4.90022 3.73739e-22 -4.82542)
(5.47309 6.62345e-22 -4.30402)
(5.99011 2.49705e-22 -3.80603)
(6.45456 -6.87433e-23 -3.34448)
(6.87098 2.04749e-23 -2.9273)
(7.23818 3.11226e-23 -2.5592)
(7.64606 -1.89892e-24 -2.23987)
(0.371545 2.29558e-20 6.36032)
(0.283165 5.62948e-20 6.6494)
(-0.0403505 9.2587e-20 6.91685)
(-0.305293 -5.67572e-18 7.14601)
(-0.626483 2.63167e-18 7.25191)
(-0.969065 -6.88936e-19 7.17008)
(-1.32904 7.88159e-19 6.83633)
(-1.68665 -2.37441e-18 6.1924)
(-2.01068 1.85135e-18 5.18713)
(-2.23279 -1.54095e-18 3.78947)
(-2.21703 -1.22504e-18 2.02873)
(-1.84316 6.95843e-19 0.04276)
(-1.42824 2.30516e-22 -1.89212)
(-0.919633 4.35095e-19 -3.62074)
(-0.306445 1.82854e-19 -5.06995)
(0.360926 1.42432e-19 -6.14398)
(1.04898 2.01997e-21 -6.83846)
(1.75368 -3.66857e-20 -7.19574)
(2.45804 4.86011e-20 -7.25585)
(3.14595 -1.83012e-20 -7.07508)
(3.80414 8.464e-21 -6.71733)
(4.42303 -2.32167e-21 -6.24288)
(4.99677 -2.36913e-21 -5.70333)
(5.52284 -2.89384e-22 -5.13947)
(6.00134 2.89853e-22 -4.58137)
(6.4342 -2.41585e-22 -4.0498)
(6.82441 -2.28964e-23 -3.55811)
(7.17566 -7.16359e-23 -3.11417)
(7.48667 -3.00276e-24 -2.72247)
(7.8326 0 -2.38176)
(0.469635 2.88903e-18 6.48631)
(0.587752 -5.40363e-18 6.80466)
(0.475082 -1.02802e-19 7.10179)
(0.421322 5.30918e-18 7.35741)
(0.302087 -4.67985e-18 7.48533)
(0.159552 1.47016e-18 7.41805)
(-0.0109945 -1.51428e-20 7.08544)
(-0.195245 1.80588e-18 6.42221)
(-0.367875 1.96883e-20 5.37222)
(-0.451238 -6.00138e-19 3.89672)
(-0.238701 -7.89496e-19 1.95857)
(0.283577 -2.4629e-20 -0.29293)
(0.627439 -6.11543e-19 -2.28404)
(1.04452 2.07571e-19 -4.03933)
(1.52996 -3.41673e-19 -5.48029)
(2.05944 6.33939e-20 -6.56228)
(2.61835 -1.04368e-19 -7.2709)
(3.189 0 -7.62304)
(3.75385 -1.40402e-20 -7.66455)
(4.29996 8.48394e-21 -7.45768)
(4.81827 -4.70746e-21 -7.06925)
(5.30324 1.28872e-21 -6.56207)
(5.75223 1.93469e-21 -5.98978)
(6.16485 0 -5.3946)
(6.5422 0 -4.80748)
(6.88626 6.29986e-22 -4.24957)
(7.19928 3.60417e-22 -3.73424)
(7.48374 -2.60133e-23 -3.26921)
(7.73794 0 -2.85864)
(8.02183 0 -2.50059)
(0.582601 5.55831e-18 6.37106)
(0.929993 -2.7096e-18 6.73837)
(1.05036 1.39154e-18 7.07501)
(1.2168 -2.75207e-18 7.35918)
(1.31981 2.06731e-18 7.51538)
(1.39778 -3.6933e-19 7.47409)
(1.44407 1.19531e-18 7.15819)
(1.46976 -8.82616e-19 6.48871)
(1.51182 1.00859e-18 5.37962)
(1.67709 6.09394e-19 3.76127)
(2.11671 -7.17465e-19 1.71835)
(2.5198 6.49639e-19 -0.426136)
(2.79112 2.52852e-19 -2.49104)
(3.11286 2.93857e-19 -4.31112)
(3.48465 -8.0562e-20 -5.79642)
(3.88423 -5.8557e-20 -6.89971)
(4.29821 0 -7.60995)
(4.71339 0 -7.95179)
(5.11783 1.41014e-20 -7.97525)
(5.50365 2.66526e-21 -7.74567)
(5.86667 0 -7.3324)
(6.20548 0 -6.80024)
(6.52047 -2.10434e-21 -6.20408)
(6.81301 0 -5.58682)
(7.08477 0 -4.97966)
(7.33731 -6.78864e-22 -4.40366)
(7.57182 -3.23388e-22 -3.87201)
(7.78916 -1.14678e-22 -3.39208)
(7.98699 1.66502e-23 -2.96776)
(8.20996 0 -2.59664)
(0.730117 -1.35857e-18 5.99444)
(1.32047 -1.64505e-19 6.44229)
(1.67877 6.69085e-19 6.82507)
(2.05994 -1.30312e-18 7.13482)
(2.39245 3.07221e-19 7.32169)
(2.69892 3.83459e-21 7.31127)
(2.97799 -3.66572e-19 7.01554)
(3.24321 1.04563e-19 6.34367)
(3.53566 -2.26508e-19 5.20479)
(3.92142 1.94945e-19 3.5667)
(4.39805 -1.15754e-19 1.55288)
(4.76593 -5.41945e-19 -0.623836)
(5.01073 2.75742e-20 -2.70474)
(5.25589 0 -4.5361)
(5.51517 4.04169e-21 -6.03003)
(5.77767 -5.87845e-20 -7.13554)
(6.03538 0 -7.84041)
(6.28169 1.94376e-21 -8.17003)
(6.51199 -8.61349e-21 -8.17725)
(6.72518 0 -7.93006)
(6.92289 8.62074e-22 -7.49978)
(7.10813 -8.68695e-22 -6.95224)
(7.28417 1.73466e-21 -6.34269)
(7.45371 7.95285e-22 -5.7139)
(7.61853 -1.43609e-21 -5.09666)
(7.77934 0 -4.51158)
(7.93591 0 -3.9714)
(8.08727 2.37636e-22 -3.48316)
(8.23017 -1.34867e-22 -3.05041)
(8.39438 -3.20969e-24 -2.67058)
(0.946922 0 5.22067)
(1.771 1.65201e-19 5.93113)
(2.3415 3.07517e-19 6.37794)
(2.92647 -3.01776e-19 6.7003)
(3.48591 -3.2059e-19 6.9143)
(4.01605 2.9414e-19 6.93554)
(4.52194 6.54756e-19 6.66122)
(5.01913 0 5.99231)
(5.52977 0 4.8475)
(6.05526 2.37107e-19 3.22728)
(6.55899 -2.65729e-19 1.25677)
(6.94052 1.03546e-20 -0.853614)
(7.18111 -1.85528e-19 -2.88563)
(7.37379 -7.30372e-20 -4.69389)
(7.53708 9.54716e-20 -6.17519)
(7.66926 -2.72755e-20 -7.26823)
(7.77023 0 -7.95828)
(7.8431 -3.65963e-21 -8.272)
(7.89337 -9.97185e-22 -8.26465)
(7.92877 1.97774e-21 -8.00596)
(7.95778 -5.5554e-22 -7.56787)
(7.98807 0 -7.01598)
(8.02546 -2.6056e-21 -6.40471)
(8.07356 1.39107e-22 -5.77581)
(8.13373 1.42392e-21 -5.15907)
(8.20546 0 -4.57428)
(8.28681 0 -4.0336)
(8.37483 3.27381e-22 -3.5437)
(8.46527 -6.11212e-23 -3.1079)
(8.57369 4.76005e-24 -2.72368)
(9.99623 0 0.115789)
(9.98526 -4.54242e-22 0.230719)
(9.9655 3.92557e-22 0.346812)
(9.93773 -1.22945e-20 0.466033)
(9.90272 -3.99827e-22 0.590196)
(9.86071 6.03729e-21 0.721057)
(9.81176 -1.3448e-20 0.860273)
(9.75589 8.27071e-22 1.00935)
(9.69318 0 1.16957)
(9.6237 1.349e-20 1.34202)
(9.54755 1.38901e-20 1.52759)
(9.46488 0 1.72712)
(9.37592 -1.42151e-20 1.94149)
(9.28095 -2.84594e-20 2.1718)
(9.18032 -3.05559e-20 2.41948)
(9.07448 5.15438e-21 2.68647)
(8.96393 4.33439e-20 2.9754)
(8.84929 0 3.28968)
(8.73122 0 3.63379)
(8.61055 5.51287e-20 4.01348)
(8.48821 2.19178e-19 4.43622)
(8.36535 -2.17149e-19 4.91175)
(8.2435 4.02372e-19 5.45312)
(8.12492 -3.96201e-19 6.07837)
(8.01338 -9.36738e-20 6.81346)
(7.9169 7.16159e-20 7.69789)
(7.85514 5.50898e-20 8.79618)
(7.92202 1.95777e-19 10.2189)
(8.61515 -1.49664e-19 12.1421)
(9.14975 1.41795e-18 15.2229)
(9.99663 0 0.119866)
(9.98702 -6.05995e-21 0.238827)
(9.96968 -1.90042e-22 0.358952)
(9.94536 6.34961e-21 0.482246)
(9.91481 0 0.610551)
(9.87831 -8.20022e-23 0.745642)
(9.836 2.52353e-20 0.889191)
(9.78799 0 1.04271)
(9.73445 0 1.20748)
(9.67559 -1.31338e-20 1.38455)
(9.61166 0 1.57477)
(9.54297 0 1.77894)
(9.46995 2.67771e-20 1.99786)
(9.39312 -2.68121e-20 2.23251)
(9.31312 1.70995e-21 2.48424)
(9.23077 -3.42913e-21 2.75485)
(9.14705 1.37103e-20 3.04679)
(9.06319 2.62467e-20 3.36327)
(8.98074 0 3.70849)
(8.90166 -5.32159e-20 4.08784)
(8.82857 3.97872e-19 4.50822)
(8.76504 -3.93525e-19 4.97855)
(8.71635 0 5.5105)
(8.69067 -6.45309e-19 6.11967)
(8.70167 5.59729e-19 6.82724)
(8.77466 -5.08527e-19 7.66222)
(8.95505 5.33823e-20 8.66304)
(9.3007 2.38973e-19 9.87168)
(10.1184 4.6118e-19 11.2387)
(10.9176 -4.8956e-19 12.4052)
(9.99705 9.04615e-23 0.123502)
(9.98884 -9.08829e-23 0.246045)
(9.97404 0 0.369734)
(9.95329 0 0.496599)
(9.92735 7.45941e-22 0.628498)
(9.89654 -2.33927e-21 0.767212)
(9.86106 -1.07053e-20 0.914414)
(9.82112 0 1.07161)
(9.77699 0 1.24004)
(9.72898 0 1.42072)
(9.67751 0 1.61445)
(9.62304 -1.24772e-20 1.82191)
(9.56619 0 2.04381)
(9.50772 0 2.281)
(9.44856 1.9579e-22 2.53463)
(9.38986 0 2.80629)
(9.33306 0 3.09814)
(9.27996 -2.23519e-19 3.41301)
(9.23283 2.21001e-19 3.75456)
(9.19466 4.6496e-20 4.12745)
(9.16943 0 4.53749)
(9.16251 0 4.99185)
(9.18155 0 5.49937)
(9.23785 0 6.07088)
(9.34809 6.85775e-20 6.71883)
(9.53713 -7.25597e-19 7.45575)
(9.84056 7.59532e-19 8.2883)
(10.269 1.00768e-20 9.20634)
(10.9503 -2.28212e-19 10.1634)
(11.8668 2.25348e-19 10.9412)
(9.99748 -5.5498e-21 0.12665)
(9.99073 -5.55562e-21 0.252282)
(9.97852 -5.6339e-21 0.379015)
(9.96145 5.65087e-21 0.508893)
(9.94023 5.69268e-21 0.643774)
(9.91524 -2.92645e-21 0.785437)
(9.88673 -2.90707e-21 0.93554)
(9.855 0 1.09556)
(9.82042 -1.1844e-20 1.26671)
(9.78342 1.18769e-20 1.44992)
(9.74452 -1.2118e-20 1.64591)
(9.70436 3.61356e-20 1.85524)
(9.66373 0 2.07849)
(9.62359 0 2.31631)
(9.58513 9.552e-20 2.56962)
(9.5498 -9.55625e-20 2.83972)
(9.51942 1.87432e-19 3.12836)
(9.49622 -1.86684e-19 3.43787)
(9.48306 -2.3213e-20 3.77117)
(9.48361 -4.50979e-20 4.13192)
(9.50269 0 4.52448)
(9.5466 0 4.9539)
(9.62374 0 5.42573)
(9.74559 0 5.94583)
(9.92726 0 6.51924)
(10.1878 0 7.14824)
(10.5533 -1.70135e-20 7.82907)
(11.036 1.0692e-19 8.54886)
(11.6969 -1.04313e-19 9.30559)
(12.671 -1.18252e-18 10.0128)
(9.99792 6.99195e-23 0.12927)
(9.99265 5.44624e-21 0.257457)
(9.98309 -6.07523e-22 0.386678)
(9.96976 6.07329e-22 0.518973)
(9.95333 -5.55687e-21 0.656191)
(9.93423 5.56214e-21 0.80009)
(9.91277 -5.58452e-21 0.952302)
(9.88932 -1.1152e-20 1.11426)
(9.86433 -1.12051e-20 1.28712)
(9.83835 2.27442e-20 1.47173)
(9.812 -3.43179e-20 1.6687)
(9.78606 0 1.87846)
(9.76147 -9.11473e-20 2.10139)
(9.73937 9.3937e-20 2.33793)
(9.72113 -3.47541e-22 2.58873)
(9.70845 0 2.85471)
(9.70341 1.74922e-19 3.13717)
(9.70856 1.46275e-19 3.43782)
(9.72706 -3.39625e-19 3.75876)
(9.76295 3.1686e-19 4.10252)
(9.82132 -3.13899e-19 4.47195)
(9.90863 0 4.87003)
(10.033 0 5.29948)
(10.2046 2.81741e-20 5.76238)
(10.4363 2.38749e-20 6.25933)
(10.7431 0 6.78836)
(11.1448 1.30803e-20 7.34388)
(11.6568 0 7.91326)
(12.2982 -1.06417e-21 8.48766)
(13.1982 -1.04146e-20 9.0151)
(9.99837 5.22383e-21 0.131324)
(9.9946 6.51889e-22 0.261495)
(9.98771 7.30807e-22 0.392611)
(9.97815 -7.94853e-21 0.526694)
(9.96655 1.32528e-21 0.665569)
(9.95335 0 0.81096)
(9.93894 -2.13753e-20 0.964459)
(9.92374 2.16582e-20 1.12744)
(9.90829 2.16471e-20 1.30098)
(9.89322 0 1.48585)
(9.87925 -1.07344e-20 1.68251)
(9.86725 -4.86931e-20 1.89123)
(9.85829 1.29658e-19 2.1122)
(9.85365 -8.90049e-20 2.34561)
(9.85483 3.38624e-22 2.59179)
(9.86366 5.15957e-21 2.85127)
(9.88237 0 3.12485)
(9.91368 1.07399e-20 3.41359)
(9.96084 0 3.71877)
(10.0279 0 4.0418)
(10.1198 5.47556e-19 4.38415)
(10.2426 -5.09884e-19 4.74703)
(10.4036 4.53424e-19 5.13103)
(10.6113 -1.25991e-18 5.5357)
(10.8761 7.48905e-19 5.95894)
(11.2091 4.81108e-19 6.39627)
(11.6235 -4.84118e-19 6.83994)
(12.1301 0 7.27574)
(12.7286 0 7.68682)
(13.5262 -8.18593e-22 8.0491)
(9.99883 -3.12272e-22 0.132777)
(9.99656 5.92404e-21 0.264329)
(9.99233 4.45221e-21 0.396718)
(9.98654 2.53712e-21 0.531931)
(9.97975 -7.60611e-21 0.671755)
(9.97242 0 0.81787)
(9.96498 1.03858e-20 0.971809)
(9.95792 0 1.13488)
(9.95184 -1.04585e-20 1.30807)
(9.94744 0 1.49203)
(9.94551 5.178e-20 1.6871)
(9.947 4.6161e-20 1.89336)
(9.95306 -8.22911e-20 2.11079)
(9.96504 -8.08845e-20 2.33932)
(9.9845 8.07823e-20 2.57895)
(10.0133 -5.03215e-21 2.8298)
(10.0538 4.73166e-21 3.09218)
(10.1086 9.59905e-21 3.3665)
(10.181 -1.76502e-20 3.65328)
(10.2746 -5.37649e-19 3.95298)
(10.3941 1.02014e-18 4.26588)
(10.5447 -9.75358e-19 4.59183)
(10.7325 4.35306e-20 4.92988)
(10.9643 4.0709e-19 5.27794)
(11.2478 -9.76898e-21 5.63229)
(11.5905 0 5.98702)
(12 0 6.33356)
(12.4825 -1.49584e-21 6.65934)
(13.0326 8.78235e-20 6.94926)
(13.7387 -8.57568e-20 7.19426)
(9.99928 -4.17087e-21 0.133601)
(9.9985 -6.67798e-21 0.265904)
(9.99693 3.64008e-21 0.398917)
(9.99486 -7.27542e-21 0.534579)
(9.99281 4.20621e-23 0.674625)
(9.99126 4.9184e-21 0.820677)
(9.99065 -9.86029e-21 0.974202)
(9.99154 9.89191e-21 1.13642)
(9.99455 9.78588e-21 1.30823)
(10.0004 4.9213e-20 1.49015)
(10.0101 -7.87958e-20 1.68238)
(10.0244 3.93262e-20 1.88483)
(10.0447 0 2.09723)
(10.0722 0 2.31927)
(10.1085 0 2.55063)
(10.1556 0 2.79103)
(10.2156 2.80824e-19 3.0403)
(10.291 -2.84363e-19 3.2983)
(10.3847 -2.45937e-19 3.56487)
(10.5003 2.69425e-19 3.83969)
(10.6415 1.54541e-20 4.12214)
(10.8127 -2.77555e-20 4.41107)
(11.0187 3.90005e-19 4.70456)
(11.2646 -3.63162e-19 4.99958)
(11.5555 9.63807e-21 5.29173)
(11.8962 7.1621e-21 5.5749)
(12.2907 0 5.84118)
(12.7419 1.13028e-19 6.08062)
(13.2432 -1.09884e-19 6.28135)
(13.8657 2.03401e-22 6.43868)
(9.99973 8.67043e-21 0.133771)
(10.0004 1.74179e-21 0.266172)
(10.0014 -1.16678e-21 0.399142)
(10.003 4.72565e-21 0.534555)
(10.0056 -4.66273e-21 0.674084)
(10.0097 0 0.819282)
(10.0157 9.44303e-21 0.971536)
(10.0242 9.41707e-21 1.13198)
(10.036 -2.85006e-20 1.30139)
(10.0517 -9.54338e-21 1.48018)
(10.0722 4.63203e-21 1.66839)
(10.0986 0 1.86574)
(10.1321 -4.54208e-21 2.07178)
(10.1738 0 2.28591)
(10.2255 0 2.50752)
(10.2888 0 2.73599)
(10.3658 2.08053e-21 2.97072)
(10.4586 0 3.21109)
(10.5701 0 3.4564)
(10.7029 -7.63483e-21 3.70573)
(10.8603 -4.28908e-19 3.95783)
(11.0458 8.30496e-19 4.21093)
(11.2627 -4.05855e-19 4.46257)
(11.5147 -1.05048e-20 4.70937)
(11.8049 5.01346e-19 4.9469)
(12.136 -8.81371e-19 5.16955)
(12.5096 3.79402e-19 5.37054)
(12.9263 0 5.54202)
(13.3795 -6.85463e-23 5.67488)
(13.9259 2.70188e-23 5.76605)
(10.0002 -4.48099e-21 0.133271)
(10.0023 4.42849e-21 0.265101)
(10.0058 2.24084e-21 0.397346)
(10.0109 -6.74956e-21 0.531804)
(10.018 9.07487e-21 0.670076)
(10.0275 9.03656e-21 0.813633)
(10.0398 1.34946e-20 0.963775)
(10.0557 -4.06807e-20 1.12154)
(10.0757 1.36445e-20 1.28759)
(10.1006 3.58336e-20 1.46221)
(10.1313 -4.04145e-20 1.64529)
(10.1689 4.36577e-21 1.8364)
(10.2143 8.74875e-21 2.03487)
(10.2689 0 2.23989)
(10.3342 2.07311e-21 2.45057)
(10.4116 1.0097e-21 2.66598)
(10.5029 -3.01416e-21 2.88517)
(10.6102 2.40632e-19 3.10716)
(10.7357 -2.36201e-19 3.33083)
(10.8815 -4.30132e-19 3.55485)
(11.0503 4.28009e-19 3.77758)
(11.2444 5.81256e-21 3.99693)
(11.4663 1.0784e-20 4.21024)
(11.7183 0 4.41416)
(12.002 -4.14128e-21 4.6046)
(12.3185 0 4.7767)
(12.668 -1.23282e-21 4.9249)
(13.0494 -3.10964e-24 5.04313)
(13.4567 6.85281e-23 5.1247)
(13.936 -3.0261e-22 5.16766)
(10.0006 4.23456e-21 0.132088)
(10.0041 -7.26165e-23 0.262669)
(10.01 0 0.393503)
(10.0186 4.31685e-21 0.526301)
(10.0299 -4.33737e-21 0.662579)
(10.0445 0 0.803721)
(10.0629 -8.67691e-21 0.950934)
(10.0856 9.47715e-23 1.10515)
(10.1133 8.63206e-21 1.26693)
(10.1467 0 1.43642)
(10.1868 6.3478e-20 1.61338)
(10.2344 -7.617e-20 1.79723)
(10.2906 6.56752e-20 1.98712)
(10.3566 -6.17867e-20 2.18203)
(10.4335 -6.94956e-23 2.38086)
(10.5229 -1.2321e-19 2.58243)
(10.6261 -1.12801e-19 2.78554)
(10.7448 2.35259e-19 2.98889)
(10.8808 -3.5195e-21 3.19111)
(11.0358 0 3.39063)
(11.2116 0 3.5856)
(11.4098 3.34281e-19 3.77383)
(11.6321 -3.43549e-19 3.95271)
(11.8794 2.6655e-19 4.11916)
(12.1526 -2.62967e-19 4.26959)
(12.4516 7.6916e-22 4.39999)
(12.7755 -7.44389e-23 4.50598)
(13.1227 -1.55914e-19 4.58303)
(13.4875 2.07581e-19 4.62642)
(13.9081 -5.21735e-20 4.635)
(10.001 -4.13611e-21 0.130219)
(10.0058 -4.15586e-21 0.258869)
(10.0141 0 0.387608)
(10.0258 -4.11068e-21 0.518046)
(10.0412 0 0.651611)
(10.0606 4.11744e-21 0.78959)
(10.0846 8.72593e-23 0.933093)
(10.1136 8.28723e-21 1.08295)
(10.1484 -4.17255e-21 1.2396)
(10.1897 -3.25626e-20 1.4031)
(10.2382 3.27293e-20 1.57307)
(10.2947 6.75883e-20 1.74878)
(10.3604 -6.75753e-20 1.92925)
(10.4361 -3.92844e-21 2.11331)
(10.5229 -1.91981e-21 2.29965)
(10.622 0 2.48694)
(10.7346 -8.68753e-22 2.67376)
(10.862 -2.08208e-22 2.85865)
(11.0055 0 3.04008)
(11.1662 -1.88805e-19 3.21635)
(11.3454 -1.63114e-19 3.38557)
(11.5441 2.93023e-20 3.54563)
(11.763 3.18511e-19 3.6941)
(12.0025 -3.18022e-21 3.82828)
(12.2625 0 3.94519)
(12.5424 1.71085e-19 4.04161)
(12.8408 -4.29997e-19 4.11424)
(13.1555 4.29033e-19 4.1598)
(13.4817 -1.7035e-19 4.17509)
(13.8512 1.91116e-20 4.15951)
(10.0014 0 0.127664)
(10.0074 -3.92037e-21 0.253708)
(10.0179 7.89916e-21 0.379674)
(10.0326 3.21053e-23 0.507069)
(10.0518 -7.95262e-21 0.637221)
(10.0757 1.77562e-23 0.771322)
(10.1048 1.98745e-20 0.910379)
(10.1397 -1.60006e-20 1.05512)
(10.1809 3.89431e-21 1.20589)
(10.2291 -3.85945e-21 1.36262)
(10.285 -5.74325e-20 1.52484)
(10.3494 1.2561e-19 1.69171)
(10.4232 -4.89456e-21 1.86212)
(10.507 -1.75127e-19 2.03478)
(10.6019 3.18964e-21 2.20827)
(10.7088 1.10928e-19 2.38111)
(10.8285 2.49532e-21 2.55178)
(10.9619 2.04432e-22 2.71873)
(11.1101 0 2.88036)
(11.2736 1.7791e-19 3.03495)
(11.4533 1.53862e-19 3.18069)
(11.6495 -6.31462e-19 3.31563)
(11.8624 5.73089e-19 3.43762)
(12.0918 -2.70087e-19 3.54439)
(12.3373 0 3.63354)
(12.5976 -1.68473e-19 3.70261)
(12.8711 1.68511e-19 3.74916)
(13.1557 -9.27052e-20 3.77094)
(13.4472 9.25872e-20 3.76586)
(13.7724 1.01109e-20 3.73373)
(10.0018 0 0.124433)
(10.0089 5.71177e-21 0.247204)
(10.0214 -4.19867e-23 0.369737)
(10.0389 -3.82546e-21 0.493425)
(10.0615 7.62315e-21 0.619497)
(10.0896 -7.5828e-21 0.749044)
(10.1234 1.51734e-20 0.882975)
(10.1635 -1.90687e-20 1.02192)
(10.2104 -8.92656e-23 1.16612)
(10.2647 9.33557e-23 1.31543)
(10.3271 0 1.46927)
(10.3982 -7.26251e-21 1.62674)
(10.4787 7.12871e-21 1.78662)
(10.5692 3.43142e-21 1.94756)
(10.6704 0 2.10805)
(10.7831 3.28889e-21 2.26655)
(10.9078 -1.98425e-19 2.42148)
(11.0451 8.98045e-21 2.57127)
(11.1955 1.06211e-20 2.71433)
(11.3595 3.48206e-19 2.84901)
(11.5372 -1.15099e-20 2.97364)
(11.7288 -1.56196e-19 3.08647)
(11.9338 0 3.1857)
(12.1519 -2.29844e-19 3.26947)
(12.382 2.29615e-19 3.33592)
(12.623 1.66097e-19 3.38322)
(12.873 -1.6671e-19 3.40967)
(13.13 0 3.41378)
(13.3904 3.40316e-22 3.39428)
(13.6772 0 3.3513)
(10.0021 -9.0539e-22 0.120541)
(10.0103 8.78017e-22 0.239391)
(10.0246 -5.46039e-21 0.35785)
(10.0447 -3.63788e-21 0.477198)
(10.0705 7.35001e-21 0.598561)
(10.1022 3.69927e-21 0.722927)
(10.1402 1.45253e-20 0.851109)
(10.1849 -1.45863e-20 0.983641)
(10.2368 -3.64461e-21 1.12069)
(10.2965 3.18921e-20 1.26202)
(10.3643 -8.41055e-20 1.407)
(10.4409 6.27927e-20 1.55464)
(10.5269 5.0158e-20 1.70371)
(10.6226 4.74682e-20 1.85279)
(10.7286 -1.04622e-19 2.00034)
(10.8453 -1.58692e-21 2.1448)
(10.9731 -1.52928e-21 2.28461)
(11.1124 1.79546e-19 2.41822)
(11.2631 -1.80274e-19 2.54409)
(11.4256 1.5917e-19 2.66071)
(11.5996 -1.13922e-20 2.76658)
(11.7849 -2.85578e-19 2.86021)
(11.9809 -1.11653e-19 2.94009)
(12.1868 2.48942e-19 3.00478)
(12.4016 -4.04417e-22 3.05289)
(12.6239 -1.65138e-19 3.08311)
(12.852 1.6557e-19 3.09433)
(13.084 0 3.08561)
(13.3169 7.54228e-20 3.05629)
(13.5704 -7.58367e-20 3.00672)
(10.0024 8.68484e-22 0.116008)
(10.0115 -2.63823e-21 0.230311)
(10.0275 1.77074e-21 0.344084)
(10.0499 1.74115e-21 0.458492)
(10.0785 0 0.574554)
(10.1135 0 0.693164)
(10.1552 -3.45976e-21 0.81504)
(10.2039 0 0.94063)
(10.2601 0 1.07003)
(10.3242 0 1.20294)
(10.3966 0 1.33867)
(10.4777 -8.81185e-23 1.47623)
(10.5678 -3.1909e-21 1.61434)
(10.6674 9.94948e-20 1.75158)
(10.7768 -1.02672e-19 1.88642)
(10.896 0 2.01733)
(11.0254 8.80357e-20 2.14277)
(11.1648 -2.61615e-19 2.26128)
(11.3144 1.70882e-19 2.37143)
(11.4738 -1.52295e-19 2.47185)
(11.6428 1.53539e-19 2.56124)
(11.8208 5.27655e-22 2.63835)
(12.007 -1.19652e-19 2.70198)
(12.2007 2.26937e-19 2.75104)
(12.4005 8.25875e-20 2.78452)
(12.6052 -1.90545e-19 2.80157)
(12.8131 0 2.80147)
(13.0226 0 2.78376)
(13.2312 0 2.74816)
(13.456 -1.50748e-22 2.69517)
(10.0027 0 0.11086)
(10.0127 -1.66201e-21 0.220018)
(10.0302 0 0.328524)
(10.0546 -3.19357e-23 0.437428)
(10.0857 1.67016e-21 0.547649)
(10.1235 0 0.659983)
(10.1684 3.38671e-21 0.775061)
(10.2205 3.29296e-21 0.893252)
(10.2803 -3.26132e-21 1.01459)
(10.348 0 1.13873)
(10.424 0 1.26497)
(10.5085 -5.30504e-20 1.39229)
(10.6018 5.31134e-20 1.51943)
(10.7041 0 1.64499)
(10.8155 -8.61286e-20 1.76748)
(10.9359 9.215e-20 1.88542)
(11.0655 4.05165e-23 1.99737)
(11.2039 1.32529e-21 2.10194)
(11.351 0 2.19784)
(11.5063 0 2.28387)
(11.6693 -1.11917e-21 2.35891)
(11.8394 -5.2036e-22 2.42196)
(12.0157 0 2.47208)
(12.1972 1.04783e-19 2.50849)
(12.3827 -1.04577e-19 2.53049)
(12.5711 -8.20362e-20 2.53756)
(12.7607 1.18843e-20 2.52933)
(12.9502 7.05018e-20 2.50562)
(13.1374 0 2.46646)
(13.3374 -3.3581e-20 2.41242)
(10.003 0 0.105127)
(10.0137 4.83735e-21 0.208572)
(10.0325 -3.23681e-21 0.311267)
(10.0587 -1.63405e-21 0.414146)
(10.0919 4.80981e-21 0.518032)
(10.1322 -4.88505e-21 0.623628)
(10.1798 0 0.731482)
(10.2348 -3.22501e-21 0.841897)
(10.2975 4.75776e-21 0.954855)
(10.3681 -3.08521e-21 1.06998)
(10.4468 -3.03692e-21 1.18657)
(10.5338 4.46761e-20 1.30361)
(10.6293 -9.43541e-20 1.41988)
(10.7332 4.6681e-20 1.53402)
(10.8455 -4.21388e-21 1.64461)
(10.9661 0 1.75026)
(11.0947 1.32056e-21 1.84961)
(11.2311 0 1.94141)
(11.3748 0 2.0245)
(11.5252 0 2.09784)
(11.6818 0 2.1605)
(11.8437 1.21733e-19 2.21169)
(12.0101 -1.22451e-19 2.25071)
(12.1799 -1.02311e-19 2.277)
(12.3521 1.03908e-20 2.29015)
(12.5254 9.20695e-20 2.28988)
(12.6985 7.13494e-20 2.27605)
(12.8702 -7.16995e-20 2.24871)
(13.0388 0 2.20806)
(13.2175 8.58514e-24 2.15473)
(10.0032 0 0.0988406)
(10.0145 3.08424e-21 0.19604)
(10.0345 -3.10824e-21 0.292414)
(10.0622 0 0.388789)
(10.0973 1.53925e-21 0.485892)
(10.1397 -1.54229e-20 0.58434)
(10.1894 1.08716e-20 0.684606)
(10.2467 1.21442e-20 0.786933)
(10.3117 1.02788e-20 0.891265)
(10.3846 -2.11014e-20 0.997215)
(10.4653 -2.02983e-20 1.10408)
(10.5541 2.486e-20 1.21089)
(10.6508 0 1.31647)
(10.7554 -4.3354e-20 1.41953)
(10.8678 4.35152e-20 1.51875)
(10.9876 0 1.61282)
(11.1145 1.2313e-21 1.70051)
(11.248 7.46003e-20 1.78068)
(11.3877 -7.47896e-20 1.85232)
(11.5328 0 1.91455)
(11.6827 0 1.96661)
(11.8364 0 2.00787)
(11.9932 4.48071e-22 2.03786)
(12.152 0 2.05621)
(12.3118 0 2.06268)
(12.4715 3.37291e-22 2.05719)
(12.63 0 2.03979)
(12.7861 1.30066e-22 2.01065)
(12.9384 0 1.9701)
(13.0988 -9.21286e-23 1.91875)
(10.0034 0 0.0920357)
(10.0153 1.47173e-21 0.182491)
(10.0362 0 0.272074)
(10.0652 0 0.361509)
(10.1018 -1.50612e-21 0.451433)
(10.1459 1.18602e-20 0.542381)
(10.1974 -8.94737e-21 0.634756)
(10.2566 1.4546e-21 0.728751)
(10.3233 0 0.824281)
(10.3977 -2.27093e-20 0.920959)
(10.4798 4.95003e-22 1.01811)
(10.5695 2.24421e-20 1.1148)
(10.6668 0 1.20994)
(10.7715 0 1.30232)
(10.8831 3.00829e-23 1.39072)
(11.0015 3.76894e-20 1.47394)
(11.126 -4.02483e-20 1.55086)
(11.2563 0 1.62049)
(11.3915 -5.42575e-22 1.68195)
(11.5311 -5.16054e-22 1.73449)
(11.6742 0 1.77752)
(11.8201 4.59439e-22 1.81057)
(11.9678 -5.31755e-20 1.83329)
(12.1164 4.26515e-21 1.8455)
(12.2649 4.92579e-20 1.84709)
(12.4124 4.07912e-20 1.83811)
(12.5578 -4.08623e-20 1.81872)
(12.7003 -3.2222e-20 1.7892)
(12.8386 3.23577e-20 1.74993)
(12.9834 -2.34658e-20 1.70151)
(10.0035 -6.97735e-22 0.0847454)
(10.0159 -2.14496e-23 0.167993)
(10.0376 1.42042e-21 0.250352)
(10.0677 -2.16748e-21 0.332453)
(10.1056 -5.70797e-21 0.414846)
(10.151 1.50759e-21 0.497989)
(10.204 5.69827e-21 0.582223)
(10.2645 -1.26205e-20 0.667696)
(10.3324 1.12609e-20 0.754307)
(10.4079 0 0.841678)
(10.4908 2.14291e-20 0.929167)
(10.581 -2.01833e-20 1.01591)
(10.6782 -1.28749e-21 1.1009)
(10.7823 3.99074e-20 1.18301)
(10.8927 -3.88136e-20 1.26115)
(11.0091 2.56471e-23 1.33423)
(11.1309 0 1.40125)
(11.2575 5.47121e-22 1.46135)
(11.3882 5.33988e-22 1.51377)
(11.5222 5.08105e-22 1.55791)
(11.6588 0 1.59328)
(11.7972 -5.62598e-20 1.61956)
(11.9364 3.85907e-21 1.63652)
(12.0757 1.00311e-19 1.64408)
(12.214 -3.97936e-21 1.64225)
(12.3507 -4.08943e-21 1.63117)
(12.4847 -7.74563e-20 1.61106)
(12.6153 3.99325e-21 1.58224)
(12.7416 3.30427e-20 1.54513)
(12.873 -2.50635e-20 1.50031)
(10.0037 2.7288e-21 0.077001)
(10.0164 -6.90079e-22 0.15261)
(10.0388 2.04997e-21 0.227349)
(10.0698 -8.96653e-21 0.301761)
(10.1087 5.54438e-21 0.376314)
(10.1552 0 0.451394)
(10.2092 -1.38091e-21 0.527285)
(10.2706 0 0.604098)
(10.3395 1.06407e-20 0.681721)
(10.4155 -3.16739e-20 0.759796)
(10.4987 -8.14779e-22 0.837728)
(10.5889 5.21482e-22 0.914727)
(10.6856 2.15474e-20 0.989866)
(10.7886 3.89993e-20 1.06215)
(10.8975 -3.85569e-20 1.13057)
(11.0116 1.16025e-21 1.19418)
(11.1304 0 1.25211)
(11.2532 -5.38173e-22 1.30359)
(11.3793 0 1.34801)
(11.508 -3.03085e-20 1.38486)
(11.6384 -2.70049e-20 1.41377)
(11.7698 5.78743e-20 1.43451)
(11.9013 1.02341e-22 1.44696)
(12.0321 -4.74485e-20 1.45111)
(12.1615 4.75733e-20 1.44704)
(12.2885 -4.0391e-20 1.43494)
(12.4126 3.66717e-21 1.41508)
(12.533 3.70646e-20 1.3878)
(12.649 -3.00289e-20 1.3535)
(12.7692 3.01595e-20 1.31273)
(10.0038 -6.60254e-22 0.068829)
(10.0169 6.65404e-22 0.136396)
(10.0398 -6.68742e-22 0.203152)
(10.0716 2.64815e-21 0.269557)
(10.1112 -2.67082e-21 0.336001)
(10.1585 0 0.402799)
(10.2133 -6.54298e-22 0.470181)
(10.2754 6.48915e-22 0.538228)
(10.3447 0 0.606825)
(10.4211 -6.33196e-22 0.67564)
(10.5042 1.26746e-21 0.744133)
(10.594 6.11099e-22 0.811594)
(10.6899 -5.97782e-22 0.877197)
(10.7916 -1.17647e-21 0.940055)
(10.8986 3.5931e-20 0.999285)
(11.0103 -1.32104e-21 1.05405)
(11.126 -3.54497e-20 1.1036)
(11.2451 -3.22195e-20 1.14729)
(11.3668 6.29534e-20 1.1846)
(11.4904 -3.0973e-20 1.21512)
(11.6151 0 1.23858)
(11.7401 -2.64107e-20 1.25483)
(11.8647 2.65227e-20 1.2638)
(11.988 1.18006e-22 1.26554)
(12.1094 -2.2013e-23 1.26018)
(12.2282 2.01229e-20 1.24793)
(12.3437 -2.00999e-20 1.22907)
(12.4553 0 1.20394)
(12.5625 6.21322e-23 1.17293)
(12.6733 1.15923e-22 1.13653)
(10.0039 0 0.0602473)
(10.0173 -1.27011e-21 0.119392)
(10.0407 6.46754e-22 0.177831)
(10.073 0 0.235948)
(10.1133 5.10016e-21 0.29405)
(10.1612 -1.02237e-20 0.352385)
(10.2165 5.76164e-21 0.411132)
(10.279 -1.06386e-20 0.470347)
(10.3485 1.06931e-20 0.529918)
(10.4248 6.20826e-22 0.589542)
(10.5077 -6.01645e-22 0.648741)
(10.5968 -1.87788e-20 0.706888)
(10.6917 1.9459e-20 0.763259)
(10.7919 8.89515e-24 0.817083)
(10.8969 -1.68124e-20 0.867596)
(11.0061 1.69118e-20 0.914079)
(11.1189 5.21942e-22 0.955894)
(11.2344 -3.09746e-20 0.992501)
(11.352 3.16034e-20 1.02347)
(11.4709 -2.28057e-22 1.04849)
(11.5904 0 1.06735)
(11.7097 5.1723e-23 1.07995)
(11.8281 -9.85471e-23 1.08628)
(11.9449 2.2869e-20 1.08643)
(12.0594 -2.29768e-20 1.08053)
(12.1711 -4.03962e-23 1.06881)
(12.2793 1.83179e-20 1.05153)
(12.3836 -3.55656e-20 1.02903)
(12.4834 1.59491e-21 1.00165)
(12.5862 1.5583e-20 0.969828)
(10.004 6.06075e-22 0.051259)
(10.0177 3.05619e-22 0.101614)
(10.0415 9.29063e-22 0.151432)
(10.0743 -3.08022e-22 0.20101)
(10.1151 0 0.25056)
(10.1634 -6.14143e-22 0.300254)
(10.2191 -4.26503e-21 0.350233)
(10.2818 4.91434e-21 0.400533)
(10.3513 8.94448e-21 0.451051)
(10.4275 -1.96257e-20 0.501523)
(10.5098 1.00674e-20 0.551535)
(10.5981 -9.6533e-21 0.600549)
(10.6919 -8.61442e-21 0.647947)
(10.7906 3.56874e-20 0.693075)
(10.8936 -1.79244e-20 0.735285)
(11.0005 -1.57666e-20 0.773972)
(11.1104 1.612e-20 0.808605)
(11.2226 -2.43681e-22 0.83874)
(11.3364 -1.15812e-22 0.864032)
(11.4512 2.24305e-22 0.884233)
(11.566 2.64942e-20 0.899195)
(11.6803 -2.67219e-20 0.908856)
(11.7934 0 0.913236)
(11.9046 0 0.912429)
(12.0132 -2.13676e-23 0.906587)
(12.1189 0 0.895917)
(12.221 -1.83315e-20 0.880672)
(12.3191 1.84988e-20 0.861136)
(12.4128 -6.34812e-23 0.837625)
(12.5091 7.08696e-21 0.810507)
(10.0041 -1.47347e-21 0.0418388)
(10.0181 -5.93444e-22 0.0830376)
(10.0424 8.97619e-22 0.123981)
(10.0756 3.01283e-22 0.164855)
(10.1168 -2.38264e-21 0.20574)
(10.1654 3.00587e-21 0.246732)
(10.2212 -8.94012e-22 0.287923)
(10.284 0 0.329333)
(10.3534 0 0.370863)
(10.4292 -8.5372e-21 0.412285)
(10.511 9.46245e-21 0.453255)
(10.5984 0 0.493326)
(10.691 0 0.53199)
(10.7882 0 0.56871)
(10.8894 0 0.602956)
(10.994 1.60655e-20 0.634238)
(11.1014 -1.5652e-20 0.662126)
(11.2107 1.17173e-22 0.686268)
(11.3212 -1.39413e-20 0.706392)
(11.4323 2.77577e-20 0.722312)
(11.5432 -1.35882e-20 0.733921)
(11.6532 0 0.741187)
(11.7617 -1.17094e-20 0.744145)
(11.8682 1.17662e-20 0.742888)
(11.972 -1.03868e-20 0.73756)
(12.0726 1.04804e-20 0.728344)
(12.1697 9.18629e-21 0.715459)
(12.2628 -9.12607e-21 0.699152)
(12.3515 0 0.679688)
(12.4426 -7.23012e-21 0.657374)
(10.0043 2.86395e-22 0.0318991)
(10.0187 2.8499e-22 0.0635291)
(10.0436 -5.80464e-22 0.0952707)
(10.0773 0 0.127107)
(10.1188 0 0.158995)
(10.1677 2.30127e-21 0.190992)
(10.2236 -6.60743e-21 0.223173)
(10.2863 4.32936e-21 0.255542)
(10.3555 0 0.288008)
(10.4309 2.78509e-22 0.320383)
(10.5121 -5.50998e-22 0.352387)
(10.5987 2.69329e-22 0.383665)
(10.6901 -8.34991e-21 0.413809)
(10.7859 1.64195e-20 0.442394)
(10.8855 -2.67786e-22 0.469003)
(10.9882 -8.21795e-21 0.493251)
(11.0932 -1.1822e-22 0.514803)
(11.2 -1.15123e-22 0.533388)
(11.3077 -1.65916e-22 0.548799)
(11.4157 -1.32008e-20 0.560901)
(11.5233 1.33199e-20 0.56962)
(11.6299 -1.20842e-20 0.574941)
(11.7347 1.21451e-20 0.576904)
(11.8374 0 0.575594)
(11.9372 -4.14246e-23 0.571132)
(12.0339 -9.71153e-21 0.563674)
(12.1269 9.68437e-21 0.553397)
(12.2161 -4.30611e-21 0.540502)
(12.301 3.15131e-22 0.525198)
(12.3879 7.62632e-21 0.507728)
(10.0046 -2.76391e-22 0.0212986)
(10.0196 4.19078e-22 0.0435026)
(10.0452 0 0.0664741)
(10.0793 -9.81507e-22 0.0895929)
(10.1211 1.27459e-21 0.112678)
(10.1701 0 0.135808)
(10.2261 -1.39694e-22 0.159056)
(10.2888 2.48323e-21 0.182418)
(10.3578 -6.44537e-21 0.205821)
(10.4329 3.98636e-21 0.229131)
(10.5135 -3.96262e-21 0.25215)
(10.5994 3.86658e-21 0.274624)
(10.6899 0 0.296262)
(10.7845 -7.80718e-21 0.31676)
(10.8827 8.10484e-21 0.335818)
(10.9838 0 0.35316)
(11.087 7.3757e-21 0.368547)
(11.1917 -2.34004e-22 0.381784)
(11.2972 -2.43465e-22 0.392728)
(11.4028 -6.75784e-21 0.401283)
(11.5078 -6.20244e-24 0.407399)
(11.6116 -5.92359e-21 0.411073)
(11.7136 5.95146e-21 0.412336)
(11.8133 0 0.411255)
(11.9101 0 0.407922)
(12.0037 5.77303e-23 0.402454)
(12.0938 0 0.394984)
(12.1799 0 0.385656)
(12.2618 0 0.374627)
(12.3456 -2.94488e-23 0.362071)
(10.0057 -6.73239e-23 0.00740593)
(10.0226 -1.36199e-22 0.0190634)
(10.0491 0 0.0326704)
(10.0835 4.76823e-22 0.0465861)
(10.1253 -7.57941e-22 0.0605349)
(10.1743 6.84129e-23 0.0746165)
(10.2302 1.21885e-21 0.088873)
(10.2927 -1.09221e-21 0.10327)
(10.3614 2.0562e-21 0.117737)
(10.4359 -2.00867e-21 0.132174)
(10.5159 -1.99734e-21 0.146447)
(10.601 1.81981e-22 0.160388)
(10.6906 6.00344e-21 0.173808)
(10.7843 -3.92971e-21 0.186512)
(10.8813 -3.95002e-21 0.19831)
(10.981 3.79294e-21 0.20903)
(11.0828 0 0.218526)
(11.1859 -5.47845e-23 0.226679)
(11.2897 0 0.233406)
(11.3935 -2.54069e-23 0.238652)
(11.4966 3.0445e-21 0.242393)
(11.5984 -5.95654e-21 0.244633)
(11.6984 1.51758e-22 0.245396)
(11.7959 2.76853e-21 0.24473)
(11.8907 0 0.242696)
(11.9822 -2.36878e-21 0.239369)
(12.0701 2.36139e-21 0.234835)
(12.1542 0 0.229187)
(12.2341 -1.57768e-23 0.222524)
(12.3158 -1.78573e-21 0.214961)
(9.99496 1.47151e-25 -0.000511911)
(10.0029 -6.57288e-23 0.0022857)
(10.0178 1.33905e-22 0.0064089)
(10.0396 -6.70878e-23 0.0107594)
(10.0692 6.71955e-23 0.0151976)
(10.1066 -6.71268e-23 0.0197828)
(10.1515 0 0.0245311)
(10.2034 0 0.0294224)
(10.2622 -6.58776e-23 0.0344257)
(10.3275 -5.14358e-22 0.0394993)
(10.3989 1.46783e-21 0.0445875)
(10.476 -2.61857e-23 0.0496208)
(10.5583 -1.00304e-21 0.0545199)
(10.6452 -6.05855e-23 0.0592028)
(10.7361 9.87683e-22 0.0635895)
(10.8303 -9.34651e-22 0.0676074)
(10.9269 1.74941e-21 0.0711944)
(11.0254 -3.45078e-21 0.0743011)
(11.1248 7.05644e-23 0.0768911)
(11.2245 3.20595e-21 0.0789417)
(11.3239 -1.5753e-21 0.0804419)
(11.4221 0 0.0813919)
(11.5186 0 0.0818016)
(11.613 1.31185e-21 0.0816883)
(11.7046 -1.30784e-21 0.081076)
(11.793 1.1659e-21 0.0799936)
(11.878 -1.17164e-21 0.0784738)
(11.9592 5.16095e-22 0.0765521)
(12.0363 -5.03037e-22 0.0742642)
(12.115 -1.45917e-23 0.0716588)
(10.9456 -1.14103e-18 13.1689)
(7.80076 -2.9129e-18 10.4584)
(2.0397 1.9168e-18 7.18603)
(11.5789 1.95855e-18 10.7742)
(11.0491 -2.1145e-18 9.18086)
(9.72732 0 7.72938)
(12.4916 -1.63751e-20 10.6544)
(12.8 1.6294e-18 10.0928)
(12.696 -1.67505e-18 9.35911)
(13.2771 -6.28953e-19 10.1219)
(13.7351 2.2336e-18 10.0062)
(13.9704 3.24641e-18 9.70276)
(13.7343 0 9.15164)
(14.2124 -7.09982e-21 9.17787)
(14.5717 8.46349e-21 9.09552)
(13.9989 0 8.16336)
(14.4532 9.85175e-21 8.22277)
(14.8335 -8.3671e-21 8.22184)
(14.1538 2.06261e-22 7.27465)
(14.5605 -3.35652e-21 7.32132)
(14.9103 2.70136e-21 7.3297)
(14.2268 4.38291e-19 6.4847)
(14.5808 -4.30116e-19 6.50546)
(14.8865 -5.64654e-22 6.49877)
(14.2389 1.69265e-22 5.78506)
(14.5445 -3.52275e-22 5.78335)
(14.8074 -5.27039e-19 5.76001)
(14.2074 1.46711e-22 5.16745)
(14.471 3.32307e-19 5.14978)
(14.6964 -3.27165e-19 5.11432)
(14.1441 3.06316e-22 4.62145)
(14.3718 -2.82242e-23 4.59316)
(14.5654 0 4.55011)
(14.0569 -2.58894e-20 4.13698)
(14.2542 -1.62904e-19 4.10202)
(14.4212 1.61267e-19 4.05483)
(13.9521 7.33488e-21 3.70546)
(14.1237 -1.87252e-20 3.66672)
(14.2682 7.12922e-20 3.61785)
(13.8347 5.9842e-23 3.31967)
(13.9844 -7.58782e-24 3.27924)
(14.1101 2.79741e-23 3.23039)
(13.7089 -1.08211e-22 2.97349)
(13.84 7.16417e-21 2.93285)
(13.9497 -7.12016e-21 2.88524)
(13.5782 4.84587e-20 2.66163)
(13.6935 -4.81689e-20 2.62187)
(13.7897 -1.0571e-24 2.5763)
(13.4457 4.15593e-20 2.37952)
(13.5476 0 2.3414)
(13.6323 -1.19866e-23 2.29844)
(13.3139 -2.78615e-23 2.12315)
(13.4043 -3.22547e-20 2.0872)
(13.4794 3.21715e-20 2.04721)
(13.1851 -1.13362e-23 1.88899)
(13.2658 -1.89175e-23 1.85555)
(13.3327 0 1.81875)
(13.061 5.43604e-20 1.6739)
(13.1335 -2.55089e-20 1.6432)
(13.1935 0 1.60971)
(12.9433 3.05663e-20 1.47506)
(13.0089 -1.21783e-23 1.44725)
(13.0631 -2.27078e-20 1.4171)
(12.8333 4.46607e-23 1.29)
(12.893 7.12154e-24 1.26514)
(12.9423 -4.82056e-23 1.23834)
(12.7322 -1.54918e-20 1.1164)
(12.7871 2.98163e-20 1.0945)
(12.8323 -1.43652e-20 1.07101)
(12.6408 -4.82059e-23 0.952346)
(12.6917 0 0.933417)
(12.7336 -3.06624e-23 0.913183)
(12.5603 -4.59707e-22 0.795686)
(12.6078 -4.70467e-22 0.779698)
(12.647 -7.66846e-21 0.762659)
(12.4908 1.71589e-20 0.64523)
(12.5357 -1.62313e-20 0.632166)
(12.5727 7.91787e-21 0.618273)
(12.4339 -4.43446e-21 0.498245)
(12.4767 3.99615e-21 0.488067)
(12.5119 -4.03293e-21 0.477266)
(12.39 4.22037e-21 0.355267)
(12.4312 -4.20149e-21 0.347971)
(12.4653 7.40263e-24 0.340232)
(12.359 2.19753e-21 0.210831)
(12.3992 0 0.206375)
(12.4323 -9.3643e-26 0.20165)
(12.1567 -8.31733e-24 0.0702047)
(12.1953 4.9798e-22 0.068617)
(12.2272 -4.89737e-22 0.0669379)
(-1.06173 -1.44496e-18 3.85402)
(2.04605 0 4.77449)
(2.96791 9.19081e-19 5.47908)
(3.78465 -8.20202e-19 5.95539)
(4.58251 8.99226e-19 6.26302)
(5.3308 -1.10755e-18 6.34065)
(6.04356 -3.0701e-19 6.09912)
(6.73772 6.77912e-19 5.45094)
(7.41224 4.7492e-20 4.33966)
(8.03172 -7.82221e-19 2.79458)
(8.58498 -4.38465e-19 0.929193)
(8.97534 3.87822e-19 -1.08357)
(9.22788 3.16693e-19 -3.04641)
(9.39458 -1.38215e-19 -4.80557)
(9.48294 0 -6.24678)
(9.49628 0 -7.30467)
(9.44528 -1.55912e-20 -7.96518)
(9.34629 3.29798e-20 -8.25687)
(9.21768 2.26012e-21 -8.2362)
(9.07756 -2.07487e-21 -7.97272)
(8.94174 2.09734e-21 -7.53702)
(8.82232 0 -6.9927)
(8.72719 0 -6.39202)
(8.66022 -1.58118e-21 -5.77474)
(8.62187 -2.37192e-22 -5.16911)
(8.61009 2.41355e-22 -4.59386)
(8.62106 -5.35927e-22 -4.0605)
(8.64988 -2.89673e-22 -3.5754)
(8.69128 1.39795e-22 -3.14172)
(8.7476 0 -2.75729)
(7.4158 2.80879e-18 5.7678)
(6.21338 -3.198e-18 4.82181)
(5.52681 0 4.72181)
(5.5743 -2.04475e-18 5.02549)
(6.08356 4.31712e-18 5.3586)
(6.78361 1.78949e-19 5.50031)
(7.55512 -2.10702e-18 5.32)
(8.34468 9.3166e-19 4.73205)
(9.10755 8.07097e-20 3.70096)
(9.79452 -1.37168e-18 2.26553)
(10.4253 3.79373e-19 0.520662)
(10.887 0 -1.37029)
(11.195 2.63716e-19 -3.22745)
(11.3586 -2.40155e-19 -4.89336)
(11.38 0 -6.25292)
(11.274 0 -7.24412)
(11.0681 1.34989e-20 -7.85615)
(10.7954 -3.01556e-20 -8.1186)
(10.4885 -9.85501e-21 -8.08662)
(10.1763 1.60353e-20 -7.82662)
(9.88127 -3.97019e-21 -7.40518)
(9.61911 2.68193e-21 -6.88177)
(9.39887 0 -6.30498)
(9.22397 -2.84885e-23 -5.71172)
(9.0935 1.15218e-21 -5.12818)
(9.00359 0 -4.57185)
(8.94855 1.08075e-21 -4.05363)
(8.92159 3.51913e-22 -3.57973)
(8.91653 -1.87286e-22 -3.15328)
(8.92356 0 -2.77273)
(11.8591 -5.35353e-20 7.83139)
(10.7866 0 6.52961)
(9.72254 8.26603e-20 5.6576)
(9.04662 -9.33698e-20 5.19613)
(8.86011 1.74793e-18 4.99536)
(9.07732 -3.60818e-18 4.84881)
(9.57102 2.08818e-18 4.55301)
(10.2235 -8.08773e-19 3.95679)
(10.9331 8.13725e-19 2.9859)
(11.6252 -1.23626e-18 1.64572)
(12.3043 5.93939e-19 0.0201066)
(12.8179 5.35e-19 -1.72546)
(13.1378 0 -3.42946)
(13.2535 -4.78808e-20 -4.94868)
(13.1727 0 -6.18145)
(12.9254 0 -7.07524)
(12.5559 0 -7.62294)
(12.1117 0 -7.85263)
(11.6368 6.49774e-22 -7.81459)
(11.1674 -2.09247e-21 -7.56872)
(10.7303 0 -7.17481)
(10.3426 -3.23851e-22 -6.68621)
(10.0133 -4.33236e-21 -6.14658)
(9.7445 1.52042e-21 -5.58924)
(9.53365 2.60421e-23 -5.0381)
(9.37508 -8.32849e-22 -4.5094)
(9.26142 -5.45319e-22 -4.01356)
(9.18437 6.23712e-23 -3.55677)
(9.13704 -5.59383e-23 -3.14238)
(9.0989 7.00703e-23 -2.76965)
(13.961 -3.98906e-18 8.70499)
(13.6109 3.52505e-18 7.61508)
(13.0711 -2.05115e-18 6.67092)
(12.5634 2.51784e-18 5.91882)
(12.2438 -5.37947e-18 5.31803)
(12.1816 2.8416e-18 4.78493)
(12.3801 1.47189e-18 4.20191)
(12.7913 -1.69383e-18 3.44476)
(13.3352 2.45079e-19 2.42321)
(13.9354 0 1.10932)
(14.5103 9.70771e-19 -0.420904)
(14.9045 -4.55392e-19 -2.02028)
(15.0874 -6.82187e-19 -3.55107)
(15.0463 7.24907e-19 -4.89916)
(14.7962 -3.12482e-19 -5.98641)
(14.376 -1.51506e-20 -6.77327)
(13.8375 -6.44738e-21 -7.25611)
(13.234 0 -7.45961)
(12.6134 1.69334e-20 -7.42672)
(12.0135 -1.71745e-20 -7.2085)
(11.4615 5.5357e-21 -6.85615)
(10.9736 -5.64896e-21 -6.41569)
(10.5573 1.95531e-21 -5.9252)
(10.213 0 -5.41416)
(9.93654 1.40614e-23 -4.90422)
(9.72089 8.1303e-22 -4.41051)
(9.55747 -2.96559e-23 -3.94315)
(9.437 -3.31549e-22 -3.50856)
(9.35227 1.9852e-22 -3.11046)
(9.2736 -6.83475e-23 -2.74905)
(14.9965 2.46653e-18 8.56797)
(15.1742 -2.52415e-18 7.81693)
(15.1785 2.39806e-20 7.03159)
(15.0943 6.31137e-20 6.28061)
(15.0226 0 5.5621)
(15.0454 2.44722e-18 4.84128)
(15.2078 -3.93075e-18 4.05922)
(15.5112 1.31426e-18 3.14453)
(15.9149 0 2.03859)
(16.3507 9.84679e-20 0.728618)
(16.686 0 -0.706006)
(16.8435 -8.46573e-20 -2.15032)
(16.798 -8.6383e-20 -3.5033)
(16.5439 0 -4.6834)
(16.1024 -1.51575e-20 -5.63437)
(15.5149 1.46987e-20 -6.32744)
(14.8321 3.4306e-21 -6.76051)
(14.1051 1.22292e-21 -6.95353)
(13.3788 3.1229e-20 -6.94105)
(12.6882 -2.82513e-20 -6.76459)
(12.0575 2.84208e-21 -6.46634)
(11.5008 -4.21521e-22 -6.08485)
(11.0235 -2.62674e-21 -5.65266)
(10.6247 -2.32959e-21 -5.19561)
(10.2991 -4.59148e-22 -4.73332)
(10.0389 8.7803e-23 -4.28005)
(9.83524 -8.91084e-23 -3.84583)
(9.67849 0 -3.43742)
(9.56156 0 -3.05904)
(9.44724 0 -2.71193)
(15.4305 1.26395e-20 7.96386)
(15.9009 1.21072e-18 7.47954)
(16.2708 -1.24137e-18 6.87532)
(16.5396 0 6.20754)
(16.7534 0 5.49093)
(16.9686 6.57853e-20 4.71468)
(17.2221 1.06534e-18 3.8514)
(17.5196 -2.2896e-18 2.86753)
(17.8329 1.17617e-18 1.74238)
(18.1083 1.2673e-18 0.493728)
(18.2332 -1.35448e-18 -0.807436)
(18.1838 4.53243e-20 -2.08512)
(17.9464 -5.31726e-19 -3.26993)
(17.5258 5.1594e-19 -4.30307)
(16.9481 1.48337e-20 -5.14219)
(16.2534 0 -5.76473)
(15.4876 3.14485e-21 -6.16831)
(14.6962 -1.20963e-21 -6.36755)
(13.9184 0 -6.38877)
(13.1848 -2.27218e-22 -6.26442)
(12.5159 -7.36124e-21 -6.02827)
(11.9236 1.45939e-20 -5.71198)
(11.4119 -6.71448e-21 -5.34307)
(10.9794 3.24655e-21 -4.94418)
(10.6207 -1.08554e-21 -4.53315)
(10.3284 -1.7477e-22 -4.12358)
(10.0939 1.7717e-22 -3.72548)
(9.90794 0 -3.34602)
(9.76405 0 -2.98996)
(9.61904 9.38642e-23 -2.65954)
(15.5246 -1.77755e-20 7.18673)
(16.1059 3.87905e-21 6.86586)
(16.6573 0 6.40524)
(17.1327 1.81208e-20 5.83546)
(17.5368 0 5.17213)
(17.8973 -2.33774e-20 4.41628)
(18.2316 6.0753e-20 3.56011)
(18.5364 0 2.59603)
(18.7871 7.11852e-20 1.53032)
(18.9426 0 0.396156)
(18.942 -4.53743e-19 -0.755888)
(18.7755 1.05892e-18 -1.8752)
(18.4395 -4.75708e-19 -2.91217)
(17.9452 0 -3.82224)
(17.3192 0 -4.57206)
(16.5977 -1.63694e-19 -5.143)
(15.8209 2.34844e-19 -5.5314)
(15.0279 -7.19493e-20 -5.74666)
(14.2523 2.64066e-20 -5.80763)
(13.5202 -7.64518e-21 -5.7387)
(12.8498 -2.78354e-20 -5.56623)
(12.2513 0 -5.31582)
(11.7285 6.53001e-21 -5.01061)
(11.2806 -3.10032e-21 -4.67038)
(10.9032 1.71937e-23 -4.3114)
(10.5899 0 -3.94662)
(10.3331 -5.81305e-22 -3.58604)
(10.1246 -3.94889e-22 -3.23713)
(9.95875 -5.1062e-24 -2.90514)
(9.78795 -8.66208e-23 -2.59321)
(15.4482 5.14634e-21 6.38703)
(16.0269 -2.52379e-21 6.14914)
(16.623 0 5.785)
(17.1736 -1.1299e-18 5.30324)
(17.659 1.11585e-18 4.71373)
(18.0842 4.22207e-20 4.02154)
(18.4508 0 3.22936)
(18.748 0 2.34368)
(18.954 2.48679e-20 1.38266)
(19.0443 -2.63082e-20 0.379774)
(18.987 0 -0.627216)
(18.7788 -2.87708e-20 -1.60273)
(18.4221 3.88433e-19 -2.51009)
(17.9297 -7.38047e-19 -3.3149)
(17.3253 3.526e-19 -3.99039)
(16.6397 1.45309e-19 -4.52023)
(15.9068 -1.43064e-19 -4.89917)
(15.1589 5.61087e-20 -5.13194)
(14.4249 -5.65024e-20 -5.23103)
(13.7271 5.3744e-21 -5.21404)
(13.0819 0 -5.10104)
(12.499 7.1401e-21 -4.91244)
(11.9829 -7.2373e-21 -4.6675)
(11.534 -2.5492e-21 -4.38342)
(11.1494 2.54587e-23 -4.07495)
(10.8244 -3.36789e-22 -3.75429)
(10.5528 9.10693e-22 -3.43127)
(10.3277 3.86912e-22 -3.1135)
(10.1447 2.43674e-22 -2.80657)
(9.95279 -1.10752e-22 -2.51435)
(15.2961 4.0618e-19 5.64659)
(15.8186 4.58088e-21 5.44411)
(16.3801 0 5.13847)
(16.9191 9.13183e-19 4.72619)
(17.4056 -9.15228e-19 4.21143)
(17.8317 -1.91826e-20 3.5993)
(18.1897 -6.18849e-19 2.89629)
(18.4656 1.32949e-18 2.11379)
(18.6412 -7.22782e-19 1.27184)
(18.7005 4.78347e-20 0.39946)
(18.6307 -1.0735e-20 -0.474527)
(18.4281 0 -1.32285)
(18.0975 3.34437e-19 -2.11741)
(17.6509 -3.2826e-19 -2.83124)
(17.1077 0 -3.44223)
(16.4927 1.27884e-19 -3.93565)
(15.8333 -1.34098e-19 -4.3049)
(15.1561 -5.07184e-20 -4.55107)
(14.4852 9.78965e-20 -4.68166)
(13.8403 -4.98024e-20 -4.70881)
(13.2362 0 -4.64744)
(12.6826 -3.55452e-21 -4.51357)
(12.1851 0 -4.32306)
(11.7454 1.07354e-22 -4.09066)
(11.3625 9.92304e-22 -3.82955)
(11.0332 7.42391e-22 -3.55106)
(10.7532 0 -3.26459)
(10.5168 0 -2.97773)
(10.3208 -4.58943e-22 -2.69622)
(10.1124 9.81978e-23 -2.42446)
(15.1142 -3.2897e-21 4.99263)
(15.5655 -4.36507e-22 4.80474)
(16.0599 0 4.53488)
(16.5446 0 4.17547)
(16.9886 0 3.72732)
(17.3793 9.56372e-19 3.1944)
(17.7055 -9.83175e-19 2.58344)
(17.953 0 1.90579)
(18.107 0 1.17899)
(18.1557 6.14535e-19 0.42609)
(18.0944 -6.11763e-19 -0.33021)
(17.919 0 -1.06775)
(17.6343 2.88002e-19 -1.76421)
(17.2503 -2.82876e-19 -2.39797)
(16.782 1.23944e-19 -2.95062)
(16.2487 -2.36778e-19 -3.40878)
(15.6719 2.19744e-19 -3.76506)
(15.0734 -1.02573e-19 -4.018)
(14.4731 -2.82326e-21 -4.17143)
(13.8883 4.46121e-21 -4.23326)
(13.3325 0 -4.2143)
(12.8156 -5.9819e-21 -4.12689)
(12.3438 6.27871e-21 -3.98386)
(11.9202 1.18455e-22 -3.79766)
(11.5453 2.55235e-21 -3.57986)
(11.2177 -2.38899e-21 -3.34074)
(10.9345 0 -3.08912)
(10.6915 0 -2.83231)
(10.4866 2.25796e-22 -2.57605)
(10.2657 -1.00582e-22 -2.32504)
(14.9217 0 4.42277)
(15.3054 -4.18778e-19 4.24345)
(15.7282 4.11322e-19 3.99873)
(16.1466 -4.96329e-22 3.68091)
(16.533 -7.09539e-19 3.28948)
(16.8745 7.12355e-19 2.82738)
(17.1602 0 2.30032)
(17.3776 0 1.71777)
(17.5142 0 1.09367)
(17.5608 -5.30057e-19 0.445709)
(17.5146 5.26273e-19 -0.208095)
(17.3719 -2.60002e-19 -0.849451)
(17.1363 2.52662e-19 -1.46014)
(16.8152 0 -2.02258)
(16.4201 9.49412e-22 -2.52125)
(15.9655 -3.05635e-21 -2.94416)
(15.4684 -2.80974e-21 -3.28366)
(14.9461 2.5493e-21 -3.53669)
(14.4153 0 -3.70446)
(13.8909 -4.44777e-21 -3.79179)
(13.3852 -1.00762e-20 -3.80621)
(12.908 1.69188e-20 -3.757)
(12.4658 -4.79546e-21 -3.65435)
(12.0627 1.09736e-20 -3.50858)
(11.7006 -4.83486e-21 -3.32963)
(11.3793 -6.68906e-22 -3.12661)
(11.0972 5.03078e-22 -2.90763)
(10.8516 0 -2.67955)
(10.6413 -2.17819e-22 -2.44794)
(10.412 9.8524e-23 -2.21764)
(14.7259 -6.97574e-22 3.92607)
(15.0516 0 3.75502)
(15.4101 -4.06678e-22 3.53112)
(15.7657 4.97579e-19 3.24789)
(16.0951 -7.80645e-19 2.90456)
(16.3873 2.88537e-19 2.50331)
(16.6329 3.61671e-19 2.04868)
(16.8214 -3.61665e-19 1.5481)
(16.9428 0 1.01223)
(16.9888 0 0.454515)
(16.9574 -3.80772e-21 -0.110758)
(16.8449 -2.17293e-19 -0.668611)
(16.6533 2.14748e-19 -1.20401)
(16.3881 0 -1.70246)
(16.0577 -9.49145e-20 -2.15088)
(15.6732 1.87702e-19 -2.53862)
(15.2475 -8.45849e-20 -2.85822)
(14.7945 -2.92701e-22 -3.10573)
(14.3282 -2.84175e-20 -3.28062)
(13.8612 3.90913e-21 -3.38542)
(13.4046 9.56693e-21 -3.42513)
(12.9675 2.57626e-20 -3.40654)
(12.5568 -1.06249e-20 -3.33755)
(12.177 0 -3.22654)
(11.8309 -2.25467e-21 -3.08187)
(11.5194 2.12649e-21 -2.91149)
(11.2421 -8.06192e-23 -2.72263)
(10.9973 -4.15765e-22 -2.52163)
(10.7847 4.8464e-24 -2.31374)
(10.5505 0 -2.10375)
(14.53 -5.53787e-20 3.49117)
(14.8076 0 3.32947)
(15.1118 -1.60526e-19 3.12457)
(15.4133 1.5901e-19 2.87136)
(15.6927 0 2.56918)
(15.941 2.64831e-19 2.21973)
(16.1508 -2.66181e-19 1.82656)
(16.3135 5.51119e-22 1.39537)
(16.4208 5.9953e-22 0.934287)
(16.4659 -3.20836e-22 0.453544)
(16.4462 -1.87334e-19 -0.0355441)
(16.3587 1.82611e-19 -0.520864)
(16.2039 0 -0.990009)
(15.9857 -1.73404e-19 -1.43098)
(15.7101 1.71e-19 -1.83274)
(15.3855 -7.71815e-20 -2.18599)
(15.0219 7.61749e-20 -2.4837)
(14.6303 -2.66464e-22 -2.72151)
(14.2221 -4.06071e-21 -2.8978)
(13.8081 -3.23921e-21 -3.01346)
(13.3981 3.16031e-21 -3.07157)
(13.0003 -3.97304e-21 -3.07691)
(12.6215 0 -3.03545)
(12.2665 4.27251e-21 -2.95386)
(11.9387 -4.70018e-21 -2.83903)
(11.6397 1.36555e-21 -2.69774)
(11.3701 4.45233e-22 -2.53633)
(11.1289 -3.16857e-22 -2.36052)
(10.9168 4.40225e-22 -2.17516)
(10.6809 -3.71343e-23 -1.98485)
(14.3361 -5.94788e-20 3.10829)
(14.5738 5.87199e-20 2.95691)
(14.8332 -2.40685e-22 2.76992)
(15.0897 1.54606e-19 2.54338)
(15.3271 -3.38538e-19 2.27682)
(15.5383 1.8374e-19 1.97164)
(15.7175 0 1.63059)
(15.8578 -6.06045e-22 1.25807)
(15.9525 -5.97153e-22 0.860301)
(15.9957 5.8208e-22 0.445144)
(15.9848 0 0.0215773)
(15.917 6.64295e-22 -0.400689)
(15.792 0 -0.811499)
(15.6124 -1.48158e-19 -1.20093)
(15.3826 1.46113e-19 -1.55969)
(15.1087 6.63467e-20 -1.87972)
(14.7984 -1.29905e-19 -2.15457)
(14.4605 5.95646e-20 -2.37983)
(14.1041 0 -2.55319)
(13.7383 2.47671e-20 -2.67444)
(13.3716 -2.16653e-20 -2.74521)
(13.0115 -7.52287e-21 -2.76872)
(12.6642 8.76305e-21 -2.74935)
(12.3347 -8.84971e-22 -2.69226)
(12.0265 7.24637e-22 -2.60304)
(11.742 5.40137e-22 -2.48735)
(11.4821 -8.51819e-22 -2.35067)
(11.247 6.31299e-23 -2.19802)
(11.0377 2.40691e-22 -2.0338)
(10.8028 8.78336e-23 -1.86236)
(14.1458 1.41817e-22 2.76936)
(14.3505 0 2.62888)
(14.5729 0 2.45887)
(14.7923 1.17401e-19 2.25631)
(14.9951 -1.16387e-19 2.02091)
(15.1755 0 1.75384)
(15.3291 -1.92678e-19 1.45726)
(15.4504 4.06288e-19 1.1346)
(15.5339 -2.14267e-19 0.790664)
(15.5747 -6.90472e-22 0.431554)
(15.5701 -1.28525e-19 0.0643984)
(15.5178 1.26968e-19 -0.303044)
(15.4169 1.2895e-19 -0.662532)
(15.269 -1.25111e-19 -1.00587)
(15.0772 0 -1.32527)
(14.846 -1.98864e-21 -1.61377)
(14.5813 3.48934e-21 -1.8656)
(14.29 2.64138e-20 -2.07646)
(13.9794 -2.47477e-20 -2.24372)
(13.657 1.42881e-21 -2.36643)
(13.3302 -2.40843e-21 -2.44519)
(13.0055 7.88839e-21 -2.48199)
(12.6887 -1.12587e-20 -2.47993)
(12.3845 3.37697e-21 -2.44292)
(12.0967 0 -2.37538)
(11.8279 -5.31898e-22 -2.28196)
(11.5795 4.07111e-22 -2.16728)
(11.3523 0 -2.0357)
(11.1477 -8.8092e-24 -1.89114)
(10.9162 -8.61098e-23 -1.73757)
(13.9607 -1.13598e-20 2.46769)
(14.1381 4.59455e-20 2.33835)
(14.3299 -3.43404e-20 2.1844)
(14.5187 0 2.00354)
(14.693 1.09295e-19 1.79562)
(14.848 -1.085e-19 1.56162)
(14.9804 1.52242e-19 1.30329)
(15.0858 -1.51985e-19 1.0233)
(15.1596 -9.37274e-20 0.725401)
(15.1978 1.94908e-19 0.414374)
(15.1979 -1.01941e-19 0.0959158)
(15.1577 -1.0728e-19 -0.223824)
(15.0763 -1.68351e-21 -0.538174)
(14.9544 1.04492e-19 -0.840375)
(14.7943 0 -1.12391)
(14.5991 0 -1.38282)
(14.3733 -4.67538e-20 -1.61199)
(14.1223 4.5943e-20 -1.8074)
(13.8519 1.21632e-21 -1.96632)
(13.5684 -1.11382e-21 -2.08732)
(13.2779 1.12792e-21 -2.17029)
(12.9861 0 -2.21631)
(12.6983 0 -2.22745)
(12.4189 6.67259e-22 -2.20659)
(12.1516 2.1057e-21 -2.15714)
(11.8992 -1.27071e-21 -2.08285)
(11.6634 -8.3319e-22 -1.98754)
(11.4455 2.53181e-22 -1.87494)
(11.2472 -1.09454e-22 -1.74846)
(11.021 -1.39409e-22 -1.61168)
(13.7822 1.24185e-23 2.19771)
(13.9368 0 2.07947)
(14.1034 0 1.94065)
(14.267 2.90189e-20 1.7795)
(14.4178 -6.84446e-20 1.59598)
(14.552 3.92766e-20 1.39091)
(14.6669 0 1.16571)
(14.759 6.70534e-20 0.922502)
(14.8247 7.97128e-21 0.664231)
(14.8605 -7.38617e-20 0.394666)
(14.8638 0 0.118362)
(14.8334 -8.96486e-20 -0.159811)
(14.7679 8.74892e-20 -0.434416)
(14.6675 0 -0.699907)
(14.5337 -4.35259e-20 -0.950855)
(14.3688 4.42461e-20 -1.18219)
(14.1762 -1.38143e-21 -1.38945)
(13.9599 1.7428e-20 -1.56895)
(13.7248 -3.60651e-20 -1.71798)
(13.4758 2.51896e-21 -1.8349)
(13.2181 1.65997e-20 -1.91909)
(12.9567 6.26999e-21 -1.97097)
(12.6961 -8.96787e-21 -1.9918)
(12.4405 2.05336e-21 -1.98364)
(12.1935 5.01115e-22 -1.94904)
(11.9576 0 -1.89097)
(11.7352 -5.72264e-22 -1.81255)
(11.5275 2.07021e-22 -1.71688)
(11.3367 0 -1.60689)
(11.1175 3.98004e-24 -1.48577)
(13.6116 -1.23357e-23 1.95467)
(13.7472 2.26649e-23 1.84731)
(13.893 -4.14918e-24 1.72272)
(14.0358 -1.72788e-20 1.57953)
(14.1673 1.71355e-20 1.41779)
(14.2843 0 1.2382)
(14.3849 4.40986e-20 1.04192)
(14.4661 -9.53977e-20 0.830633)
(14.5249 5.15561e-20 0.606692)
(14.5585 -5.44744e-22 0.373085)
(14.5646 0 0.133396)
(14.542 -5.00821e-22 -0.108415)
(14.4894 0 -0.347942)
(14.4067 -5.26203e-22 -0.580652)
(14.2949 -1.05164e-21 -0.802047)
(14.1556 3.42543e-20 -1.00784)
(13.9912 -1.80976e-20 -1.19416)
(13.805 1.8701e-22 -1.3577)
(13.6006 -1.69864e-20 -1.49589)
(13.3821 6.87899e-21 -1.60697)
(13.1539 -8.4775e-21 -1.69003)
(12.9201 0 -1.74501)
(12.6848 0 -1.77258)
(12.4518 0 -1.77412)
(12.2242 -4.93654e-22 -1.7515)
(12.0049 0 -1.70701)
(11.796 0 -1.64313)
(11.5993 1.13618e-22 -1.56244)
(11.4167 1.20559e-22 -1.46738)
(11.2056 1.81901e-23 -1.36074)
(13.45 5.1245e-23 1.73449)
(13.5699 1.38187e-23 1.6377)
(13.6983 4.12659e-24 1.52644)
(13.824 0 1.39968)
(13.9396 0 1.25749)
(14.0426 -2.39821e-20 1.10049)
(14.1313 -7.72377e-21 0.929616)
(14.2036 3.12971e-20 0.74624)
(14.2567 0 0.55223)
(14.2885 0 0.34997)
(14.2968 0 0.142316)
(14.2807 4.9504e-22 -0.067535)
(14.2387 0 -0.276019)
(14.1708 5.20715e-22 -0.479431)
(14.0774 3.13436e-20 -0.674047)
(13.9596 -1.50819e-20 -0.856261)
(13.8193 -2.90845e-20 -1.02274)
(13.6588 1.24757e-20 -1.17056)
(13.4811 7.70817e-22 -1.29734)
(13.2896 0 -1.40133)
(13.0876 7.58856e-22 -1.48144)
(12.8788 0 -1.5373)
(12.6668 0 -1.56914)
(12.4547 0 -1.57781)
(12.2458 0 -1.56465)
(12.0425 6.13823e-22 -1.53136)
(11.8472 -1.0798e-21 -1.4799)
(11.6616 3.03116e-22 -1.41233)
(11.4879 9.62552e-23 -1.3307)
(11.2857 0 -1.23738)
(13.2983 1.28261e-20 1.53369)
(13.4051 -1.26495e-20 1.44706)
(13.5192 -9.49584e-21 1.34828)
(13.6307 9.40576e-21 1.23658)
(13.7333 -9.26548e-25 1.11204)
(13.8248 3.69779e-24 0.975189)
(13.904 1.04329e-20 0.82681)
(13.9689 -1.03076e-20 0.668004)
(14.0174 -5.00302e-23 0.500273)
(14.0477 1.21044e-22 0.325521)
(14.0579 0 0.146041)
(14.047 2.28462e-20 -0.0355899)
(14.0139 -2.23512e-20 -0.216495)
(13.9583 0 -0.393645)
(13.8803 0 -0.563962)
(13.7807 0 -0.724428)
(13.6608 -1.23972e-20 -0.872197)
(13.5225 1.27318e-20 -1.00471)
(13.368 -7.61607e-22 -1.11982)
(13.1999 -5.10487e-21 -1.21584)
(13.0212 4.7825e-21 -1.29163)
(12.8349 -2.60324e-22 -1.34658)
(12.6439 0 -1.38065)
(12.4514 0 -1.39429)
(12.2599 0 -1.38839)
(12.072 5.46561e-22 -1.3642)
(11.8899 -5.44206e-22 -1.3232)
(11.7154 0 -1.26705)
(11.5508 4.36102e-23 -1.19742)
(11.358 -4.34404e-23 -1.11631)
(13.1575 3.1399e-21 1.34917)
(13.2533 3.37291e-21 1.27228)
(13.3556 1.95877e-20 1.18522)
(13.4555 -1.21383e-20 1.08737)
(13.5474 4.83459e-21 0.978843)
(13.6295 -3.38223e-21 0.860098)
(13.7008 2.71977e-21 0.731772)
(13.7598 0 0.594763)
(13.8046 4.93667e-23 0.450277)
(13.8337 1.38894e-20 0.299845)
(13.8455 -1.39476e-20 0.145302)
(13.839 1.52066e-22 -0.0112707)
(13.8133 -3.25274e-22 -0.167553)
(13.7679 0 -0.32107)
(13.7029 -2.8281e-22 -0.469287)
(13.6187 0 -0.60969)
(13.5162 -9.94643e-21 -0.739868)
(13.3968 9.90522e-21 -0.857611)
(13.2623 -2.73611e-22 -0.960999)
(13.1147 -4.34957e-21 -1.04847)
(12.9565 4.84082e-21 -1.11889)
(12.7901 -3.38868e-21 -1.17154)
(12.6182 3.82325e-21 -1.20616)
(12.4433 1.58627e-21 -1.22294)
(12.268 -1.40052e-21 -1.22241)
(12.0946 1.27226e-22 -1.20546)
(11.9252 -1.0123e-22 -1.1732)
(11.7615 0 -1.12692)
(11.606 0 -1.06795)
(11.4228 2.52614e-23 -0.997963)
(13.0281 -1.54644e-22 1.1783)
(13.1149 -6.56558e-23 1.11073)
(13.2075 4.31116e-23 1.03465)
(13.2978 0 0.949599)
(13.3809 2.67451e-23 0.855698)
(13.4554 7.30971e-24 0.753327)
(13.5204 0 0.643015)
(13.5746 -4.89011e-21 0.525491)
(13.6165 4.85421e-21 0.401727)
(13.6447 2.69917e-23 0.272953)
(13.6579 0 0.140637)
(13.6551 0 0.00646379)
(13.6357 0 -0.1277)
(13.5989 0 -0.25984)
(13.5447 2.78798e-22 -0.387878)
(13.4734 0 -0.509728)
(13.3856 5.18375e-22 -0.623366)
(13.2823 0 -0.726902)
(13.1649 2.69746e-22 -0.818655)
(13.0351 3.89779e-21 -0.897213)
(12.8947 -3.8894e-21 -0.961484)
(12.746 0 -1.01072)
(12.591 1.2028e-21 -1.04455)
(12.4321 -1.56713e-21 -1.06293)
(12.2716 1.3315e-22 -1.06617)
(12.1115 -1.25025e-22 -1.05487)
(11.954 9.94151e-23 -1.02982)
(11.8008 0 -0.992019)
(11.6541 -3.53274e-23 -0.942509)
(11.4805 1.0382e-23 -0.882651)
(12.9109 6.95678e-23 1.01864)
(12.9903 -8.00564e-21 0.959967)
(13.0748 1.43895e-20 0.894227)
(13.1573 -6.4471e-21 0.82107)
(13.2334 9.66527e-24 0.740605)
(13.3016 -7.21327e-24 0.653156)
(13.3614 0 0.559159)
(13.4118 -7.81465e-22 0.459204)
(13.4514 7.74287e-22 0.354075)
(13.4789 -1.94092e-23 0.244755)
(13.4933 0 0.132423)
(13.4937 4.8584e-21 0.0184355)
(13.4793 -4.79755e-21 -0.0957072)
(13.4497 0 -0.208378)
(13.4046 -8.64379e-23 -0.317882)
(13.3441 0 -0.422505)
(13.2686 -3.57615e-21 -0.520562)
(13.179 3.31208e-21 -0.610459)
(13.0762 3.04421e-21 -0.690748)
(12.9616 -3.27752e-22 -0.76018)
(12.8367 -3.06557e-21 -0.817749)
(12.7033 -1.33655e-21 -0.862722)
(12.5633 1.47507e-21 -0.894653)
(12.4187 0 -0.91339)
(12.2715 2.64435e-22 -0.919056)
(12.1237 -8.22717e-22 -0.91202)
(11.9772 3.31157e-22 -0.892856)
(11.8338 -1.03851e-22 -0.862292)
(11.6955 1.03217e-22 -0.821143)
(11.5311 0 -0.770502)
(12.8062 -5.65773e-24 0.868252)
(12.8795 7.73742e-23 0.818103)
(12.9575 -6.79299e-24 0.76214)
(13.0337 4.72631e-23 0.7001)
(13.1039 8.03137e-24 0.632082)
(13.1672 1.6495e-23 0.558358)
(13.2229 -1.81003e-21 0.479282)
(13.2702 1.78598e-21 0.395332)
(13.3079 1.64383e-24 0.307134)
(13.335 1.56928e-21 0.215472)
(13.3504 -1.56468e-21 0.121284)
(13.3534 0 0.0256505)
(13.3433 0 -0.0702276)
(13.3196 0 -0.165049)
(13.282 8.50203e-23 -0.257446)
(13.2306 0 -0.34602)
(13.1655 0 -0.429387)
(13.0874 -2.7099e-21 -0.506219)
(12.9969 5.54114e-21 -0.575289)
(12.8953 -2.57214e-21 -0.635519)
(12.7837 0 -0.68601)
(12.6636 -1.13663e-21 -0.726074)
(12.5366 9.82014e-22 -0.755253)
(12.4046 0 -0.773322)
(12.2692 5.67217e-23 -0.780284)
(12.1324 0 -0.776351)
(11.9958 3.83792e-23 -0.761913)
(11.8613 0 -0.737502)
(11.7309 0 -0.703737)
(11.5751 0 -0.661486)
(12.7147 5.57982e-21 0.724949)
(12.7831 -1.49028e-20 0.682991)
(12.8559 1.75246e-20 0.636322)
(12.9269 -8.05516e-21 0.584747)
(12.9926 -4.2914e-23 0.528355)
(13.0519 -4.07233e-21 0.467368)
(13.1043 1.20686e-21 0.402072)
(13.1492 4.50177e-21 0.332847)
(13.1855 -1.67681e-21 0.260189)
(13.2123 3.73341e-22 0.184716)
(13.2287 -1.63862e-21 0.107168)
(13.2339 -8.02609e-22 0.0284008)
(13.2274 2.04215e-21 -0.0506521)
(13.2086 0 -0.12895)
(13.1772 0 -0.205401)
(13.1332 2.03872e-21 -0.278886)
(13.0767 -1.95894e-21 -0.348288)
(13.0081 -6.17458e-23 -0.412523)
(12.928 0 -0.470578)
(12.8371 -7.44289e-23 -0.521545)
(12.7367 0 -0.56465)
(12.6279 5.81144e-23 -0.59928)
(12.512 -5.40768e-23 -0.624997)
(12.3908 4.90881e-23 -0.641549)
(12.2657 -3.4132e-22 -0.648868)
(12.1384 3.38847e-22 -0.647057)
(12.0107 1.42114e-22 -0.636371)
(11.8842 -1.11255e-22 -0.617187)
(11.7608 0 -0.589967)
(11.6129 0 -0.55539)
(12.6366 -1.36098e-22 0.587595)
(12.7011 -4.20396e-23 0.553545)
(12.7696 4.271e-21 0.515773)
(12.8367 -7.85162e-21 0.474137)
(12.8987 3.61057e-21 0.42871)
(12.9548 0 0.379671)
(13.0047 1.81187e-21 0.327244)
(13.0477 -5.3768e-22 0.271727)
(13.083 -4.99067e-22 0.213504)
(13.1095 -4.69392e-22 0.153052)
(13.1267 -4.31569e-22 0.0909422)
(13.1337 1.36518e-22 0.0278344)
(13.13 4.08361e-24 -0.0355553)
(13.1151 -6.53074e-24 -0.0984179)
(13.0888 -1.71676e-23 -0.159901)
(13.0508 0 -0.219131)
(13.0012 -5.78423e-23 -0.275225)
(12.9403 8.53979e-23 -0.327323)
(12.8686 2.5753e-23 -0.374612)
(12.7866 0 -0.41635)
(12.6954 0 -0.451897)
(12.5959 -7.6421e-24 -0.48073)
(12.4894 -3.26194e-22 -0.502458)
(12.3772 7.11702e-22 -0.516838)
(12.2608 -3.38471e-22 -0.523766)
(12.1417 -3.2392e-23 -0.523278)
(12.0216 -2.94931e-23 -0.515536)
(11.902 0 -0.500803)
(11.7848 2.6622e-24 -0.479417)
(11.6438 1.12617e-23 -0.4519)
(12.5729 -2.9091e-21 0.453472)
(12.6343 2.91377e-21 0.427117)
(12.6996 3.64125e-23 0.397943)
(12.7635 -3.32356e-23 0.365849)
(12.8228 -3.26124e-21 0.330896)
(12.8765 5.88647e-21 0.293218)
(12.9245 -2.66565e-21 0.252988)
(12.9661 -1.17351e-24 0.210426)
(13.0005 -5.15248e-24 0.165822)
(13.027 0 0.119529)
(13.0448 -2.33895e-22 0.071972)
(13.0533 2.32291e-22 0.0236366)
(13.0519 -4.00205e-24 -0.0249226)
(13.0401 2.52629e-24 -0.0731106)
(13.0177 1.68364e-23 -0.120293)
(12.9845 0 -0.165813)
(12.9404 1.8021e-23 -0.20901)
(12.8857 -2.42891e-23 -0.24923)
(12.8206 -7.71569e-22 -0.285852)
(12.7458 7.39631e-22 -0.318303)
(12.6619 0 -0.34608)
(12.57 -4.85269e-23 -0.368764)
(12.4709 3.28368e-22 -0.386034)
(12.3661 -3.48826e-22 -0.397676)
(12.2567 -1.30533e-22 -0.403584)
(12.1444 1.4691e-22 -0.403757)
(12.0305 4.3939e-23 -0.398294)
(11.9166 -2.0424e-23 -0.387376)
(11.8045 -3.94533e-23 -0.371251)
(11.6694 0 -0.35032)
(12.5241 3.00901e-21 0.3232)
(12.5833 -2.96267e-22 0.304375)
(12.6462 -2.57824e-21 0.283569)
(12.7078 4.96128e-23 0.260708)
(12.7651 0 0.235838)
(12.8171 -1.41173e-21 0.209059)
(12.8637 2.59974e-21 0.180492)
(12.9043 -2.29376e-22 0.150293)
(12.9382 -9.05208e-22 0.118661)
(12.9646 0 0.0858433)
(12.9829 -2.5296e-22 0.0521273)
(12.9925 3.17841e-22 0.0178419)
(12.9928 -1.64573e-22 -0.0166349)
(12.9834 3.4077e-22 -0.0508795)
(12.9639 -2.38259e-22 -0.0844401)
(12.9342 0 -0.116851)
(12.8942 -1.76676e-23 -0.147643)
(12.844 -6.01712e-22 -0.176353)
(12.7838 9.10842e-22 -0.202537)
(12.7142 -3.01604e-22 -0.225786)
(12.6358 0 -0.245737)
(12.5494 0 -0.262086)
(12.4559 -1.44611e-22 -0.274596)
(12.3565 2.65518e-22 -0.283104)
(12.2525 -1.30954e-22 -0.287524)
(12.1451 1.41097e-23 -0.287845)
(12.0359 1.07959e-23 -0.284132)
(11.9264 8.97508e-24 -0.276511)
(11.8182 -1.20722e-23 -0.265167)
(11.6876 0 -0.250422)
(12.4895 -2.32928e-23 0.191331)
(12.5472 -1.30845e-21 0.180036)
(12.6085 1.30358e-21 0.16757)
(12.6686 -1.66556e-23 0.153865)
(12.7244 7.42223e-24 0.138958)
(12.7753 0 0.122917)
(12.8209 -5.34196e-24 0.105818)
(12.8608 -4.11801e-24 0.0877565)
(12.8943 0 0.0688531)
(12.9206 0 0.0492609)
(12.9392 -1.6942e-22 0.029164)
(12.9494 2.47483e-22 0.00877568)
(12.9505 -7.82252e-23 -0.0116775)
(12.9422 0 -0.0319672)
(12.9241 -1.3268e-22 -0.0518429)
(12.896 1.32104e-22 -0.0710375)
(12.8579 -3.04935e-24 -0.0892766)
(12.8098 -2.44812e-22 -0.106288)
(12.7519 2.41857e-22 -0.121808)
(12.6848 -9.23856e-24 -0.135593)
(12.6091 -1.37397e-22 -0.147426)
(12.5254 1.40556e-22 -0.157122)
(12.4347 1.26588e-22 -0.164539)
(12.3382 -1.4169e-22 -0.169576)
(12.237 3.4838e-24 -0.172179)
(12.1325 -6.07439e-24 -0.172342)
(12.0261 -1.05903e-23 -0.170103)
(11.9192 0 -0.16555)
(11.8136 5.7364e-24 -0.158824)
(11.6862 0 -0.150234)
(12.282 -3.61844e-22 0.0633315)
(12.3371 -2.97886e-22 0.0594435)
(12.3955 6.38737e-22 0.0551513)
(12.4525 0 0.0504232)
(12.5053 -7.34077e-24 0.0452806)
(12.5531 0 0.0397537)
(12.5957 5.2807e-24 0.0338729)
(12.6325 -2.54325e-22 0.0276752)
(12.6629 2.51719e-22 0.0212092)
(12.6862 1.44468e-22 0.0145376)
(12.7018 -2.3852e-22 0.00774009)
(12.7092 4.40612e-23 0.000912393)
(12.708 5.02887e-23 -0.00586638)
(12.6977 0 -0.0125434)
(12.678 -5.56805e-23 -0.0190551)
(12.6488 5.44266e-23 -0.0253264)
(12.6099 3.01331e-24 -0.0312762)
(12.5616 0 -0.0368213)
(12.5039 0 -0.0418793)
(12.4374 0 -0.046372)
(12.3625 -7.08976e-23 -0.0502277)
(12.28 6.60827e-23 -0.0533843)
(12.1909 -2.69446e-23 -0.0557914)
(12.0961 3.45844e-23 -0.0574123)
(11.9968 -3.4468e-24 -0.0582252)
(11.8943 -4.87801e-24 -0.058224)
(11.79 1.07976e-23 -0.0574198)
(11.6853 3.28939e-24 -0.0558435)
(11.5817 -4.32383e-24 -0.0535502)
(11.4564 1.05376e-24 -0.050745)
)
;

boundaryField
{
    inlet
    {
        type            fixedValue;
        value           uniform (10 0 0);
    }
    outlet
    {
        type            zeroGradient;
    }
    flap
    {
        type            movingWallVelocity;
        value           nonuniform List<vector> 
33
(
(0.00431755 -2.77556e-15 0.00337997)
(0.0168485 2.77556e-15 0.00857847)
(0.0365558 -2.77556e-15 0.0107016)
(0.0611566 2.77556e-15 0.00967145)
(0.0860725 -5.55112e-15 0.00622904)
(0.107769 0 0.00326283)
(0.129455 -4.23802e-24 0.00299563)
(0.156196 8.60702e-24 0.00455488)
(0.189009 -2.77556e-15 0.00615367)
(0.22636 0 0.00631574)
(0.26349 -2.77556e-15 0.00523184)
(0.29784 -2.77556e-15 0.00493946)
(0.33221 2.77556e-15 0.00591889)
(0.367204 -2.77556e-15 0.00677209)
(0.401467 5.55112e-15 0.00671177)
(0.418084 0 -0.00306969)
(0.417604 -5.55112e-15 -0.0202238)
(0.417138 -9.24732e-23 -0.0375724)
(0.00395608 0 -0.0045715)
(0.015499 -2.77556e-15 -0.013049)
(0.0338885 -2.77556e-15 -0.0202359)
(0.0575305 4.34495e-23 -0.0255572)
(0.082036 -5.48126e-23 -0.0283391)
(0.103664 -2.77556e-15 -0.0302254)
(0.125323 -7.3561e-24 -0.0339508)
(0.151788 0 -0.0395668)
(0.184459 0 -0.0450507)
(0.221917 0 -0.0480535)
(0.259414 -2.77556e-15 -0.0480661)
(0.294337 -2.77556e-15 -0.0470768)
(0.328915 2.77556e-15 -0.0462672)
(0.364246 -2.46799e-23 -0.0454372)
(0.399419 0 -0.0450662)
)
;
    }
    upperWall
    {
        type            noSlip;
    }
    lowerWall
    {
        type            noSlip;
    }
    frontAndBack
    {
        type            empty;
    }
}


// ************************************************************************* //
