/*--------------------------------*- C++ -*----------------------------------*\
| =========                 |                                                 |
| \\      /  F ield         | OpenFOAM: The Open Source CFD Toolbox           |
|  \\    /   O peration     | Version:  2012                                  |
|   \\  /    A nd           | Website:  www.openfoam.com                      |
|    \\/     M anipulation  |                                                 |
\*---------------------------------------------------------------------------*/
FoamFile
{
    version     2.0;
    format      ascii;
    class       volVectorField;
    location    "0.1";
    object      cellDisplacement;
}
// * * * * * * * * * * * * * * * * * * * * * * * * * * * * * * * * * * * * * //

dimensions      [0 1 0 0 0 0 0];


internalField   nonuniform List<vector> 
2790
(
(1.01717e-10 0 6.77795e-13)
(4.13043e-10 0 2.80191e-12)
(1.20064e-09 0 8.36694e-12)
(3.29163e-09 0 2.36283e-11)
(8.64767e-09 0 6.39917e-11)
(2.18151e-08 0 1.66488e-10)
(5.28821e-08 0 4.16449e-10)
(1.23258e-07 0 1.00229e-09)
(2.76399e-07 0 2.32295e-09)
(5.96653e-07 0 5.18901e-09)
(1.24054e-06 0 1.11829e-08)
(2.48563e-06 0 2.32769e-08)
(4.80185e-06 0 4.68513e-08)
(8.94776e-06 0 9.13142e-08)
(1.60883e-05 0 1.72606e-07)
(2.79197e-05 0 3.16993e-07)
(4.67705e-05 0 5.66775e-07)
(7.56266e-05 0 9.88905e-07)
(0.000118002 0 1.68823e-06)
(0.000177554 0 2.82822e-06)
(0.000257335 0 4.664e-06)
(0.000358556 0 7.59518e-06)
(0.000478813 0 1.22489e-05)
(0.000609808 0 1.9604e-05)
(0.000734828 0 3.11597e-05)
(0.00082677 0 4.91133e-05)
(0.000848608 0 7.63973e-05)
(0.000760844 0 0.000116)
(0.00054719 0 0.00016716)
(0.000289839 0 0.000209344)
(6.90191e-11 0 1.80296e-12)
(2.87526e-10 0 7.49873e-12)
(8.55043e-10 0 2.25232e-11)
(2.39014e-09 0 6.39364e-11)
(6.39858e-09 0 1.7404e-10)
(1.64417e-08 0 4.55087e-10)
(4.05819e-08 0 1.14401e-09)
(9.62717e-08 0 2.76682e-09)
(2.19632e-07 0 6.44303e-09)
(4.82132e-07 0 1.44589e-08)
(1.01894e-06 0 3.12981e-08)
(2.0743e-06 0 6.54175e-08)
(4.06957e-06 0 1.32179e-07)
(7.6979e-06 0 2.58516e-07)
(1.40447e-05 0 4.90126e-07)
(2.47232e-05 0 9.02303e-07)
(4.19992e-05 0 1.61604e-06)
(6.88579e-05 0 2.82199e-06)
(0.000108943 0 4.81641e-06)
(0.000166272 0 8.05622e-06)
(0.000244635 0 1.32443e-05)
(0.000346562 0 2.14618e-05)
(0.00047185 0 3.43688e-05)
(0.0006157 0 5.44872e-05)
(0.000766783 0 8.55339e-05)
(0.00090597 0 0.000132612)
(0.00100731 0 0.000201644)
(0.00104463 0 0.000296495)
(0.00101041 0 0.000410714)
(0.00095257 0 0.000508931)
(5.99868e-11 0 2.6304e-12)
(2.53296e-10 0 1.10345e-11)
(7.59353e-10 0 3.33823e-11)
(2.13847e-09 0 9.53624e-11)
(5.76693e-09 0 2.61196e-10)
(1.4927e-08 0 6.87186e-10)
(3.71118e-08 0 1.73793e-09)
(8.86784e-08 0 4.22817e-09)
(2.0377e-07 0 9.90284e-09)
(4.5053e-07 0 2.23463e-08)
(9.58991e-07 0 4.86261e-08)
(1.96628e-06 0 1.02133e-07)
(3.88548e-06 0 2.07281e-07)
(7.40323e-06 0 4.06965e-07)
(1.36073e-05 0 7.73987e-07)
(2.41363e-05 0 1.42802e-06)
(4.13299e-05 0 2.5603e-06)
(6.83386e-05 0 4.4691e-06)
(0.000109131 0 7.61089e-06)
(0.000168319 0 1.26744e-05)
(0.000250714 0 2.06891e-05)
(0.000360554 0 3.31826e-05)
(0.000500392 0 5.24014e-05)
(0.000669764 0 8.15899e-05)
(0.000863904 0 0.000125243)
(0.00107296 0 0.000189011)
(0.00128212 0 0.000278331)
(0.00147252 0 0.000393666)
(0.00162176 0 0.000519313)
(0.00170433 0 0.000608216)
(5.27954e-11 0 3.33278e-12)
(2.24957e-10 0 1.40799e-11)
(6.79811e-10 0 4.28346e-11)
(1.92959e-09 0 1.22987e-10)
(5.2445e-09 0 3.38561e-10)
(1.36811e-08 0 8.95224e-10)
(3.42798e-08 0 2.27544e-09)
(8.25485e-08 0 5.56325e-09)
(1.91155e-07 0 1.30927e-08)
(4.25909e-07 0 2.96819e-08)
(9.13591e-07 0 6.48731e-08)
(1.88771e-06 0 1.36812e-07)
(3.75927e-06 0 2.78661e-07)
(7.21924e-06 0 5.48748e-07)
(1.33758e-05 0 1.04594e-06)
(2.39222e-05 0 1.93208e-06)
(4.13177e-05 0 3.46362e-06)
(6.89467e-05 0 6.03506e-06)
(0.000111201 0 1.02375e-05)
(0.000173419 0 1.69365e-05)
(0.000261597 0 2.73736e-05)
(0.000381847 0 4.32946e-05)
(0.000539585 0 6.70968e-05)
(0.000738543 0 0.000101957)
(0.000979766 0 0.000151816)
(0.00126058 0 0.000220866)
(0.00157278 0 0.000311676)
(0.00189714 0 0.000420139)
(0.00218978 0 0.000525428)
(0.00236709 0 0.000583951)
(4.69568e-11 0 3.92825e-12)
(2.01474e-10 0 1.66905e-11)
(6.13693e-10 0 5.10247e-11)
(1.75609e-09 0 1.4718e-10)
(4.81182e-09 0 4.07047e-10)
(1.26543e-08 0 1.08139e-09)
(3.19632e-08 0 2.76162e-09)
(7.75895e-08 0 6.78371e-09)
(1.81112e-07 0 1.6039e-08)
(4.06755e-07 0 3.65248e-08)
(8.79459e-07 0 8.0171e-08)
(1.83166e-06 0 1.69746e-07)
(3.67682e-06 0 3.46968e-07)
(7.11776e-06 0 6.85288e-07)
(1.32954e-05 0 1.30908e-06)
(2.39768e-05 0 2.42108e-06)
(4.17681e-05 0 4.33992e-06)
(7.03237e-05 0 7.549e-06)
(0.000114499 0 1.27571e-05)
(0.000180382 0 2.09692e-05)
(0.000275128 0 3.3563e-05)
(0.000406544 0 5.23559e-05)
(0.0005824 0 7.96335e-05)
(0.00080948 0 0.000118071)
(0.00109236 0 0.000170407)
(0.00143157 0 0.000238592)
(0.00181971 0 0.0003218)
(0.00223152 0 0.000412164)
(0.00260295 0 0.000487638)
(0.00281555 0 0.000514222)
(4.21474e-11 0 4.43012e-12)
(1.81906e-10 0 1.89111e-11)
(5.58401e-10 0 5.80654e-11)
(1.61088e-09 0 1.68207e-10)
(4.44991e-09 0 4.67245e-10)
(1.17976e-08 0 1.24689e-09)
(3.00404e-08 0 3.19883e-09)
(7.35084e-08 0 7.89377e-09)
(1.72957e-07 0 1.87487e-08)
(3.91527e-07 0 4.28868e-08)
(8.53224e-07 0 9.45417e-08)
(1.79101e-06 0 2.00986e-07)
(3.62348e-06 0 4.12346e-07)
(7.06968e-06 0 8.17025e-07)
(1.33099e-05 0 1.5647e-06)
(2.41941e-05 0 2.8987e-06)
(4.24869e-05 0 5.1991e-06)
(7.21221e-05 0 9.03603e-06)
(0.000118415 0 1.52307e-05)
(0.000188163 0 2.49163e-05)
(0.000289544 0 3.95851e-05)
(0.000431728 0 6.10928e-05)
(0.000624125 0 9.15747e-05)
(0.000875182 0 0.000133191)
(0.00119058 0 0.000187575)
(0.00157028 0 0.000254798)
(0.00200295 0 0.000331494)
(0.00245387 0 0.000407515)
(0.00284284 0 0.000461035)
(0.00303968 0 0.000465438)
(3.81316e-11 0 4.84922e-12)
(1.65436e-10 0 2.07798e-11)
(5.11615e-10 0 6.40474e-11)
(1.48751e-09 0 1.86261e-10)
(4.14157e-09 0 5.19504e-10)
(1.10665e-08 0 1.39222e-09)
(2.83991e-08 0 3.58717e-09)
(7.00318e-08 0 8.89122e-09)
(1.66047e-07 0 2.12118e-08)
(3.78758e-07 0 4.87352e-08)
(8.31658e-07 0 1.07898e-07)
(1.75888e-06 0 2.3033e-07)
(3.58508e-06 0 4.74373e-07)
(7.04674e-06 0 9.43193e-07)
(1.33648e-05 0 1.81166e-06)
(2.44728e-05 0 3.36387e-06)
(4.32917e-05 0 6.04199e-06)
(7.40251e-05 0 1.05047e-05)
(0.000122421 0 1.76897e-05)
(0.000195917 0 2.88672e-05)
(0.000303566 0 4.56653e-05)
(0.0004556 0 7.00291e-05)
(0.000662502 0 0.000104063)
(0.000933412 0 0.000149677)
(0.00127359 0 0.000207943)
(0.00168039 0 0.000278047)
(0.0021364 0 0.000355676)
(0.00259645 0 0.000430385)
(0.00296697 0 0.000481608)
(0.003117 0 0.000484788)
(3.47332e-11 0 5.19565e-12)
(1.51393e-10 0 2.23325e-11)
(4.71395e-10 0 6.90543e-11)
(1.3806e-09 0 2.01503e-10)
(3.87225e-09 0 5.64056e-10)
(1.04229e-08 0 1.5174e-09)
(2.69429e-08 0 3.92536e-09)
(6.6923e-08 0 9.76963e-09)
(1.59818e-07 0 2.34054e-08)
(3.67152e-07 0 5.4003e-08)
(8.11874e-07 0 1.20063e-07)
(1.72906e-06 0 2.57348e-07)
(3.5487e-06 0 5.32092e-07)
(7.02303e-06 0 1.06181e-06)
(1.34101e-05 0 2.04614e-06)
(2.47199e-05 0 3.80976e-06)
(4.40169e-05 0 6.85754e-06)
(7.57512e-05 0 1.19392e-05)
(0.000126063 0 2.01154e-05)
(0.000202963 0 3.28091e-05)
(0.000316266 0 5.18182e-05)
(0.000477092 0 7.92503e-05)
(0.000696758 0 0.000117329)
(0.000984802 0 0.000168008)
(0.00134586 0 0.000232333)
(0.00177489 0 0.000309496)
(0.00224965 0 0.000395537)
(0.00271774 0 0.000481319)
(0.00307739 0 0.000548789)
(0.00319753 0 0.000572242)
(3.18234e-11 0 5.48009e-12)
(1.39264e-10 0 2.36081e-11)
(4.36249e-10 0 7.31777e-11)
(1.286e-09 0 2.14116e-10)
(3.63069e-09 0 6.01163e-10)
(9.83721e-09 0 1.62251e-09)
(2.55963e-08 0 4.21189e-09)
(6.39949e-08 0 1.05212e-08)
(1.53821e-07 0 2.53017e-08)
(3.55658e-07 0 5.86048e-08)
(7.91495e-07 0 1.30804e-07)
(1.69635e-06 0 2.81459e-07)
(3.50339e-06 0 5.84145e-07)
(6.97627e-06 0 1.16988e-06)
(1.34021e-05 0 2.26196e-06)
(2.48536e-05 0 4.22423e-06)
(4.45155e-05 0 7.623e-06)
(7.70495e-05 0 1.32987e-05)
(0.000128937 0 2.24369e-05)
(0.000208696 0 3.66211e-05)
(0.000326826 0 5.78377e-05)
(0.000495279 0 8.83949e-05)
(0.000726228 0 0.000130707)
(0.00102985 0 0.000186894)
(0.00141088 0 0.00025815)
(0.00186348 0 0.000343866)
(0.00236374 0 0.000440482)
(0.00285726 0 0.000539721)
(0.00324032 0 0.000624846)
(0.00337734 0 0.00066806)
(2.93148e-11 0 5.7148e-12)
(1.28693e-10 0 2.46527e-11)
(4.05148e-10 0 7.65318e-11)
(1.20085e-09 0 2.24345e-10)
(3.40927e-09 0 6.31264e-10)
(9.28939e-09 0 1.70802e-09)
(2.43078e-08 0 4.44619e-09)
(6.11182e-08 0 1.11399e-08)
(1.47738e-07 0 2.68752e-08)
(3.43522e-07 0 6.24572e-08)
(7.68778e-07 0 1.3988e-07)
(1.65684e-06 0 3.02028e-07)
(3.44068e-06 0 6.28987e-07)
(6.88881e-06 0 1.26389e-06)
(1.33055e-05 0 2.45147e-06)
(2.48054e-05 0 4.59152e-06)
(4.46611e-05 0 8.30729e-06)
(7.76968e-05 0 1.4524e-05)
(0.000130668 0 2.45452e-05)
(0.00021252 0 4.0106e-05)
(0.000334363 0 6.33698e-05)
(0.00050895 0 9.68264e-05)
(0.000749406 0 0.000143041)
(0.00106692 0 0.000204208)
(0.00146716 0 0.000281462)
(0.00194504 0 0.000373943)
(0.00247717 0 0.00047758)
(0.0030095 0 0.000583298)
(0.00343678 0 0.000673583)
(0.00361186 0 0.000720249)
(2.71562e-11 0 5.91445e-12)
(1.19474e-10 0 2.55231e-11)
(3.77514e-10 0 7.92659e-11)
(1.12363e-09 0 2.32541e-10)
(3.20397e-09 0 6.55099e-10)
(8.76906e-09 0 1.77525e-09)
(2.30508e-08 0 4.62983e-09)
(5.82251e-08 0 1.16249e-08)
(1.414e-07 0 2.81122e-08)
(3.30323e-07 0 6.55003e-08)
(7.42703e-07 0 1.47094e-07)
(1.60814e-06 0 3.18498e-07)
(3.35512e-06 0 6.65171e-07)
(6.74866e-06 0 1.34036e-06)
(1.30948e-05 0 2.60685e-06)
(2.4524e-05 0 4.89495e-06)
(4.43537e-05 0 8.8765e-06)
(7.75061e-05 0 1.55491e-05)
(0.000130921 0 2.63165e-05)
(0.000213858 0 4.30394e-05)
(0.000337913 0 6.80191e-05)
(0.000516546 0 0.000103863)
(0.000763829 0 0.000153179)
(0.00109213 0 0.000218034)
(0.00150847 0 0.000299157)
(0.00200912 0 0.000394869)
(0.00257168 0 0.00049979)
(0.00314186 0 0.000603286)
(0.00361044 0 0.000687274)
(0.00381671 0 0.000726987)
(2.53279e-11 0 6.09672e-12)
(1.11534e-10 0 2.62895e-11)
(3.5318e-10 0 8.1574e-11)
(1.054e-09 0 2.39198e-10)
(3.01418e-09 0 6.73827e-10)
(8.27518e-09 0 1.82668e-09)
(2.18232e-08 0 4.76753e-09)
(5.531e-08 0 1.19835e-08)
(1.34786e-07 0 2.90186e-08)
(3.15989e-07 0 6.77201e-08)
(7.13032e-07 0 1.52351e-07)
(1.54952e-06 0 3.30516e-07)
(3.24468e-06 0 6.91662e-07)
(6.55057e-06 0 1.39659e-06)
(1.27573e-05 0 2.72163e-06)
(2.398e-05 0 5.12009e-06)
(4.35296e-05 0 9.30035e-06)
(7.63458e-05 0 1.6314e-05)
(0.000129436 0 2.76377e-05)
(0.000212214 0 4.52188e-05)
(0.000336569 0 7.14411e-05)
(0.000516449 0 0.000108953)
(0.00076667 0 0.00016029)
(0.00110064 0 0.000227234)
(0.00152665 0 0.000309881)
(0.00204222 0 0.000405461)
(0.00262556 0 0.0005071)
(0.00322123 0 0.000602855)
(0.00371582 0 0.00067534)
(0.00394025 0 0.000705537)
(2.38366e-11 0 6.28266e-12)
(1.04911e-10 0 2.70376e-11)
(3.3233e-10 0 8.37012e-11)
(9.92685e-10 0 2.44968e-10)
(2.84233e-09 0 6.89094e-10)
(7.81508e-09 0 1.86623e-09)
(2.06454e-08 0 4.86793e-09)
(5.2425e-08 0 1.22333e-08)
(1.28021e-07 0 2.96268e-08)
(3.00793e-07 0 6.91664e-08)
(6.80322e-07 0 1.55702e-07)
(1.48201e-06 0 3.3806e-07)
(3.11104e-06 0 7.08117e-07)
(6.29675e-06 0 1.43127e-06)
(1.22947e-05 0 2.79209e-06)
(2.31713e-05 0 5.25772e-06)
(4.21732e-05 0 9.5582e-06)
(7.41658e-05 0 1.67761e-05)
(0.000126083 0 2.8427e-05)
(0.000207292 0 4.64986e-05)
(0.000329703 0 7.33982e-05)
(0.000507414 0 0.000111745)
(0.000755599 0 0.000163939)
(0.0010883 0 0.000231437)
(0.00151473 0 0.000313734)
(0.00203336 0 0.000407133)
(0.00262281 0 0.000503611)
(0.00322628 0 0.000590357)
(0.00372683 0 0.000650792)
(0.00395215 0 0.000670856)
(2.27095e-11 0 6.4969e-12)
(9.97367e-11 0 2.78687e-11)
(3.15436e-10 0 8.59453e-11)
(9.41247e-10 0 2.50672e-10)
(2.69332e-09 0 7.03054e-10)
(7.40311e-09 0 1.89929e-09)
(1.95568e-08 0 4.94391e-09)
(4.96729e-08 0 1.24033e-08)
(1.21358e-07 0 2.99987e-08)
(2.85325e-07 0 6.99631e-08)
(6.4587e-07 0 1.57376e-07)
(1.40831e-06 0 3.41512e-07)
(2.95954e-06 0 7.15086e-07)
(5.99719e-06 0 1.445e-06)
(1.17246e-05 0 2.81834e-06)
(2.21259e-05 0 5.30611e-06)
(4.03262e-05 0 9.64348e-06)
(7.1019e-05 0 1.69183e-05)
(0.000120912 0 2.8648e-05)
(0.000199097 0 4.68108e-05)
(0.00031718 0 7.37797e-05)
(0.000488982 0 0.000112093)
(0.00072951 0 0.000163997)
(0.00105289 0 0.000230703)
(0.00146882 0 0.000311372)
(0.00197678 0 0.000401935)
(0.00255662 0 0.00049406)
(0.00315191 0 0.000574794)
(0.00364384 0 0.000627793)
(0.00386064 0 0.000640937)
(2.19901e-11 0 6.76766e-12)
(9.62071e-11 0 2.88997e-11)
(3.0318e-10 0 8.86548e-11)
(9.019e-10 0 2.57289e-10)
(2.57392e-09 0 7.18349e-10)
(7.0589e-09 0 1.93269e-09)
(1.86117e-08 0 5.01244e-09)
(4.71959e-08 0 1.25341e-08)
(1.15151e-07 0 3.02263e-08)
(2.70431e-07 0 7.03099e-08)
(6.11602e-07 0 1.57787e-07)
(1.33262e-06 0 3.41689e-07)
(2.79887e-06 0 7.14096e-07)
(5.66906e-06 0 1.44047e-06)
(1.10793e-05 0 2.80486e-06)
(2.09028e-05 0 5.27221e-06)
(3.80897e-05 0 9.56622e-06)
(6.7071e-05 0 1.67539e-05)
(0.00011418 0 2.83167e-05)
(0.000188 0 4.61739e-05)
(0.000299499 0 7.26077e-05)
(0.000461746 0 0.00011003)
(0.00068898 0 0.000160534)
(0.00099474 0 0.000225201)
(0.0013887 0 0.000303192)
(0.00187163 0 0.000390769)
(0.00242687 0 0.000480503)
(0.003003 0 0.000560829)
(0.00348037 0 0.000616196)
(0.00366171 0 0.000631577)
(0.000270356 0 -0.00016493)
(0.000540167 0 -0.000122333)
(0.000758187 0 -7.62551e-05)
(0.000833963 0 -4.39808e-05)
(0.000800101 0 -2.42632e-05)
(0.00070059 0 -1.29268e-05)
(0.000572575 0 -6.64598e-06)
(0.000442276 0 -3.27291e-06)
(0.000325301 0 -1.52077e-06)
(0.000228877 0 -6.47412e-07)
(0.000154488 0 -2.36016e-07)
(0.000100219 0 -5.80904e-08)
(6.25538e-05 0 8.1742e-09)
(3.75927e-05 0 2.5332e-08)
(2.17598e-05 0 2.38158e-08)
(1.21331e-05 0 1.72478e-08)
(6.51706e-06 0 1.09133e-08)
(3.37163e-06 0 6.29581e-09)
(1.67978e-06 0 3.37614e-09)
(8.05699e-07 0 1.70024e-09)
(3.7194e-07 0 8.08956e-10)
(1.65198e-07 0 3.65012e-10)
(7.05694e-08 0 1.56586e-10)
(2.89829e-08 0 6.39778e-11)
(1.14396e-08 0 2.49288e-11)
(4.33754e-09 0 9.27226e-12)
(1.57884e-09 0 3.2935e-12)
(5.49999e-10 0 1.1139e-12)
(1.78541e-10 0 3.47512e-13)
(3.90524e-11 0 6.92298e-14)
(0.000911854 0 -0.000369719)
(0.000993687 0 -0.000276341)
(0.00103766 0 -0.000178739)
(0.000993105 0 -0.000106564)
(0.000884489 0 -6.01209e-05)
(0.000741283 0 -3.24294e-05)
(0.000589089 0 -1.67309e-05)
(0.00044632 0 -8.18934e-06)
(0.000323617 0 -3.73078e-06)
(0.000225144 0 -1.51705e-06)
(0.000150551 0 -4.91028e-07)
(9.68706e-05 0 -6.42366e-08)
(6.00193e-05 0 7.96343e-08)
(3.58226e-05 0 1.03112e-07)
(2.06003e-05 0 8.44865e-08)
(1.14144e-05 0 5.78441e-08)
(6.09341e-06 0 3.55066e-08)
(3.13344e-06 0 2.01001e-08)
(1.55179e-06 0 1.06407e-08)
(7.399e-07 0 5.30885e-09)
(3.39551e-07 0 2.50805e-09)
(1.49926e-07 0 1.12539e-09)
(6.36699e-08 0 4.80615e-10)
(2.59962e-08 0 1.95645e-10)
(1.02009e-08 0 7.59965e-11)
(3.84532e-09 0 2.81927e-11)
(1.39165e-09 0 9.99187e-12)
(4.82306e-10 0 3.37394e-12)
(1.56481e-10 0 1.05349e-12)
(3.5249e-11 0 2.13961e-13)
(0.00165959 0 -0.000359819)
(0.00160412 0 -0.00028152)
(0.00146922 0 -0.000189741)
(0.00127234 0 -0.000116843)
(0.00105639 0 -6.72776e-05)
(0.000843898 0 -3.65158e-05)
(0.000648956 0 -1.86156e-05)
(0.000480533 0 -8.75792e-06)
(0.00034276 0 -3.63615e-06)
(0.000235613 0 -1.16516e-06)
(0.000156134 0 -9.99579e-08)
(9.9767e-05 0 2.6938e-07)
(6.14776e-05 0 3.27971e-07)
(3.65337e-05 0 2.71641e-07)
(2.09354e-05 0 1.90859e-07)
(1.15668e-05 0 1.20953e-07)
(6.16024e-06 0 7.09167e-08)
(3.16164e-06 0 3.8962e-08)
(1.56325e-06 0 2.02025e-08)
(7.44381e-07 0 9.92955e-09)
(3.41237e-07 0 4.63912e-09)
(1.50538e-07 0 2.06418e-09)
(6.38847e-08 0 8.75898e-10)
(2.60693e-08 0 3.54802e-10)
(1.02251e-08 0 1.37303e-10)
(3.85324e-09 0 5.07927e-11)
(1.39422e-09 0 1.79654e-11)
(4.83183e-10 0 6.05988e-12)
(1.56847e-10 0 1.89539e-12)
(3.53502e-11 0 3.91947e-13)
(0.00231912 0 -0.000209071)
(0.0021735 0 -0.000169078)
(0.00190185 0 -0.000117863)
(0.00157233 0 -7.44591e-05)
(0.00125294 0 -4.29369e-05)
(0.000967942 0 -2.24015e-05)
(0.000725033 0 -1.01802e-05)
(0.000526036 0 -3.53507e-06)
(0.000369321 0 -3.12524e-07)
(0.000250735 0 9.7623e-07)
(0.000164522 0 1.27513e-06)
(0.000104293 0 1.13824e-06)
(6.38509e-05 0 8.6328e-07)
(3.77412e-05 0 5.91294e-07)
(2.1531e-05 0 3.75152e-07)
(1.18515e-05 0 2.23294e-07)
(6.29191e-06 0 1.25571e-07)
(3.22061e-06 0 6.70041e-08)
(1.58881e-06 0 3.40162e-08)
(7.55104e-07 0 1.64598e-08)
(3.45594e-07 0 7.60071e-09)
(1.52253e-07 0 3.35246e-09)
(6.45389e-08 0 1.41332e-09)
(2.63115e-08 0 5.69783e-10)
(1.03121e-08 0 2.19767e-10)
(3.88361e-09 0 8.1124e-11)
(1.40453e-09 0 2.8661e-11)
(4.86599e-10 0 9.66668e-12)
(1.57951e-10 0 3.02953e-12)
(3.55951e-11 0 6.3356e-13)
(0.0027664 0 2.25946e-06)
(0.00259036 0 2.59307e-07)
(0.0022481 0 4.90604e-07)
(0.00183338 0 1.97663e-06)
(0.00143723 0 4.58021e-06)
(0.00109199 0 6.73566e-06)
(0.000805407 0 7.67224e-06)
(0.000576397 0 7.44517e-06)
(0.000399905 0 6.45809e-06)
(0.000268753 0 5.14103e-06)
(0.000174821 0 3.81424e-06)
(0.000110004 0 2.66249e-06)
(6.69211e-05 0 1.75912e-06)
(3.93414e-05 0 1.10439e-06)
(2.23392e-05 0 6.60515e-07)
(1.22468e-05 0 3.76987e-07)
(6.47926e-06 0 2.05568e-07)
(3.30658e-06 0 1.07181e-07)
(1.62701e-06 0 5.34625e-08)
(7.71549e-07 0 2.55226e-08)
(3.5245e-07 0 1.16646e-08)
(1.55022e-07 0 5.10475e-09)
(6.56228e-08 0 2.13955e-09)
(2.67226e-08 0 8.58989e-10)
(1.04632e-08 0 3.304e-10)
(3.93745e-09 0 1.21772e-10)
(1.42312e-09 0 4.29996e-11)
(4.92814e-10 0 1.45104e-11)
(1.59922e-10 0 4.55755e-12)
(3.6023e-11 0 9.61089e-13)
(0.00299194 0 0.000199409)
(0.00283665 0 0.000164976)
(0.00248516 0 0.000123683)
(0.00203403 0 8.80426e-05)
(0.00159232 0 6.24063e-05)
(0.00120412 0 4.47123e-05)
(0.000882306 0 3.22413e-05)
(0.000626825 0 2.31426e-05)
(0.000431681 0 1.63561e-05)
(0.000288051 0 1.12858e-05)
(0.000186137 0 7.55825e-06)
(0.000116419 0 4.89414e-06)
(7.04394e-05 0 3.05649e-06)
(4.12088e-05 0 1.83807e-06)
(2.32988e-05 0 1.06323e-06)
(1.27243e-05 0 5.9115e-07)
(6.70936e-06 0 3.15743e-07)
(3.41399e-06 0 1.61942e-07)
(1.67558e-06 0 7.97326e-08)
(7.92829e-07 0 3.76754e-08)
(3.61484e-07 0 1.70821e-08)
(1.58739e-07 0 7.43056e-09)
(6.7104e-08 0 3.10067e-09)
(2.72947e-08 0 1.24114e-09)
(1.06773e-08 0 4.76555e-10)
(4.01503e-09 0 1.75525e-10)
(1.45034e-09 0 6.20032e-11)
(5.02036e-10 0 2.09514e-11)
(1.62866e-10 0 6.59845e-12)
(3.66655e-11 0 1.40137e-12)
(0.00307442 0 0.000322616)
(0.00296967 0 0.000279544)
(0.00264381 0 0.000221153)
(0.00218616 0 0.000164948)
(0.00172008 0 0.000119815)
(0.00130221 0 8.58073e-05)
(0.000952717 0 6.06716e-05)
(0.000674682 0 4.22292e-05)
(0.000462721 0 2.88137e-05)
(0.000307356 0 1.91949e-05)
(0.000197689 0 1.24413e-05)
(0.000123084 0 7.8238e-06)
(7.41529e-05 0 4.763e-06)
(4.32093e-05 0 2.8022e-06)
(2.43416e-05 0 1.59103e-06)
(1.32507e-05 0 8.70843e-07)
(6.96671e-06 0 4.59095e-07)
(3.53593e-06 0 2.32945e-07)
(1.73159e-06 0 1.13694e-07)
(8.17764e-07 0 5.33512e-08)
(3.72248e-07 0 2.40604e-08)
(1.63244e-07 0 1.0425e-08)
(6.89319e-08 0 4.3387e-09)
(2.80134e-08 0 1.73412e-09)
(1.09511e-08 0 6.65558e-10)
(4.11603e-09 0 2.45276e-10)
(1.4864e-09 0 8.67706e-11)
(5.1445e-10 0 2.93905e-11)
(1.66881e-10 0 9.28872e-12)
(3.75522e-11 0 1.98594e-12)
(0.00316223 0 0.000361346)
(0.0030898 0 0.000336151)
(0.0027806 0 0.000286109)
(0.00231737 0 0.000226914)
(0.00183186 0 0.000172414)
(0.00138957 0 0.000127033)
(0.00101656 0 9.11074e-05)
(0.000718809 0 6.36366e-05)
(0.000491787 0 4.32552e-05)
(0.000325692 0 2.85765e-05)
(0.000208806 0 1.83243e-05)
(0.000129579 0 1.13898e-05)
(7.78166e-05 0 6.85378e-06)
(4.52075e-05 0 3.98816e-06)
(2.53966e-05 0 2.24181e-06)
(1.37903e-05 0 1.21622e-06)
(7.23432e-06 0 6.363e-07)
(3.66466e-06 0 3.20805e-07)
(1.79168e-06 0 1.55769e-07)
(8.44985e-07 0 7.28037e-08)
(3.84215e-07 0 3.27389e-08)
(1.68348e-07 0 1.41596e-08)
(7.10437e-08 0 5.88823e-09)
(2.88604e-08 0 2.35379e-09)
(1.12803e-08 0 9.04346e-10)
(4.23991e-09 0 3.33918e-10)
(1.53149e-09 0 1.18457e-10)
(5.30267e-10 0 4.02671e-11)
(1.72084e-10 0 1.27834e-11)
(3.87164e-11 0 2.7515e-12)
(0.00334806 0 0.000373206)
(0.00326088 0 0.000369807)
(0.00293312 0 0.000335615)
(0.00244711 0 0.000280748)
(0.00193618 0 0.000222085)
(0.00146893 0 0.000168289)
(0.00107388 0 0.000122876)
(0.000758308 0 8.66892e-05)
(0.000517844 0 5.91724e-05)
(0.000342202 0 3.90985e-05)
(0.00021888 0 2.50095e-05)
(0.000135512 0 1.54825e-05)
(8.11954e-05 0 9.27177e-06)
(4.70708e-05 0 5.36812e-06)
(2.63928e-05 0 3.00291e-06)
(1.43072e-05 0 1.62197e-06)
(7.49484e-06 0 8.45366e-07)
(3.79223e-06 0 4.24903e-07)
(1.85238e-06 0 2.05844e-07)
(8.73059e-07 0 9.60664e-08)
(3.96829e-07 0 4.31719e-08)
(1.73852e-07 0 1.86752e-08)
(7.33741e-08 0 7.77377e-09)
(2.98172e-08 0 3.11313e-09)
(1.16609e-08 0 1.1992e-09)
(4.38642e-09 0 4.44285e-10)
(1.58601e-09 0 1.58263e-10)
(5.49799e-10 0 5.40622e-11)
(1.7863e-10 0 1.72591e-11)
(4.02015e-11 0 3.74087e-12)
(0.00358578 0 0.000416015)
(0.00346255 0 0.000419394)
(0.00309484 0 0.000391338)
(0.00257318 0 0.000336847)
(0.00203153 0 0.000272952)
(0.0015386 0 0.000210649)
(0.00112295 0 0.000155801)
(0.000791611 0 0.000110848)
(0.000539642 0 7.60383e-05)
(0.000355981 0 5.03627e-05)
(0.000227306 0 3.22334e-05)
(0.000140504 0 1.99426e-05)
(8.40645e-05 0 1.19275e-05)
(4.8673e-05 0 6.89486e-06)
(2.72631e-05 0 3.85089e-06)
(1.47674e-05 0 2.07715e-06)
(7.73175e-06 0 1.08153e-06)
(3.91104e-06 0 5.43333e-07)
(1.9104e-06 0 2.63234e-07)
(9.00636e-07 0 1.22934e-07)
(4.09575e-07 0 5.53204e-08)
(1.79575e-07 0 2.39788e-08)
(7.58674e-08 0 1.00086e-08)
(3.08699e-08 0 4.02185e-09)
(1.20911e-08 0 1.55566e-09)
(4.55638e-09 0 5.79154e-10)
(1.65083e-09 0 2.07458e-10)
(5.73559e-10 0 7.13112e-11)
(1.86755e-10 0 2.29201e-11)
(4.20705e-11 0 5.00477e-12)
(0.00379289 0 0.000497945)
(0.00363939 0 0.000496313)
(0.00323381 0 0.000462404)
(0.00267789 0 0.000400354)
(0.00210788 0 0.000327)
(0.00159259 0 0.000254279)
(0.00116001 0 0.000189264)
(0.0008163 0 0.000135316)
(0.000555621 0 9.31556e-05)
(0.00036604 0 6.18539e-05)
(0.000233472 0 3.9654e-05)
(0.00014419 0 2.45606e-05)
(8.62164e-05 0 1.47006e-05)
(4.99006e-05 0 8.50331e-06)
(2.79478e-05 0 4.75248e-06)
(1.51408e-05 0 2.56572e-06)
(7.93082e-06 0 1.33751e-06)
(4.01466e-06 0 6.72995e-07)
(1.963e-06 0 3.26723e-07)
(9.26625e-07 0 1.52979e-07)
(4.22057e-07 0 6.90577e-08)
(1.85391e-07 0 3.00457e-08)
(7.8492e-08 0 1.25958e-08)
(3.20153e-08 0 5.08691e-09)
(1.25738e-08 0 1.97882e-09)
(4.75262e-09 0 7.41376e-10)
(1.72766e-09 0 2.67436e-10)
(6.02401e-10 0 9.2632e-11)
(1.96821e-10 0 3.00109e-11)
(4.44176e-11 0 6.60501e-12)
(0.00391849 0 0.000604451)
(0.00374738 0 0.000592933)
(0.00331856 0 0.000545265)
(0.00274093 0 0.000469082)
(0.00215266 0 0.00038229)
(0.00162327 0 0.000297331)
(0.00118043 0 0.000221634)
(0.000829596 0 0.000158788)
(0.000564125 0 0.000109564)
(0.000371404 0 7.29163e-05)
(0.000236818 0 4.68514e-05)
(0.000146255 0 2.90826e-05)
(8.74781e-05 0 1.7446e-05)
(5.0662e-05 0 1.01146e-05)
(2.84005e-05 0 5.667e-06)
(1.5405e-05 0 3.06774e-06)
(8.08166e-06 0 1.60406e-06)
(4.09858e-06 0 8.09873e-07)
(2.00836e-06 0 3.94688e-07)
(9.50385e-07 0 1.85603e-07)
(4.34085e-07 0 8.41913e-08)
(1.91267e-07 0 3.68281e-08)
(8.12577e-08 0 1.55316e-08)
(3.32682e-08 0 6.31393e-09)
(1.31196e-08 0 2.47386e-09)
(4.98113e-09 0 9.34129e-10)
(1.8195e-09 0 3.39829e-10)
(6.37696e-10 0 1.18773e-10)
(2.09386e-10 0 3.88345e-11)
(4.73841e-11 0 8.6194e-12)
(0.00393277 0 0.000720831)
(0.00376152 0 0.000695401)
(0.00332922 0 0.000629125)
(0.00274781 0 0.000535292)
(0.00215598 0 0.000433402)
(0.00162421 0 0.000336025)
(0.00118025 0 0.000250296)
(0.000829134 0 0.000179483)
(0.000563792 0 0.000124083)
(0.000371311 0 8.27936e-05)
(0.000236926 0 5.33589e-05)
(0.000146478 0 3.32324e-05)
(8.7736e-05 0 2.00068e-05)
(5.09011e-05 0 1.16436e-05)
(2.85946e-05 0 6.55037e-06)
(1.55482e-05 0 3.56151e-06)
(8.17945e-06 0 1.87106e-06)
(4.16112e-06 0 9.49512e-07)
(2.04607e-06 0 4.65306e-07)
(9.71916e-07 0 2.20125e-07)
(4.45769e-07 0 1.005e-07)
(1.97304e-07 0 4.4271e-08)
(8.42334e-08 0 1.8812e-08)
(3.4669e-08 0 7.70976e-09)
(1.375e-08 0 3.04715e-09)
(5.25247e-09 0 1.16135e-09)
(1.93123e-09 0 4.26684e-10)
(6.81546e-10 0 1.50683e-10)
(2.25274e-10 0 4.97806e-11)
(5.11798e-11 0 1.11493e-11)
(0.00384444 0 0.000822506)
(0.00368317 0 0.00078385)
(0.00326162 0 0.000698431)
(0.00269309 0 0.000587868)
(0.0021131 0 0.000472893)
(0.001592 0 0.000365547)
(0.00115727 0 0.000272181)
(0.000813639 0 0.000195461)
(0.000553931 0 0.0001355)
(0.000365411 0 9.07384e-05)
(0.000233633 0 5.87268e-05)
(0.000144789 0 3.67472e-05)
(8.69633e-05 0 2.22347e-05)
(5.06102e-05 0 1.301e-05)
(2.853e-05 0 7.36082e-06)
(1.55725e-05 0 4.02635e-06)
(8.22658e-06 0 2.12881e-06)
(4.20418e-06 0 1.08765e-06)
(2.07743e-06 0 5.3684e-07)
(9.92059e-07 0 2.55909e-07)
(4.57603e-07 0 1.17787e-07)
(2.0378e-07 0 5.23337e-08)
(8.75668e-08 0 2.24413e-08)
(3.62925e-08 0 9.28619e-09)
(1.45011e-08 0 3.70774e-09)
(5.58335e-09 0 1.42834e-09)
(2.07023e-09 0 5.30717e-10)
(7.37055e-10 0 1.8962e-10)
(2.45688e-10 0 6.33662e-11)
(5.61117e-11 0 1.43306e-11)
(0.00365213 0 0.000901604)
(0.00352718 0 0.00084011)
(0.00312157 0 0.000736357)
(0.00257713 0 0.000615061)
(0.00202337 0 0.000493396)
(0.00152628 0 0.000381445)
(0.00111151 0 0.000284613)
(0.0007833 0 0.000205109)
(0.000534782 0 0.000142837)
(0.000353923 0 9.61609e-05)
(0.000227108 0 6.26036e-05)
(0.000141307 0 3.9422e-05)
(8.52413e-05 0 2.40137e-05)
(4.98411e-05 0 1.41503e-05)
(2.82384e-05 0 8.06526e-06)
(1.54968e-05 0 4.44583e-06)
(8.23402e-06 0 2.36963e-06)
(4.23395e-06 0 1.22094e-06)
(2.10588e-06 0 6.07979e-07)
(1.01266e-06 0 2.92515e-07)
(4.70558e-07 0 1.35947e-07)
(2.1119e-07 0 6.1018e-08)
(9.15036e-08 0 2.64445e-08)
(3.82569e-08 0 1.10648e-08)
(1.54278e-08 0 4.46936e-09)
(5.99842e-09 0 1.74264e-09)
(2.24714e-09 0 6.55657e-10)
(8.08643e-10 0 2.37284e-10)
(2.72328e-10 0 8.029e-11)
(6.26235e-11 0 1.83504e-11)
(2.17293e-11 0 7.13401e-12)
(9.45318e-11 0 3.02874e-11)
(2.96232e-10 0 9.22871e-11)
(8.76709e-10 0 2.66088e-10)
(2.49022e-09 0 7.3836e-10)
(6.79975e-09 0 1.97514e-09)
(1.7857e-08 0 5.09509e-09)
(4.51162e-08 0 1.2677e-08)
(1.09705e-07 0 3.04279e-08)
(2.56836e-07 0 7.04686e-08)
(5.79172e-07 0 1.57492e-07)
(1.25855e-06 0 3.39721e-07)
(2.63659e-06 0 7.07359e-07)
(5.32755e-06 0 1.42183e-06)
(1.03881e-05 0 2.75906e-06)
(1.95557e-05 0 5.1687e-06)
(3.55589e-05 0 9.34713e-06)
(6.24829e-05 0 1.63152e-05)
(0.000106145 0 2.74805e-05)
(0.000174399 0 4.46526e-05)
(0.000277231 0 6.99634e-05)
(0.000426466 0 0.00010564)
(0.000634868 0 0.00015359)
(0.000914464 0 0.000214797)
(0.00127381 0 0.000288585)
(0.00171397 0 0.000371912)
(0.00222324 0 0.000459099)
(0.00276514 0 0.000541836)
(0.00326563 0 0.000611232)
(0.00352627 0 0.000650158)
(2.14829e-11 0 7.4779e-12)
(9.29042e-11 0 3.15589e-11)
(2.89196e-10 0 9.54494e-11)
(8.50432e-10 0 2.73174e-10)
(2.40106e-09 0 7.52653e-10)
(6.51924e-09 0 1.99979e-09)
(1.70293e-08 0 5.12554e-09)
(4.2809e-08 0 1.26747e-08)
(1.036e-07 0 3.02449e-08)
(2.41449e-07 0 6.96538e-08)
(5.42126e-07 0 1.54838e-07)
(1.17317e-06 0 3.32274e-07)
(2.4479e-06 0 6.88402e-07)
(4.92704e-06 0 1.37701e-06)
(9.5705e-06 0 2.65939e-06)
(1.79487e-05 0 4.95865e-06)
(3.25144e-05 0 8.92561e-06)
(5.69164e-05 0 1.5507e-05)
(9.63103e-05 0 2.59965e-05)
(0.000157595 0 4.20403e-05)
(0.000249447 0 6.5557e-05)
(0.00038198 0 9.85254e-05)
(0.000565793 0 0.0001426)
(0.00081044 0 0.000198618)
(0.00112199 0 0.000266027)
(0.00149922 0 0.000342282)
(0.00193324 0 0.000423331)
(0.00239836 0 0.000503172)
(0.00284214 0 0.000575064)
(0.00315627 0 0.000632668)
(2.10603e-11 0 7.73172e-12)
(9.05247e-11 0 3.24358e-11)
(2.79721e-10 0 9.73327e-11)
(8.16607e-10 0 2.76341e-10)
(2.28955e-09 0 7.55471e-10)
(6.17531e-09 0 1.99225e-09)
(1.60288e-08 0 5.06941e-09)
(4.00499e-08 0 1.24487e-08)
(9.63586e-08 0 2.9506e-08)
(2.23311e-07 0 6.75097e-08)
(4.98669e-07 0 1.49123e-07)
(1.07339e-06 0 3.18038e-07)
(2.22801e-06 0 6.54932e-07)
(4.46131e-06 0 1.30229e-06)
(8.62127e-06 0 2.50035e-06)
(1.60851e-05 0 4.63505e-06)
(2.89868e-05 0 8.29509e-06)
(5.04731e-05 0 1.43293e-05)
(8.49315e-05 0 2.38825e-05)
(0.000138153 0 3.83938e-05)
(0.000217299 0 5.95177e-05)
(0.000330567 0 8.89447e-05)
(0.000485998 0 0.000128009)
(0.000690281 0 0.000177329)
(0.00094708 0 0.000236487)
(0.00125259 0 0.000303295)
(0.00159303 0 0.00037385)
(0.00194547 0 0.00044346)
(0.0022743 0 0.000507343)
(0.00250211 0 0.000560451)
(2.03955e-11 0 7.86604e-12)
(8.71231e-11 0 3.27995e-11)
(2.67065e-10 0 9.7608e-11)
(7.73405e-10 0 2.74748e-10)
(2.15155e-09 0 7.44793e-10)
(5.75955e-09 0 1.94801e-09)
(1.48414e-08 0 4.91732e-09)
(3.68231e-08 0 1.19816e-08)
(8.79917e-08 0 2.81838e-08)
(2.02566e-07 0 6.40075e-08)
(4.49397e-07 0 1.40362e-07)
(9.61119e-07 0 2.97219e-07)
(1.98224e-06 0 6.07755e-07)
(3.94384e-06 0 1.20005e-06)
(7.57218e-06 0 2.28805e-06)
(1.40352e-05 0 4.21204e-06)
(2.51241e-05 0 7.48589e-06)
(4.346e-05 0 1.28456e-05)
(7.26134e-05 0 2.12633e-05)
(0.000117205 0 3.39402e-05)
(0.00018279 0 5.22261e-05)
(0.000275701 0 7.75172e-05)
(0.000401759 0 0.000110857)
(0.000564875 0 0.000152574)
(0.000765886 0 0.000202105)
(0.000999825 0 0.000257583)
(0.00125332 0 0.000315727)
(0.00150395 0 0.000372261)
(0.00171893 0 0.000422361)
(0.001839 0 0.000459894)
(1.94348e-11 0 7.85227e-12)
(8.24937e-11 0 3.25399e-11)
(2.50724e-10 0 9.59905e-11)
(7.19766e-10 0 2.67729e-10)
(1.98528e-09 0 7.19212e-10)
(5.27049e-09 0 1.86445e-09)
(1.34718e-08 0 4.66559e-09)
(3.31625e-08 0 1.12716e-08)
(7.86351e-08 0 2.62924e-08)
(1.79658e-07 0 5.92217e-08)
(3.95599e-07 0 1.28815e-07)
(8.39784e-07 0 2.70584e-07)
(1.71914e-06 0 5.48893e-07)
(3.39478e-06 0 1.07523e-06)
(6.46827e-06 0 2.03378e-06)
(1.18943e-05 0 3.71374e-06)
(2.11109e-05 0 6.54451e-06)
(3.62218e-05 0 1.11423e-05)
(6.0036e-05 0 1.83068e-05)
(9.60512e-05 0 2.89923e-05)
(0.000148414 0 4.42662e-05)
(0.000221468 0 6.51457e-05)
(0.000319019 0 9.23671e-05)
(0.000443157 0 0.000126092)
(0.000593005 0 0.000165672)
(0.000763059 0 0.000209425)
(0.000941338 0 0.000254533)
(0.00110832 0 0.000297167)
(0.00123648 0 0.000332694)
(0.00128622 0 0.000355435)
(1.81598e-11 0 7.6734e-12)
(7.65822e-11 0 3.15972e-11)
(2.3065e-10 0 9.23509e-11)
(6.55934e-10 0 2.55075e-10)
(1.79251e-09 0 6.78586e-10)
(4.71572e-09 0 1.74235e-09)
(1.19472e-08 0 4.3191e-09)
(2.91544e-08 0 1.03379e-08)
(6.8541e-08 0 2.38943e-08)
(1.55276e-07 0 5.33349e-08)
(3.39051e-07 0 1.14975e-07)
(7.13745e-07 0 2.39374e-07)
(1.44892e-06 0 4.81311e-07)
(2.83713e-06 0 9.34596e-07)
(5.35981e-06 0 1.75237e-06)
(9.77138e-06 0 3.17229e-06)
(1.71953e-05 0 5.54379e-06)
(2.92178e-05 0 9.35181e-06)
(4.79307e-05 0 1.52195e-05)
(7.58972e-05 0 2.38842e-05)
(0.000116005 0 3.61342e-05)
(0.0001711 0 5.26833e-05)
(0.00024341 0 7.39953e-05)
(0.000333648 0 0.000100059)
(0.000440067 0 0.000130197)
(0.000557363 0 0.000162917)
(0.000675629 0 0.000195838)
(0.000779726 0 0.000225752)
(0.000849716 0 0.000248794)
(0.000861838 0 0.000260632)
(1.66338e-11 0 7.34162e-12)
(6.96666e-11 0 3.00289e-11)
(2.07802e-10 0 8.69138e-11)
(5.85027e-10 0 2.3758e-10)
(1.58281e-09 0 6.2551e-10)
(4.12322e-09 0 1.58962e-09)
(1.03453e-08 0 3.90053e-09)
(2.50048e-08 0 9.24229e-09)
(5.82314e-08 0 2.11492e-08)
(1.30686e-07 0 4.67407e-08)
(2.82698e-07 0 9.97691e-08)
(5.89568e-07 0 2.05683e-07)
(1.18563e-06 0 4.09536e-07)
(2.29963e-06 0 7.87484e-07)
(4.30276e-06 0 1.46218e-06)
(7.76767e-06 0 2.62121e-06)
(1.35319e-05 0 4.5359e-06)
(2.27502e-05 0 7.57487e-06)
(3.6915e-05 0 1.22043e-05)
(5.77967e-05 0 1.89614e-05)
(8.72975e-05 0 2.83982e-05)
(0.000127155 0 4.09827e-05)
(0.000178487 0 5.69629e-05)
(0.000241188 0 7.62093e-05)
(0.000313264 0 9.80741e-05)
(0.000390183 0 0.000121291)
(0.000464393 0 0.00014395)
(0.000525248 0 0.000163568)
(0.000559868 0 0.000177285)
(0.000555069 0 0.000182191)
(1.4867e-11 0 6.84977e-12)
(6.18335e-11 0 2.78262e-11)
(1.82587e-10 0 7.97244e-11)
(5.0861e-10 0 2.15572e-10)
(1.36156e-09 0 5.61392e-10)
(3.50996e-09 0 1.41124e-09)
(8.71601e-09 0 3.42564e-09)
(2.08523e-08 0 8.03039e-09)
(4.80703e-08 0 1.8181e-08)
(1.06797e-07 0 3.97561e-08)
(2.28701e-07 0 8.39667e-08)
(4.72153e-07 0 1.71287e-07)
(9.3989e-07 0 3.3747e-07)
(1.80435e-06 0 6.42104e-07)
(3.34099e-06 0 1.17972e-06)
(5.96754e-06 0 2.0926e-06)
(1.0283e-05 0 3.58284e-06)
(1.70945e-05 0 5.91955e-06)
(2.74147e-05 0 9.43465e-06)
(4.2404e-05 0 1.44997e-05)
(6.32409e-05 0 2.1479e-05)
(9.08961e-05 0 3.06543e-05)
(0.000125809 0 4.21265e-05)
(0.000167489 0 5.57079e-05)
(0.000214108 0 7.08287e-05)
(0.000262164 0 8.64818e-05)
(0.000306344 0 0.000101231)
(0.000339743 0 0.000113299)
(0.000354721 0 0.000120761)
(0.000344414 0 0.000121832)
(1.29563e-11 0 6.22984e-12)
(5.35034e-11 0 2.51311e-11)
(1.56335e-10 0 7.12449e-11)
(4.30651e-10 0 1.90462e-10)
(1.14005e-09 0 4.90328e-10)
(2.90654e-09 0 1.21854e-09)
(7.1388e-09 0 2.92429e-09)
(1.68939e-08 0 6.77759e-09)
(3.85253e-08 0 1.51716e-08)
(8.46704e-08 0 3.28025e-08)
(1.79369e-07 0 6.85023e-08)
(3.66312e-07 0 1.38172e-07)
(7.21278e-07 0 2.69172e-07)
(1.36947e-06 0 5.06399e-07)
(2.50753e-06 0 9.19922e-07)
(4.42806e-06 0 1.61333e-06)
(7.54169e-06 0 2.73094e-06)
(1.23879e-05 0 4.46058e-06)
(1.96221e-05 0 7.02769e-06)
(2.99646e-05 0 1.06758e-05)
(4.40988e-05 0 1.56303e-05)
(6.25103e-05 0 2.20439e-05)
(8.52729e-05 0 2.993e-05)
(0.000111804 0 3.90921e-05)
(0.000140641 0 4.90692e-05)
(0.000169299 0 5.91127e-05)
(0.000194302 0 6.8213e-05)
(0.000211476 0 7.51875e-05)
(0.000216578 0 7.88349e-05)
(0.000206246 0 7.81426e-05)
(1.09943e-11 0 5.51741e-12)
(4.50706e-11 0 2.20978e-11)
(1.30261e-10 0 6.19606e-11)
(3.54655e-10 0 1.63683e-10)
(9.27903e-10 0 4.16336e-10)
(2.33822e-09 0 1.02226e-09)
(5.67677e-09 0 2.42395e-09)
(1.32801e-08 0 5.551e-09)
(2.99387e-08 0 1.2278e-08)
(6.50492e-08 0 2.62305e-08)
(1.36231e-07 0 5.41268e-08)
(2.7503e-07 0 1.07878e-07)
(5.35302e-07 0 2.07655e-07)
(1.00454e-06 0 3.8601e-07)
(1.81766e-06 0 6.92847e-07)
(3.17137e-06 0 1.20055e-06)
(5.33537e-06 0 2.00778e-06)
(8.65422e-06 0 3.23985e-06)
(1.35321e-05 0 5.04256e-06)
(2.03918e-05 0 7.5669e-06)
(2.96013e-05 0 1.09427e-05)
(4.13676e-05 0 1.52417e-05)
(5.56038e-05 0 2.04341e-05)
(7.17913e-05 0 2.63468e-05)
(8.88713e-05 0 3.26347e-05)
(0.000105208 0 3.87769e-05)
(0.000118673 0 4.41083e-05)
(0.000126888 0 4.78917e-05)
(0.000127632 0 4.94263e-05)
(0.000119357 0 4.81769e-05)
(9.0732e-12 0 4.75377e-12)
(3.69183e-11 0 1.88998e-11)
(1.05493e-10 0 5.23929e-11)
(2.8374e-10 0 1.36702e-10)
(7.33291e-10 0 3.43357e-10)
(1.82534e-09 0 8.32508e-10)
(4.37798e-09 0 1.9493e-09)
(1.01184e-08 0 4.4082e-09)
(2.25372e-08 0 9.62845e-09)
(4.83802e-08 0 2.03131e-08)
(1.00105e-07 0 4.13922e-08)
(1.99664e-07 0 8.14654e-08)
(3.83907e-07 0 1.5485e-07)
(7.11637e-07 0 2.84241e-07)
(1.27177e-06 0 5.03777e-07)
(2.19117e-06 0 8.61949e-07)
(3.63944e-06 0 1.42335e-06)
(5.82683e-06 0 2.26776e-06)
(8.99045e-06 0 3.48489e-06)
(1.33642e-05 0 5.16304e-06)
(1.91301e-05 0 7.37116e-06)
(2.63516e-05 0 1.01351e-05)
(3.48982e-05 0 1.34115e-05)
(4.43736e-05 0 1.70646e-05)
(5.40716e-05 0 2.08538e-05)
(6.29839e-05 0 2.44387e-05)
(6.98818e-05 0 2.74072e-05)
(7.34821e-05 0 2.93266e-05)
(7.26837e-05 0 2.98122e-05)
(6.6824e-05 0 2.86011e-05)
(7.27463e-12 0 3.98117e-12)
(2.9375e-11 0 1.57095e-11)
(8.2957e-11 0 4.30389e-11)
(2.20311e-10 0 1.10859e-10)
(5.6211e-10 0 2.74819e-10)
(1.38145e-09 0 6.57626e-10)
(3.27145e-09 0 1.51971e-09)
(7.46581e-09 0 3.39185e-09)
(1.64201e-08 0 7.31184e-09)
(3.48067e-08 0 1.52244e-08)
(7.11159e-08 0 3.06177e-08)
(1.40059e-07 0 5.94721e-08)
(2.65899e-07 0 1.11566e-07)
(4.86623e-07 0 2.02109e-07)
(8.585e-07 0 3.53518e-07)
(1.45997e-06 0 5.96933e-07)
(2.39312e-06 0 9.72799e-07)
(3.78042e-06 0 1.5296e-06)
(5.75399e-06 0 2.31971e-06)
(8.43533e-06 0 3.39166e-06)
(1.19049e-05 0 4.77856e-06)
(1.61635e-05 0 6.48378e-06)
(2.1092e-05 0 8.46622e-06)
(2.64175e-05 0 1.06288e-05)
(3.17011e-05 0 1.28143e-05)
(3.63568e-05 0 1.48133e-05)
(3.97127e-05 0 1.63844e-05)
(4.11112e-05 0 1.72876e-05)
(4.00345e-05 0 1.73241e-05)
(3.62243e-05 0 1.63743e-05)
(5.66135e-12 0 3.23828e-12)
(2.26835e-11 0 1.26805e-11)
(6.32869e-11 0 3.43209e-11)
(1.65875e-10 0 8.72321e-11)
(4.17613e-10 0 2.13324e-10)
(1.01277e-09 0 5.03549e-10)
(2.36681e-09 0 1.14786e-09)
(5.33054e-09 0 2.52717e-09)
(1.15706e-08 0 5.37392e-09)
(2.4207e-08 0 1.10375e-08)
(4.88139e-08 0 2.18961e-08)
(9.48812e-08 0 4.19538e-08)
(1.77771e-07 0 7.76343e-08)
(3.21063e-07 0 1.3873e-07)
(5.58928e-07 0 2.39366e-07)
(9.37851e-07 0 3.98701e-07)
(1.51662e-06 0 6.40949e-07)
(2.36327e-06 0 9.94186e-07)
(3.54759e-06 0 1.4874e-06)
(5.12837e-06 0 2.14547e-06)
(7.13563e-06 0 2.98221e-06)
(9.54971e-06 0 3.99222e-06)
(1.22811e-05 0 5.14315e-06)
(1.51571e-05 0 6.37067e-06)
(1.79209e-05 0 7.57827e-06)
(2.02503e-05 0 8.64389e-06)
(2.17957e-05 0 9.43371e-06)
(2.22364e-05 0 9.82156e-06)
(2.13421e-05 0 9.71048e-06)
(1.9025e-05 0 9.05135e-06)
(4.27304e-12 0 2.55643e-12)
(1.69861e-11 0 9.9328e-12)
(4.68032e-11 0 2.65506e-11)
(1.21013e-10 0 6.65597e-11)
(3.00487e-10 0 1.60494e-10)
(7.18739e-10 0 3.73525e-10)
(1.65676e-09 0 8.39509e-10)
(3.68067e-09 0 1.82233e-09)
(7.88119e-09 0 3.82069e-09)
(1.62656e-08 0 7.73713e-09)
(3.23576e-08 0 1.51335e-08)
(6.20466e-08 0 2.85895e-08)
(1.14683e-07 0 5.21624e-08)
(2.04323e-07 0 9.19075e-08)
(3.50874e-07 0 1.56361e-07)
(5.8073e-07 0 2.56813e-07)
(9.26255e-07 0 4.07113e-07)
(1.42345e-06 0 6.22738e-07)
(2.10716e-06 0 9.18843e-07)
(3.00354e-06 0 1.30722e-06)
(4.12036e-06 0 1.79231e-06)
(5.43631e-06 0 2.3669e-06)
(6.8919e-06 0 3.00841e-06)
(8.38494e-06 0 3.67698e-06)
(9.77366e-06 0 4.31659e-06)
(1.08894e-05 0 4.85982e-06)
(1.15592e-05 0 5.23619e-06)
(1.16337e-05 0 5.38282e-06)
(1.10167e-05 0 5.25523e-06)
(9.68528e-06 0 4.83582e-06)
(3.12572e-12 0 1.95743e-12)
(1.23262e-11 0 7.54559e-12)
(3.35312e-11 0 1.99132e-11)
(8.54894e-11 0 4.92181e-11)
(2.09271e-10 0 1.16967e-10)
(4.93473e-10 0 2.6828e-10)
(1.12147e-09 0 5.94232e-10)
(2.45652e-09 0 1.27122e-09)
(5.18651e-09 0 2.62666e-09)
(1.05552e-08 0 5.24221e-09)
(2.07061e-08 0 1.01054e-08)
(3.91542e-08 0 1.88151e-08)
(7.13684e-08 0 3.38343e-08)
(1.25392e-07 0 5.87578e-08)
(2.1235e-07 0 9.85326e-08)
(3.46589e-07 0 1.59525e-07)
(5.45132e-07 0 2.493e-07)
(8.26101e-07 0 3.75964e-07)
(1.20585e-06 0 5.4697e-07)
(1.69484e-06 0 7.67373e-07)
(2.29259e-06 0 1.0377e-06)
(2.98262e-06 0 1.35182e-06)
(3.72876e-06 0 1.69528e-06)
(4.47417e-06 0 2.04487e-06)
(5.14449e-06 0 2.36975e-06)
(5.65574e-06 0 2.63453e-06)
(5.92606e-06 0 2.80392e-06)
(5.88943e-06 0 2.84817e-06)
(5.50818e-06 0 2.7482e-06)
(4.78081e-06 0 2.49912e-06)
(2.21456e-12 0 1.45281e-12)
(8.66266e-12 0 5.55582e-12)
(2.32586e-11 0 1.44719e-11)
(5.845e-11 0 3.52526e-11)
(1.40993e-10 0 8.25364e-11)
(3.27623e-10 0 1.86488e-10)
(7.33753e-10 0 4.06911e-10)
(1.58404e-09 0 8.57533e-10)
(3.29639e-09 0 1.74553e-09)
(6.61261e-09 0 3.43197e-09)
(1.27872e-08 0 6.51776e-09)
(2.38368e-08 0 1.1956e-08)
(4.2834e-08 0 2.11831e-08)
(7.41964e-08 0 3.62473e-08)
(1.23882e-07 0 5.9896e-08)
(1.99355e-07 0 9.55639e-08)
(3.09162e-07 0 1.47191e-07)
(4.61958e-07 0 2.18804e-07)
(6.64916e-07 0 3.13825e-07)
(9.21573e-07 0 4.34135e-07)
(1.22939e-06 0 5.79e-07)
(1.57753e-06 0 7.44077e-07)
(1.94553e-06 0 9.20788e-07)
(2.30346e-06 0 1.09634e-06)
(2.61426e-06 0 1.25462e-06)
(2.83798e-06 0 1.37794e-06)
(2.93765e-06 0 1.44947e-06)
(2.88549e-06 0 1.45587e-06)
(2.66802e-06 0 1.38957e-06)
(2.28863e-06 0 1.25009e-06)
(1.51882e-12 0 1.04462e-12)
(5.89285e-12 0 3.96284e-12)
(1.56121e-11 0 1.01862e-11)
(3.86584e-11 0 2.44462e-11)
(9.18545e-11 0 5.63657e-11)
(2.10244e-10 0 1.25411e-10)
(4.63853e-10 0 2.69462e-10)
(9.86544e-10 0 5.59209e-10)
(2.02276e-09 0 1.12096e-09)
(3.99828e-09 0 2.1705e-09)
(7.61914e-09 0 4.05967e-09)
(1.39973e-08 0 7.3346e-09)
(2.47901e-08 0 1.27999e-08)
(4.23255e-08 0 2.15752e-08)
(6.96608e-08 0 3.51223e-08)
(1.1051e-07 0 5.52121e-08)
(1.68962e-07 0 8.37989e-08)
(2.48929e-07 0 1.22773e-07)
(3.53311e-07 0 1.73584e-07)
(4.82942e-07 0 2.36769e-07)
(6.35482e-07 0 3.11439e-07)
(8.04512e-07 0 3.94861e-07)
(9.79153e-07 0 4.82257e-07)
(1.14447e-06 0 5.66944e-07)
(1.28283e-06 0 6.409e-07)
(1.37607e-06 0 6.957e-07)
(1.40828e-06 0 7.2371e-07)
(1.36837e-06 0 7.19277e-07)
(1.25206e-06 0 6.79673e-07)
(1.06261e-06 0 6.0554e-07)
(1.00784e-12 0 7.27302e-13)
(3.87836e-12 0 2.73688e-12)
(1.01366e-11 0 6.94064e-12)
(2.47238e-11 0 1.64061e-11)
(5.78437e-11 0 3.72397e-11)
(1.30366e-10 0 8.15614e-11)
(2.83232e-10 0 1.72509e-10)
(5.9326e-10 0 3.52425e-10)
(1.19808e-09 0 6.95477e-10)
(2.33278e-09 0 1.32579e-09)
(4.37936e-09 0 2.44149e-09)
(7.92679e-09 0 4.34335e-09)
(1.38334e-08 0 7.46406e-09)
(2.32754e-08 0 1.23905e-08)
(3.77552e-08 0 1.98673e-08)
(5.90386e-08 0 3.07664e-08)
(8.89872e-08 0 4.6009e-08)
(1.29266e-07 0 6.6429e-08)
(1.80929e-07 0 9.25814e-08)
(2.43939e-07 0 1.24514e-07)
(3.16686e-07 0 1.61543e-07)
(3.95667e-07 0 2.02092e-07)
(4.75419e-07 0 2.43648e-07)
(5.48845e-07 0 2.82892e-07)
(6.07933e-07 0 3.16018e-07)
(6.44807e-07 0 3.392e-07)
(6.52914e-07 0 3.49143e-07)
(6.28091e-07 0 3.43595e-07)
(5.69251e-07 0 3.21705e-07)
(4.78512e-07 0 2.84149e-07)
(6.46772e-13 0 4.90089e-13)
(2.46854e-12 0 1.82938e-12)
(6.36374e-12 0 4.57632e-12)
(1.52845e-11 0 1.06515e-11)
(3.51988e-11 0 2.37942e-11)
(7.80854e-11 0 5.12824e-11)
(1.67003e-10 0 1.06739e-10)
(3.44392e-10 0 2.14598e-10)
(6.8482e-10 0 4.16788e-10)
(1.31311e-09 0 7.82013e-10)
(2.42789e-09 0 1.41754e-09)
(4.32879e-09 0 2.48249e-09)
(7.44233e-09 0 4.20021e-09)
(1.23381e-08 0 6.86554e-09)
(1.97227e-08 0 1.08412e-08)
(3.03975e-08 0 1.65368e-08)
(4.51669e-08 0 2.43636e-08)
(6.46927e-08 0 3.46648e-08)
(8.93024e-08 0 4.76224e-08)
(1.18778e-07 0 6.31546e-08)
(1.52168e-07 0 8.08243e-08)
(1.87683e-07 0 9.97837e-08)
(2.22723e-07 0 1.18781e-07)
(2.54072e-07 0 1.36247e-07)
(2.78254e-07 0 1.50459e-07)
(2.92e-07 0 1.59759e-07)
(2.92745e-07 0 1.62799e-07)
(2.7903e-07 0 1.58741e-07)
(2.50718e-07 0 1.47387e-07)
(2.08978e-07 0 1.29197e-07)
(4.01258e-13 0 3.19486e-13)
(1.51895e-12 0 1.18297e-12)
(3.86174e-12 0 2.91878e-12)
(9.13109e-12 0 6.68778e-12)
(2.0692e-11 0 1.46987e-11)
(4.5169e-11 0 3.11651e-11)
(9.50682e-11 0 6.38151e-11)
(1.92959e-10 0 1.26228e-10)
(3.77701e-10 0 2.41218e-10)
(7.13013e-10 0 4.4536e-10)
(1.29813e-09 0 7.94476e-10)
(2.27939e-09 0 1.36941e-09)
(3.86009e-09 0 2.28073e-09)
(6.30447e-09 0 3.67033e-09)
(9.93032e-09 0 5.70711e-09)
(1.50841e-08 0 8.57405e-09)
(2.20948e-08 0 1.24446e-08)
(3.12049e-08 0 1.74484e-08)
(4.2487e-08 0 2.36291e-08)
(5.57568e-08 0 3.0901e-08)
(7.05054e-08 0 3.90148e-08)
(8.58727e-08 0 4.75423e-08)
(1.00681e-07 0 5.58913e-08)
(1.1354e-07 0 6.33537e-08)
(1.23006e-07 0 6.91853e-08)
(1.27786e-07 0 7.2703e-08)
(1.26927e-07 0 7.33835e-08)
(1.19958e-07 0 7.09412e-08)
(1.06956e-07 0 6.53681e-08)
(8.84997e-08 0 5.69278e-08)
(2.40581e-13 0 2.01407e-13)
(9.03285e-13 0 7.39782e-13)
(2.26455e-12 0 1.80015e-12)
(5.2702e-12 0 4.05967e-12)
(1.17486e-11 0 8.7764e-12)
(2.52286e-11 0 1.83012e-11)
(5.22402e-11 0 3.68574e-11)
(1.04331e-10 0 7.17102e-11)
(2.00979e-10 0 1.34803e-10)
(3.73445e-10 0 2.44858e-10)
(6.69348e-10 0 4.29785e-10)
(1.15727e-09 0 7.29008e-10)
(1.93012e-09 0 1.19501e-09)
(3.10526e-09 0 1.89314e-09)
(4.8192e-09 0 2.89844e-09)
(7.21443e-09 0 4.28853e-09)
(1.04174e-08 0 6.13197e-09)
(1.45083e-08 0 8.47244e-09)
(1.94859e-08 0 1.13108e-08)
(2.5235e-08 0 1.45879e-08)
(3.15037e-08 0 1.81732e-08)
(3.79006e-08 0 2.18622e-08)
(4.39177e-08 0 2.53884e-08)
(4.89801e-08 0 2.84468e-08)
(5.25163e-08 0 3.07308e-08)
(5.40377e-08 0 3.19725e-08)
(5.32095e-08 0 3.19809e-08)
(4.98985e-08 0 3.06698e-08)
(4.4185e-08 0 2.80678e-08)
(3.63364e-08 0 2.43103e-08)
(1.39361e-13 0 1.22738e-13)
(5.18994e-13 0 4.4724e-13)
(1.28295e-12 0 1.07326e-12)
(2.93817e-12 0 2.38188e-12)
(6.44179e-12 0 5.06379e-12)
(1.36039e-11 0 1.03827e-11)
(2.77062e-11 0 2.05611e-11)
(5.44328e-11 0 3.93397e-11)
(1.03169e-10 0 7.27325e-11)
(1.88651e-10 0 1.29951e-10)
(3.32819e-10 0 2.24395e-10)
(5.6651e-10 0 3.74511e-10)
(9.30401e-10 0 6.04166e-10)
(1.47436e-09 0 9.42124e-10)
(2.25431e-09 0 1.42015e-09)
(3.32584e-09 0 2.06939e-09)
(4.7343e-09 0 2.91496e-09)
(6.50221e-09 0 3.9691e-09)
(8.61559e-09 0 5.22398e-09)
(1.10123e-08 0 6.64544e-09)
(1.35756e-08 0 8.16968e-09)
(1.61366e-08 0 9.7043e-09)
(1.84859e-08 0 1.11347e-08)
(2.03968e-08 0 1.23358e-08)
(2.16528e-08 0 1.3187e-08)
(2.20786e-08 0 1.35886e-08)
(2.15639e-08 0 1.34758e-08)
(2.00786e-08 0 1.28274e-08)
(1.76726e-08 0 1.16677e-08)
(1.44617e-08 0 1.00612e-08)
(7.79752e-14 0 7.22789e-14)
(2.88046e-13 0 2.613e-13)
(7.02066e-13 0 6.18384e-13)
(1.58198e-12 0 1.35039e-12)
(3.41038e-12 0 2.8227e-12)
(7.08114e-12 0 5.68961e-12)
(1.41812e-11 0 1.10768e-11)
(2.74012e-11 0 2.08375e-11)
(5.10879e-11 0 3.78831e-11)
(9.1914e-11 0 6.65676e-11)
(1.59581e-10 0 1.13068e-10)
(2.67383e-10 0 1.85657e-10)
(4.32375e-10 0 2.94724e-10)
(6.74804e-10 0 4.52359e-10)
(1.01648e-09 0 6.71336e-10)
(1.47788e-09 0 9.63406e-10)
(2.07397e-09 0 1.33692e-09)
(2.80921e-09 0 1.79408e-09)
(3.6726e-09 0 2.32815e-09)
(4.63385e-09 0 2.92151e-09)
(5.64201e-09 0 3.54485e-09)
(6.62756e-09 0 4.15845e-09)
(7.50835e-09 0 4.71538e-09)
(8.19876e-09 0 5.16658e-09)
(8.62074e-09 0 5.46698e-09)
(8.7145e-09 0 5.58156e-09)
(8.44667e-09 0 5.49014e-09)
(7.81402e-09 0 5.18993e-09)
(6.84199e-09 0 4.6954e-09)
(5.57817e-09 0 4.03538e-09)
(4.21365e-14 0 4.11146e-14)
(1.54407e-13 0 1.47483e-13)
(3.71059e-13 0 3.44223e-13)
(8.22546e-13 0 7.39595e-13)
(1.74317e-12 0 1.5198e-12)
(3.55782e-12 0 3.01099e-12)
(7.00469e-12 0 5.76189e-12)
(1.33084e-11 0 1.06554e-11)
(2.44033e-11 0 1.90461e-11)
(4.31905e-11 0 3.29104e-11)
(7.37853e-11 0 5.49796e-11)
(1.21681e-10 0 8.88089e-11)
(1.93717e-10 0 1.38722e-10)
(2.97741e-10 0 2.0956e-10)
(4.4183e-10 0 3.06188e-10)
(6.33058e-10 0 4.32736e-10)
(8.75837e-10 0 5.91622e-10)
(1.17006e-09 0 7.82494e-10)
(1.50941e-09 0 1.00128e-09)
(1.88023e-09 0 1.23958e-09)
(2.26146e-09 0 1.4847e-09)
(2.62586e-09 0 1.72037e-09)
(2.9426e-09 0 1.92826e-09)
(3.18087e-09 0 2.09003e-09)
(3.31385e-09 0 2.18969e-09)
(3.32234e-09 0 2.21569e-09)
(3.19726e-09 0 2.1625e-09)
(2.94041e-09 0 2.03119e-09)
(2.5634e-09 0 1.82908e-09)
(2.08485e-09 0 1.5684e-09)
(2.19957e-14 0 2.25766e-14)
(7.99536e-14 0 8.03723e-14)
(1.89428e-13 0 1.85033e-13)
(4.13036e-13 0 3.91171e-13)
(8.603e-13 0 7.90151e-13)
(1.72555e-12 0 1.53846e-12)
(3.33907e-12 0 2.89338e-12)
(6.23659e-12 0 5.25927e-12)
(1.1245e-11 0 9.24164e-12)
(1.95748e-11 0 1.57016e-11)
(3.29002e-11 0 2.57968e-11)
(5.33943e-11 0 4.09898e-11)
(8.36797e-11 0 6.29982e-11)
(1.26652e-10 0 9.36653e-11)
(1.85143e-10 0 1.34736e-10)
(2.61421e-10 0 1.87539e-10)
(3.56572e-10 0 2.52614e-10)
(4.69853e-10 0 3.29327e-10)
(5.98148e-10 0 4.1557e-10)
(7.35699e-10 0 5.07622e-10)
(8.74238e-10 0 6.00262e-10)
(1.00359e-09 0 6.87142e-10)
(1.11271e-09 0 7.61431e-10)
(1.19102e-09 0 8.16606e-10)
(1.22977e-09 0 8.47295e-10)
(1.22321e-09 0 8.49978e-10)
(1.16928e-09 0 8.2344e-10)
(1.06964e-09 0 7.68874e-10)
(9.29191e-10 0 6.89626e-10)
(7.5491e-10 0 5.90647e-10)
(1.11076e-14 0 1.19488e-14)
(4.00387e-14 0 4.22337e-14)
(9.34941e-14 0 9.59427e-14)
(2.00453e-13 0 1.99608e-13)
(4.10202e-13 0 3.96374e-13)
(8.08272e-13 0 7.58462e-13)
(1.53676e-12 0 1.40187e-12)
(2.8209e-12 0 2.50454e-12)
(5.0001e-12 0 4.32634e-12)
(8.55903e-12 0 7.22711e-12)
(1.41503e-11 0 1.1677e-11)
(2.25965e-11 0 1.8251e-11)
(3.48573e-11 0 2.75996e-11)
(5.19481e-11 0 4.03873e-11)
(7.48028e-11 0 5.71985e-11)
(1.04085e-10 0 7.84134e-11)
(1.39967e-10 0 1.04071e-10)
(1.81923e-10 0 1.33743e-10)
(2.28565e-10 0 1.66446e-10)
(2.77609e-10 0 2.00632e-10)
(3.25965e-10 0 2.34258e-10)
(3.70006e-10 0 2.64966e-10)
(4.05958e-10 0 2.90329e-10)
(4.30362e-10 0 3.08143e-10)
(4.40525e-10 0 3.16712e-10)
(4.34863e-10 0 3.15066e-10)
(4.13069e-10 0 3.03077e-10)
(3.76077e-10 0 2.81454e-10)
(3.25812e-10 0 2.5162e-10)
(2.64793e-10 0 2.15493e-10)
(5.46062e-15 0 6.06453e-15)
(1.9493e-14 0 2.13054e-14)
(4.48078e-14 0 4.78072e-14)
(9.43698e-14 0 9.7953e-14)
(1.89561e-13 0 1.91313e-13)
(3.66635e-13 0 3.59907e-13)
(6.8442e-13 0 6.53951e-13)
(1.23393e-12 0 1.14861e-12)
(2.14897e-12 0 1.95085e-12)
(3.61566e-12 0 3.20478e-12)
(5.87764e-12 0 5.09304e-12)
(9.23252e-12 0 7.83149e-12)
(1.40149e-11 0 1.16542e-11)
(2.05618e-11 0 1.67871e-11)
(2.91605e-11 0 2.34105e-11)
(3.99807e-11 0 3.16134e-11)
(5.3002e-11 0 4.13471e-11)
(6.7949e-11 0 5.23864e-11)
(8.42531e-11 0 6.43098e-11)
(1.01054e-10 0 7.65069e-11)
(1.17255e-10 0 8.82193e-11)
(1.3162e-10 0 9.86107e-11)
(1.42921e-10 0 1.06861e-10)
(1.50085e-10 0 1.12265e-10)
(1.52333e-10 0 1.14326e-10)
(1.49278e-10 0 1.12812e-10)
(1.40956e-10 0 1.0779e-10)
(1.27794e-10 0 9.96008e-11)
(1.10511e-10 0 8.88132e-11)
(8.99834e-11 0 7.61419e-11)
(2.6785e-15 0 2.89706e-15)
(9.42665e-15 0 1.01478e-14)
(2.12465e-14 0 2.2555e-14)
(4.3821e-14 0 4.56064e-14)
(8.61699e-14 0 8.7759e-14)
(1.63199e-13 0 1.62551e-13)
(2.98477e-13 0 2.9073e-13)
(5.27526e-13 0 5.0261e-13)
(9.01169e-13 0 8.40234e-13)
(1.48812e-12 0 1.35868e-12)
(2.37561e-12 0 2.12562e-12)
(3.66653e-12 0 3.21815e-12)
(5.47172e-12 0 4.71608e-12)
(7.8965e-12 0 6.69132e-12)
(1.10217e-11 0 9.19396e-12)
(1.4881e-11 0 1.22366e-11)
(1.94383e-11 0 1.57795e-11)
(2.45698e-11 0 1.97201e-11)
(3.00564e-11 0 2.389e-11)
(3.55908e-11 0 2.8062e-11)
(4.08001e-11 0 3.19683e-11)
(4.52839e-11 0 3.53269e-11)
(4.86609e-11 0 3.78746e-11)
(5.06167e-11 0 3.93991e-11)
(5.09434e-11 0 3.97663e-11)
(4.95641e-11 0 3.89362e-11)
(4.65365e-11 0 3.69667e-11)
(4.20359e-11 0 3.40038e-11)
(3.63209e-11 0 3.02611e-11)
(2.96878e-11 0 2.59938e-11)
(1.42471e-15 0 1.20655e-15)
(4.89144e-15 0 4.25358e-15)
(1.07156e-14 0 9.43498e-15)
(2.14976e-14 0 1.89294e-14)
(4.11289e-14 0 3.60553e-14)
(7.58333e-14 0 6.60365e-14)
(1.35137e-13 0 1.1673e-13)
(2.32932e-13 0 1.99387e-13)
(3.88438e-13 0 3.29267e-13)
(6.26738e-13 0 5.25883e-13)
(9.78466e-13 0 8.12538e-13)
(1.47819e-12 0 1.21488e-12)
(2.16111e-12 0 1.75824e-12)
(3.05798e-12 0 2.46381e-12)
(4.1885e-12 0 3.34381e-12)
(5.55412e-12 0 4.39656e-12)
(7.13145e-12 0 5.60214e-12)
(8.86798e-12 0 6.91986e-12)
(1.06817e-11 0 8.2885e-12)
(1.24653e-11 0 9.62995e-12)
(1.40957e-11 0 1.0856e-11)
(1.54471e-11 0 1.18778e-11)
(1.64063e-11 0 1.26163e-11)
(1.68863e-11 0 1.30117e-11)
(1.6838e-11 0 1.30317e-11)
(1.62547e-11 0 1.26742e-11)
(1.51716e-11 0 1.19677e-11)
(1.36586e-11 0 1.09664e-11)
(1.18091e-11 0 9.74333e-12)
(9.72572e-12 0 8.38104e-12)
(9.85948e-16 0 2.71346e-16)
(3.28682e-15 0 1.00049e-15)
(7.00076e-15 0 2.26342e-15)
(1.36724e-14 0 4.56796e-15)
(2.5452e-14 0 8.71385e-15)
(4.56552e-14 0 1.59575e-14)
(7.91665e-14 0 2.81813e-14)
(1.32832e-13 0 4.80667e-14)
(2.15733e-13 0 7.92291e-14)
(3.39196e-13 0 1.26255e-13)
(5.16365e-13 0 1.9457e-13)
(7.61174e-13 0 2.90068e-13)
(1.08665e-12 0 4.18463e-13)
(1.50259e-12 0 5.84366e-13)
(2.01284e-12 0 7.90181e-13)
(2.61265e-12 0 1.03497e-12)
(3.28658e-12 0 1.31354e-12)
(4.0077e-12 0 1.61594e-12)
(4.73845e-12 0 1.92764e-12)
(5.43336e-12 0 2.23053e-12)
(6.0435e-12 0 2.50453e-12)
(6.52201e-12 0 2.72978e-12)
(6.8298e-12 0 2.88906e-12)
(6.94047e-12 0 2.96982e-12)
(6.84353e-12 0 2.96579e-12)
(6.54547e-12 0 2.87756e-12)
(6.06861e-12 0 2.71214e-12)
(5.44821e-12 0 2.48151e-12)
(4.72885e-12 0 2.19993e-12)
(3.96116e-12 0 1.8796e-12)
(0.00355225 0 0.00067284)
(0.00357389 0 0.000766661)
(0.00354941 0 0.000879362)
(0.00319585 0 0.000674836)
(0.00319189 0 0.000719502)
(0.00319314 0 0.000766007)
(0.00249483 0 0.000588809)
(0.00247825 0 0.000609573)
(0.00250378 0 0.000634182)
(0.00180172 0 0.000473258)
(0.00178271 0 0.000483121)
(0.00181664 0 0.000499715)
(0.0012396 0 0.000358995)
(0.00122102 0 0.000363194)
(0.00125215 0 0.000375507)
(0.000818073 0 0.000258926)
(0.000802235 0 0.000260213)
(0.000827313 0 0.000269645)
(0.000519395 0 0.000178293)
(0.000507192 0 0.000178228)
(0.000525999 0 0.000185425)
(0.000317912 0 0.000117568)
(0.000309213 0 0.000117008)
(0.000322561 0 0.000122366)
(0.000187904 0 7.44249e-05)
(0.000182088 0 7.37983e-05)
(0.000191116 0 7.76512e-05)
(0.00010739 0 4.53245e-05)
(0.000103713 0 4.48065e-05)
(0.000109557 0 4.74708e-05)
(5.94106e-05 0 2.66013e-05)
(5.72e-05 0 2.62336e-05)
(6.08314e-05 0 2.80033e-05)
(3.1843e-05 0 1.50689e-05)
(3.05753e-05 0 1.48338e-05)
(3.27465e-05 0 1.59632e-05)
(1.65468e-05 0 8.2493e-06)
(1.58518e-05 0 8.11102e-06)
(1.71034e-05 0 8.80429e-06)
(8.34049e-06 0 4.36882e-06)
(7.97571e-06 0 4.2933e-06)
(8.67248e-06 0 4.70307e-06)
(4.07959e-06 0 2.24021e-06)
(3.89619e-06 0 2.20179e-06)
(4.27127e-06 0 2.43529e-06)
(1.93687e-06 0 1.11297e-06)
(1.84856e-06 0 1.09478e-06)
(2.04402e-06 0 1.2232e-06)
(8.92719e-07 0 5.36e-07)
(8.52017e-07 0 5.28056e-07)
(9.50698e-07 0 5.96273e-07)
(3.99473e-07 0 2.50323e-07)
(3.81546e-07 0 2.47175e-07)
(4.29848e-07 0 2.82206e-07)
(1.73549e-07 0 1.13397e-07)
(1.66022e-07 0 1.12311e-07)
(1.88955e-07 0 1.29712e-07)
(7.31974e-08 0 4.98359e-08)
(7.01967e-08 0 4.95464e-08)
(8.07613e-08 0 5.79112e-08)
(2.99693e-08 0 2.125e-08)
(2.88405e-08 0 2.12238e-08)
(3.35637e-08 0 2.51162e-08)
(1.19103e-08 0 8.7915e-09)
(1.15137e-08 0 8.82822e-09)
(1.35632e-08 0 1.0582e-08)
(4.59399e-09 0 3.52899e-09)
(4.46622e-09 0 3.56583e-09)
(5.32941e-09 0 4.33106e-09)
(1.71966e-09 0 1.37436e-09)
(1.68335e-09 0 1.39853e-09)
(2.03619e-09 0 1.72191e-09)
(6.24674e-10 0 5.19257e-10)
(6.16475e-10 0 5.32573e-10)
(7.5645e-10 0 6.64936e-10)
(2.20203e-10 0 1.90306e-10)
(2.19377e-10 0 1.96896e-10)
(2.73265e-10 0 2.49366e-10)
(7.53505e-11 0 6.76317e-11)
(7.58888e-11 0 7.06406e-11)
(9.6033e-11 0 9.07716e-11)
(2.5096e-11 0 2.32429e-11)
(2.5602e-11 0 2.45163e-11)
(3.29503e-11 0 3.19567e-11)
(8.34109e-12 0 7.53556e-12)
(8.66319e-12 0 8.00728e-12)
(1.13804e-11 0 1.05608e-11)
(3.47937e-12 0 1.68305e-12)
(3.69163e-12 0 1.77848e-12)
(4.95574e-12 0 2.34649e-12)
(0.00353756 0 0.000875191)
(0.00332627 0 0.000821638)
(0.00290099 0 0.00072291)
(0.00239094 0 0.000607371)
(0.00188188 0 0.000490039)
(0.00142506 0 0.000381084)
(0.00104239 0 0.000286116)
(0.000738116 0 0.000207578)
(0.000506509 0 0.000145599)
(0.000337021 0 9.87701e-05)
(0.000217493 0 6.48194e-05)
(0.000136136 0 4.11597e-05)
(8.26391e-05 0 2.52904e-05)
(4.86391e-05 0 1.50366e-05)
(2.77488e-05 0 8.65015e-06)
(1.53393e-05 0 4.8141e-06)
(8.21282e-06 0 2.59145e-06)
(4.25706e-06 0 1.34899e-06)
(2.13528e-06 0 6.78912e-07)
(1.0359e-06 0 3.30255e-07)
(4.85842e-07 0 1.55245e-07)
(2.20178e-07 0 7.05072e-08)
(9.63743e-08 0 3.09327e-08)
(4.07256e-08 0 1.31074e-08)
(1.6608e-08 0 5.36398e-09)
(6.53342e-09 0 2.11981e-09)
(2.47771e-09 0 8.08667e-10)
(9.02933e-10 0 2.96792e-10)
(3.07764e-10 0 1.0179e-10)
(7.13683e-11 0 2.35288e-11)
(0.00318585 0 0.000790725)
(0.00294095 0 0.000746294)
(0.0025603 0 0.000665595)
(0.00211942 0 0.000566087)
(0.00168006 0 0.000461911)
(0.001283 0 0.000363162)
(0.000946194 0 0.000275454)
(0.000675392 0 0.000201839)
(0.000467144 0 0.000142979)
(0.000313276 0 9.79595e-05)
(0.00020378 0 6.49392e-05)
(0.000128588 0 4.16617e-05)
(7.87042e-05 0 2.58682e-05)
(4.67169e-05 0 1.55452e-05)
(2.68861e-05 0 9.04089e-06)
(1.49974e-05 0 5.0882e-06)
(8.10544e-06 0 2.77064e-06)
(4.2425e-06 0 1.45938e-06)
(2.1496e-06 0 7.43417e-07)
(1.05387e-06 0 3.66165e-07)
(4.99699e-07 0 1.74344e-07)
(2.29048e-07 0 8.02303e-08)
(1.01449e-07 0 3.56777e-08)
(4.3401e-08 0 1.53295e-08)
(1.79271e-08 0 6.36333e-09)
(7.14689e-09 0 2.55169e-09)
(2.74807e-09 0 9.88013e-10)
(1.01573e-09 0 3.68092e-10)
(3.50928e-10 0 1.28074e-10)
(8.21938e-11 0 2.99661e-11)
(0.00256541 0 0.000662774)
(0.00241533 0 0.000639419)
(0.00212999 0 0.000579815)
(0.00178649 0 0.000501015)
(0.00143541 0 0.000415045)
(0.00110943 0 0.000330649)
(0.000827642 0 0.000253959)
(0.000597496 0 0.000188418)
(0.000417727 0 0.000135086)
(0.000283012 0 9.36462e-05)
(0.000185976 0 6.28191e-05)
(0.000118548 0 4.07838e-05)
(7.32966e-05 0 2.56271e-05)
(4.39514e-05 0 1.55867e-05)
(2.5558e-05 0 9.17669e-06)
(1.44087e-05 0 5.22945e-06)
(7.87242e-06 0 2.88397e-06)
(4.16684e-06 0 1.53889e-06)
(2.1357e-06 0 7.94368e-07)
(1.05955e-06 0 3.96587e-07)
(5.08577e-07 0 1.91458e-07)
(2.36084e-07 0 8.93598e-08)
(1.05942e-07 0 4.03158e-08)
(4.59399e-08 0 1.75798e-08)
(1.92431e-08 0 7.40819e-09)
(7.78323e-09 0 3.01661e-09)
(3.03772e-09 0 1.18637e-09)
(1.13995e-09 0 4.4895e-10)
(3.99608e-10 0 1.5856e-10)
(9.46427e-11 0 3.75722e-11)
(0.00191135 0 0.00052717)
(0.00185726 0 0.000520365)
(0.00167573 0 0.000481109)
(0.00143291 0 0.000423067)
(0.00117138 0 0.000356203)
(0.000920017 0 0.000288199)
(0.000696807 0 0.000224673)
(0.000510023 0 0.000169024)
(0.000361135 0 0.000122794)
(0.000247755 0 8.62619e-05)
(0.000164876 0 5.86581e-05)
(0.000106389 0 3.85948e-05)
(6.65648e-05 0 2.45736e-05)
(4.03849e-05 0 1.51442e-05)
(2.37666e-05 0 9.03709e-06)
(1.35624e-05 0 5.2207e-06)
(7.50186e-06 0 2.91923e-06)
(4.02079e-06 0 1.5797e-06)
(2.08738e-06 0 8.27125e-07)
(1.04923e-06 0 4.18965e-07)
(5.10433e-07 0 2.05264e-07)
(2.40235e-07 0 9.72526e-08)
(1.09344e-07 0 4.45523e-08)
(4.81115e-08 0 1.97316e-08)
(2.04573e-08 0 8.4475e-09)
(8.40302e-09 0 3.49549e-09)
(3.33195e-09 0 1.39721e-09)
(1.27058e-09 0 5.37393e-10)
(4.52262e-10 0 1.92752e-10)
(1.08392e-10 0 4.627e-11)
(0.00134672 0 0.000400584)
(0.00135102 0 0.000404172)
(0.00125223 0 0.000381464)
(0.00109589 0 0.000341828)
(0.000914429 0 0.000292874)
(0.000731785 0 0.000240925)
(0.000563872 0 0.000190814)
(0.000419403 0 0.000145758)
(0.000301602 0 0.000107509)
(0.000210021 0 7.66586e-05)
(0.000141732 0 5.28788e-05)
(9.27112e-05 0 3.52917e-05)
(5.87743e-05 0 2.27863e-05)
(3.61384e-05 0 1.42448e-05)
(2.15652e-05 0 8.62815e-06)
(1.24757e-05 0 5.05867e-06)
(6.99573e-06 0 2.87084e-06)
(3.80154e-06 0 1.5769e-06)
(2.00131e-06 0 8.38234e-07)
(1.02035e-06 0 4.31149e-07)
(5.0363e-07 0 2.14543e-07)
(2.40568e-07 0 1.03266e-07)
(1.11165e-07 0 4.80714e-08)
(4.96771e-08 0 2.16393e-08)
(2.14611e-08 0 9.41832e-09)
(8.95982e-09 0 3.96286e-09)
(3.61222e-09 0 1.61097e-09)
(1.40071e-09 0 6.30109e-10)
(5.06578e-10 0 2.29635e-10)
(1.22927e-10 0 5.58548e-11)
(0.000907373 0 0.000291604)
(0.000937749 0 0.000300678)
(0.000893352 0 0.000289782)
(0.00080148 0 0.000264832)
(0.000683974 0 0.000231125)
(0.000558772 0 0.000193486)
(0.000438863 0 0.000155835)
(0.000332327 0 0.000120992)
(0.000243109 0 9.06828e-05)
(0.00017207 0 6.56835e-05)
(0.000117948 0 4.60113e-05)
(7.8341e-05 0 3.11835e-05)
(5.04302e-05 0 2.0451e-05)
(3.14793e-05 0 1.2985e-05)
(1.90596e-05 0 7.98486e-06)
(1.11888e-05 0 4.75403e-06)
(6.36728e-06 0 2.74026e-06)
(3.51187e-06 0 1.52904e-06)
(1.87682e-06 0 8.25832e-07)
(9.7158e-07 0 4.31669e-07)
(4.87039e-07 0 2.18337e-07)
(2.36338e-07 0 1.06845e-07)
(1.10979e-07 0 5.05783e-08)
(5.04132e-08 0 2.31578e-08)
(2.21463e-08 0 1.0254e-08)
(9.40498e-09 0 4.39015e-09)
(3.85807e-09 0 1.81619e-09)
(1.52233e-09 0 7.22849e-10)
(5.59708e-10 0 2.67789e-10)
(1.37557e-10 0 6.60029e-11)
(0.000587807 0 0.000203709)
(0.000624636 0 0.000214763)
(0.000611112 0 0.000211379)
(0.000562216 0 0.000197101)
(0.000491144 0 0.000175329)
(0.000410087 0 0.000149475)
(0.000328739 0 0.000122521)
(0.000253797 0 9.6766e-05)
(0.00018912 0 7.37515e-05)
(0.000136242 0 5.43069e-05)
(9.49938e-05 0 3.86659e-05)
(6.41518e-05 0 2.6633e-05)
(4.19801e-05 0 1.77533e-05)
(2.66316e-05 0 1.1457e-05)
(1.63814e-05 0 7.15948e-06)
(9.76975e-06 0 4.33226e-06)
(5.64861e-06 0 2.53834e-06)
(3.16557e-06 0 1.43997e-06)
(1.71917e-06 0 7.90817e-07)
(9.04542e-07 0 4.20401e-07)
(4.60953e-07 0 2.16298e-07)
(2.27442e-07 0 1.07691e-07)
(1.08626e-07 0 5.18767e-08)
(5.02008e-08 0 2.41754e-08)
(2.24424e-08 0 1.08973e-08)
(9.7018e-09 0 4.75035e-09)
(4.05225e-09 0 2.00111e-09)
(1.62803e-09 0 8.1087e-10)
(6.08794e-10 0 3.05489e-10)
(1.51569e-10 0 7.63036e-11)
(0.000367219 0 0.000136784)
(0.000400726 0 0.000147544)
(0.000402186 0 0.000148323)
(0.000379273 0 0.000141143)
(0.00033924 0 0.000128021)
(0.000289672 0 0.000111209)
(0.000237208 0 9.28258e-05)
(0.000186892 0 7.46232e-05)
(0.000142008 0 5.78734e-05)
(0.000104244 0 4.33525e-05)
(7.40188e-05 0 3.13951e-05)
(5.08826e-05 0 2.19934e-05)
(3.38835e-05 0 1.49104e-05)
(2.18672e-05 0 9.78592e-06)
(1.36804e-05 0 6.21908e-06)
(8.29733e-06 0 3.82736e-06)
(4.87864e-06 0 2.28099e-06)
(2.78055e-06 0 1.31636e-06)
(1.53588e-06 0 7.35553e-07)
(8.22019e-07 0 3.97916e-07)
(4.26184e-07 0 2.08376e-07)
(2.13984e-07 0 1.05613e-07)
(1.04019e-07 0 5.1801e-08)
(4.89394e-08 0 2.45835e-08)
(2.22791e-08 0 1.12868e-08)
(9.80996e-09 0 5.01211e-09)
(4.17431e-09 0 2.15102e-09)
(1.7084e-09 0 8.878e-10)
(6.50017e-10 0 3.40266e-10)
(1.63985e-10 0 8.61422e-11)
(0.000221665 0 8.84198e-05)
(0.000248185 0 9.76429e-05)
(0.000255269 0 0.000100268)
(0.000246594 0 9.73812e-05)
(0.00022579 0 9.00859e-05)
(0.000197204 0 7.97645e-05)
(0.00016504 0 6.78288e-05)
(0.000132788 0 5.553e-05)
(0.000102964 0 4.38447e-05)
(7.70835e-05 0 3.34307e-05)
(5.5791e-05 0 2.4639e-05)
(3.90767e-05 0 1.75651e-05)
(2.65046e-05 0 1.21181e-05)
(1.74178e-05 0 8.09338e-06)
(1.10935e-05 0 5.23411e-06)
(6.84895e-06 0 3.27814e-06)
(4.09896e-06 0 1.9884e-06)
(2.37791e-06 0 1.16804e-06)
(1.33701e-06 0 6.64456e-07)
(7.28475e-07 0 3.65997e-07)
(3.84539e-07 0 1.95182e-07)
(1.9661e-07 0 1.00761e-07)
(9.73409e-08 0 5.03463e-08)
(4.66544e-08 0 2.43446e-08)
(2.16408e-08 0 1.13901e-08)
(9.71134e-09 0 5.15513e-09)
(4.2121e-09 0 2.25502e-09)
(1.7569e-09 0 9.48427e-10)
(6.80392e-10 0 3.69921e-10)
(1.73954e-10 0 9.49224e-11)
(0.000129468 0 5.51072e-05)
(0.000148637 0 6.23306e-05)
(0.000156534 0 6.53847e-05)
(0.000154791 0 6.48118e-05)
(0.000145031 0 6.11551e-05)
(0.000129553 0 5.5204e-05)
(0.000110828 0 4.78393e-05)
(9.10955e-05 0 3.98997e-05)
(7.2121e-05 0 3.20869e-05)
(5.51002e-05 0 2.49142e-05)
(4.06798e-05 0 1.86968e-05)
(2.90531e-05 0 1.35709e-05)
(2.00873e-05 0 9.53229e-06)
(1.34527e-05 0 6.48192e-06)
(8.73005e-06 0 4.26816e-06)
(5.49087e-06 0 2.72192e-06)
(3.34755e-06 0 1.68127e-06)
(1.97822e-06 0 1.00584e-06)
(1.13306e-06 0 5.82815e-07)
(6.28924e-07 0 3.2704e-07)
(3.38247e-07 0 1.77701e-07)
(1.76224e-07 0 9.3484e-08)
(8.89179e-08 0 4.76083e-08)
(4.34406e-08 0 2.3467e-08)
(2.05431e-08 0 1.11942e-08)
(9.4003e-09 0 5.16612e-09)
(4.15796e-09 0 2.3044e-09)
(1.76832e-09 0 9.88037e-10)
(6.97248e-10 0 3.92291e-10)
(1.80671e-10 0 1.02031e-10)
(7.325e-05 0 3.31602e-05)
(8.61866e-05 0 3.84259e-05)
(9.28625e-05 0 4.11748e-05)
(9.3934e-05 0 4.16523e-05)
(9.00155e-05 0 4.00877e-05)
(8.222e-05 0 3.68955e-05)
(7.18959e-05 0 3.25898e-05)
(6.03822e-05 0 2.76986e-05)
(4.88268e-05 0 2.26948e-05)
(3.8086e-05 0 1.79515e-05)
(2.86981e-05 0 1.37227e-05)
(2.09117e-05 0 1.01456e-05)
(1.47479e-05 0 7.25879e-06)
(1.00723e-05 0 5.0278e-06)
(6.66457e-06 0 3.37243e-06)
(4.27342e-06 0 2.19096e-06)
(2.65586e-06 0 1.37878e-06)
(1.59986e-06 0 8.40487e-07)
(9.3409e-07 0 4.96286e-07)
(5.28549e-07 0 2.83834e-07)
(2.89805e-07 0 1.5721e-07)
(1.53946e-07 0 8.43192e-08)
(7.92103e-08 0 4.37862e-08)
(3.94677e-08 0 2.20114e-08)
(1.90386e-08 0 1.07098e-08)
(8.88793e-09 0 5.04207e-09)
(4.0111e-09 0 2.2944e-09)
(1.74001e-09 0 1.00325e-09)
(6.98743e-10 0 4.05591e-10)
(1.83512e-10 0 1.06921e-10)
(4.01814e-05 0 1.92896e-05)
(4.84309e-05 0 2.29021e-05)
(5.33505e-05 0 2.50638e-05)
(5.51664e-05 0 2.5871e-05)
(5.40406e-05 0 2.53943e-05)
(5.04553e-05 0 2.38301e-05)
(4.5092e-05 0 2.14571e-05)
(3.86972e-05 0 1.85873e-05)
(3.19665e-05 0 1.55205e-05)
(2.54656e-05 0 1.25102e-05)
(1.95919e-05 0 9.74462e-06)
(1.45729e-05 0 7.3411e-06)
(1.04888e-05 0 5.35195e-06)
(7.30943e-06 0 3.77752e-06)
(4.93424e-06 0 2.58213e-06)
(3.22752e-06 0 1.70966e-06)
(2.04603e-06 0 1.09661e-06)
(1.25714e-06 0 6.81431e-07)
(7.48666e-07 0 4.10215e-07)
(4.32111e-07 0 2.39217e-07)
(2.41687e-07 0 1.35121e-07)
(1.30976e-07 0 7.39177e-08)
(6.87592e-08 0 3.91569e-08)
(3.496e-08 0 2.00833e-08)
(1.72111e-08 0 9.97122e-09)
(8.20108e-09 0 4.79079e-09)
(3.77792e-09 0 2.22488e-09)
(1.67231e-09 0 9.92489e-10)
(6.84116e-10 0 4.08645e-10)
(1.82107e-10 0 1.09182e-10)
(2.13863e-05 0 1.08592e-05)
(2.63939e-05 0 1.32086e-05)
(2.97063e-05 0 1.47598e-05)
(3.13807e-05 0 1.55418e-05)
(3.1407e-05 0 1.55563e-05)
(2.99621e-05 0 1.4883e-05)
(2.73611e-05 0 1.3661e-05)
(2.39917e-05 0 1.20627e-05)
(2.02477e-05 0 1.02667e-05)
(1.64767e-05 0 8.43481e-06)
(1.29466e-05 0 6.6967e-06)
(9.83367e-06 0 5.14219e-06)
(7.22631e-06 0 3.82127e-06)
(5.14089e-06 0 2.74938e-06)
(3.54232e-06 0 1.91589e-06)
(2.36489e-06 0 1.29333e-06)
(1.53003e-06 0 8.45863e-07)
(9.59415e-07 0 5.36008e-07)
(5.83101e-07 0 3.29093e-07)
(3.43476e-07 0 1.95758e-07)
(1.96075e-07 0 1.12806e-07)
(1.08459e-07 0 6.29664e-08)
(5.81229e-08 0 3.40398e-08)
(3.01705e-08 0 1.78196e-08)
(1.51658e-08 0 9.03149e-09)
(7.37945e-09 0 4.43012e-09)
(3.47141e-09 0 2.10046e-09)
(1.56857e-09 0 9.562e-10)
(6.53824e-10 0 4.01048e-10)
(1.76401e-10 0 1.08593e-10)
(1.1051e-05 0 5.92171e-06)
(1.39586e-05 0 7.37758e-06)
(1.60414e-05 0 8.4147e-06)
(1.73009e-05 0 9.03616e-06)
(1.76816e-05 0 9.22083e-06)
(1.72286e-05 0 8.99272e-06)
(1.60718e-05 0 8.41422e-06)
(1.43972e-05 0 7.57379e-06)
(1.24133e-05 0 6.57123e-06)
(1.03195e-05 0 5.50371e-06)
(8.28309e-06 0 4.45475e-06)
(6.42629e-06 0 3.48751e-06)
(4.82313e-06 0 2.64245e-06)
(3.50413e-06 0 1.93866e-06)
(2.46561e-06 0 1.37767e-06)
(1.6808e-06 0 9.48487e-07)
(1.11034e-06 0 6.32738e-07)
(7.10896e-07 0 4.09025e-07)
(4.41152e-07 0 2.56218e-07)
(2.65337e-07 0 1.5552e-07)
(1.54669e-07 0 9.14617e-08)
(8.73685e-08 0 5.21102e-08)
(4.78173e-08 0 2.87591e-08)
(2.53521e-08 0 1.53719e-08)
(1.30178e-08 0 7.95598e-09)
(6.47104e-09 0 3.98567e-09)
(3.10978e-09 0 1.92994e-09)
(1.43483e-09 0 8.96853e-10)
(6.09523e-10 0 3.83235e-10)
(1.66668e-10 0 1.05156e-10)
(5.54657e-06 0 3.13044e-06)
(7.16701e-06 0 3.99331e-06)
(8.40493e-06 0 4.64701e-06)
(9.24948e-06 0 5.08728e-06)
(9.64796e-06 0 5.29098e-06)
(9.59762e-06 0 5.25916e-06)
(9.14315e-06 0 5.0157e-06)
(8.36599e-06 0 4.6022e-06)
(7.36866e-06 0 4.07077e-06)
(6.25821e-06 0 3.4762e-06)
(5.13195e-06 0 2.86901e-06)
(4.06765e-06 0 2.29046e-06)
(3.11883e-06 0 1.76993e-06)
(2.31476e-06 0 1.32445e-06)
(1.66379e-06 0 9.60083e-07)
(1.15858e-06 0 6.7434e-07)
(7.81796e-07 0 4.58995e-07)
(5.11292e-07 0 3.0278e-07)
(3.24104e-07 0 1.93572e-07)
(1.99132e-07 0 1.19932e-07)
(1.18581e-07 0 7.20071e-08)
(6.84332e-08 0 4.18901e-08)
(3.82677e-08 0 2.36093e-08)
(2.07318e-08 0 1.28891e-08)
(1.08788e-08 0 6.81458e-09)
(5.52676e-09 0 3.48773e-09)
(2.71431e-09 0 1.72531e-09)
(1.2792e-09 0 8.18647e-10)
(5.53899e-10 0 3.56446e-10)
(1.53494e-10 0 9.91013e-11)
(2.70502e-06 0 1.60523e-06)
(3.574e-06 0 2.09577e-06)
(4.27451e-06 0 2.48707e-06)
(4.79712e-06 0 2.77455e-06)
(5.1044e-06 0 2.94018e-06)
(5.18193e-06 0 2.97797e-06)
(5.03969e-06 0 2.89448e-06)
(4.70908e-06 0 2.70719e-06)
(4.2366e-06 0 2.44129e-06)
(3.67585e-06 0 2.12571e-06)
(3.07974e-06 0 1.78917e-06)
(2.49417e-06 0 1.45687e-06)
(1.95406e-06 0 1.14838e-06)
(1.48191e-06 0 8.76706e-07)
(1.0884e-06 0 6.48443e-07)
(7.74443e-07 0 4.64775e-07)
(5.33994e-07 0 3.22873e-07)
(3.56861e-07 0 2.17407e-07)
(2.31161e-07 0 1.41897e-07)
(1.45141e-07 0 8.97673e-08)
(8.83296e-08 0 5.50396e-08)
(5.2099e-08 0 3.27038e-08)
(2.97785e-08 0 1.8829e-08)
(1.64913e-08 0 1.05024e-08)
(8.84679e-09 0 5.67402e-09)
(4.59506e-09 0 2.96772e-09)
(2.30708e-09 0 1.50022e-09)
(1.11088e-09 0 7.27003e-10)
(4.90367e-10 0 3.22573e-10)
(1.37703e-10 0 9.08606e-11)
(1.28221e-06 0 7.9883e-07)
(1.73145e-06 0 1.0669e-06)
(2.1107e-06 0 1.29046e-06)
(2.4143e-06 0 1.4664e-06)
(2.61933e-06 0 1.58276e-06)
(2.71254e-06 0 1.63314e-06)
(2.69231e-06 0 1.61749e-06)
(2.5684e-06 0 1.54195e-06)
(2.35987e-06 0 1.41761e-06)
(2.0916e-06 0 1.2587e-06)
(1.79045e-06 0 1.08052e-06)
(1.48169e-06 0 8.97515e-07)
(1.1863e-06 0 7.21805e-07)
(9.19462e-07 0 5.62297e-07)
(6.90199e-07 0 4.24451e-07)
(5.0196e-07 0 3.10532e-07)
(3.53774e-07 0 2.20226e-07)
(2.41666e-07 0 1.51408e-07)
(1.60021e-07 0 1.00915e-07)
(1.02712e-07 0 6.52038e-08)
(6.39055e-08 0 4.08388e-08)
(3.85382e-08 0 2.47918e-08)
(2.25233e-08 0 1.45854e-08)
(1.27553e-08 0 8.31445e-09)
(6.99784e-09 0 4.59141e-09)
(3.71736e-09 0 2.45489e-09)
(1.90866e-09 0 1.26848e-09)
(9.39216e-10 0 6.27921e-10)
(4.22694e-10 0 2.83937e-10)
(1.20272e-10 0 8.10158e-11)
(5.90855e-07 0 3.85927e-07)
(8.15066e-07 0 5.26989e-07)
(1.01215e-06 0 6.4932e-07)
(1.17937e-06 0 7.51232e-07)
(1.30399e-06 0 8.25595e-07)
(1.37697e-06 0 8.676e-07)
(1.39433e-06 0 8.75445e-07)
(1.35769e-06 0 8.50534e-07)
(1.27377e-06 0 7.97162e-07)
(1.15316e-06 0 7.21774e-07)
(1.00853e-06 0 6.31987e-07)
(8.52876e-07 0 5.35563e-07)
(6.97894e-07 0 4.39508e-07)
(5.52898e-07 0 3.49438e-07)
(4.24271e-07 0 2.69256e-07)
(3.15449e-07 0 2.01117e-07)
(2.27304e-07 0 1.45642e-07)
(1.58761e-07 0 1.02262e-07)
(1.07494e-07 0 6.96204e-08)
(7.05563e-08 0 4.5956e-08)
(4.48943e-08 0 2.94104e-08)
(2.76897e-08 0 1.82459e-08)
(1.65528e-08 0 1.09718e-08)
(9.58915e-09 0 6.39385e-09)
(5.38198e-09 0 3.61e-09)
(2.92495e-09 0 1.97362e-09)
(1.53624e-09 0 1.04265e-09)
(7.72721e-10 0 5.27318e-10)
(3.54588e-10 0 2.43013e-10)
(1.02219e-10 0 7.02286e-11)
(2.64723e-07 0 1.81048e-07)
(3.72872e-07 0 2.5262e-07)
(4.71416e-07 0 3.16894e-07)
(5.59277e-07 0 3.73108e-07)
(6.29911e-07 0 4.17349e-07)
(6.77979e-07 0 4.46559e-07)
(7.00173e-07 0 4.58979e-07)
(6.95703e-07 0 4.54399e-07)
(6.66349e-07 0 4.34146e-07)
(6.161e-07 0 4.00848e-07)
(5.50482e-07 0 3.58018e-07)
(4.7571e-07 0 3.09555e-07)
(3.97866e-07 0 2.59255e-07)
(3.22223e-07 0 2.10406e-07)
(2.52801e-07 0 1.65525e-07)
(1.92192e-07 0 1.26253e-07)
(1.41621e-07 0 9.33791e-08)
(1.01163e-07 0 6.69763e-08)
(7.00571e-08 0 4.65869e-08)
(4.70362e-08 0 3.14241e-08)
(3.06163e-08 0 2.05537e-08)
(1.9319e-08 0 1.30345e-08)
(1.18163e-08 0 8.01344e-09)
(7.00453e-09 0 4.77513e-09)
(4.02312e-09 0 2.75723e-09)
(2.23756e-09 0 1.54172e-09)
(1.20248e-09 0 8.32921e-10)
(6.18368e-10 0 4.30437e-10)
(2.89339e-10 0 2.02167e-10)
(8.44934e-11 0 5.91646e-11)
(1.15327e-07 0 8.24869e-08)
(1.65786e-07 0 1.17537e-07)
(2.1328e-07 0 1.50024e-07)
(2.57496e-07 0 1.79673e-07)
(2.95294e-07 0 2.04485e-07)
(3.23826e-07 0 2.22713e-07)
(3.40964e-07 0 2.33119e-07)
(3.45617e-07 0 2.35149e-07)
(3.37886e-07 0 2.29009e-07)
(3.19016e-07 0 2.15613e-07)
(2.91179e-07 0 1.9644e-07)
(2.57129e-07 0 1.73311e-07)
(2.19812e-07 0 1.48147e-07)
(1.81998e-07 0 1.22747e-07)
(1.46003e-07 0 9.86046e-08)
(1.13516e-07 0 7.68149e-08)
(8.5555e-08 0 5.80376e-08)
(6.25149e-08 0 4.25322e-08)
(4.429e-08 0 3.02327e-08)
(3.04244e-08 0 2.08434e-08)
(2.02639e-08 0 1.39368e-08)
(1.30852e-08 0 9.03676e-09)
(8.19113e-09 0 5.6814e-09)
(4.96992e-09 0 3.46266e-09)
(2.92199e-09 0 2.04525e-09)
(1.66358e-09 0 1.16992e-09)
(9.1498e-10 0 6.46484e-10)
(4.81123e-10 0 3.4142e-10)
(2.29552e-10 0 1.63428e-10)
(6.78958e-11 0 4.84249e-11)
(4.88556e-08 0 3.65011e-08)
(7.16434e-08 0 5.30817e-08)
(9.37347e-08 0 6.89e-08)
(1.15109e-07 0 8.38974e-08)
(1.3435e-07 0 9.71139e-08)
(1.50056e-07 0 1.07634e-07)
(1.61033e-07 0 1.14711e-07)
(1.66477e-07 0 1.17877e-07)
(1.66087e-07 0 1.17007e-07)
(1.60105e-07 0 1.12331e-07)
(1.49268e-07 0 1.04397e-07)
(1.34688e-07 0 9.39864e-08)
(1.17689e-07 0 8.20068e-08)
(9.96247e-08 0 6.93745e-08)
(8.17283e-08 0 5.69155e-08)
(6.4992e-08 0 4.52919e-08)
(5.01082e-08 0 3.49638e-08)
(3.74602e-08 0 2.61847e-08)
(2.71563e-08 0 1.90244e-08)
(1.90906e-08 0 1.34088e-08)
(1.30138e-08 0 9.16743e-09)
(8.60182e-09 0 6.07909e-09)
(5.51232e-09 0 3.90929e-09)
(3.42424e-09 0 2.43747e-09)
(2.06135e-09 0 1.47307e-09)
(1.20165e-09 0 8.62188e-10)
(6.76558e-10 0 4.87399e-10)
(3.63812e-10 0 2.63075e-10)
(1.76995e-10 0 1.28332e-10)
(5.3015e-11 0 3.84938e-11)
(2.01254e-08 0 1.56877e-08)
(3.00914e-08 0 2.32688e-08)
(4.00189e-08 0 3.0697e-08)
(4.99638e-08 0 3.79869e-08)
(5.93264e-08 0 4.47062e-08)
(6.74621e-08 0 5.04076e-08)
(7.37655e-08 0 5.46874e-08)
(7.77556e-08 0 5.72408e-08)
(7.91457e-08 0 5.79052e-08)
(7.78848e-08 0 5.66822e-08)
(7.41616e-08 0 5.37359e-08)
(6.83732e-08 0 4.93674e-08)
(6.10642e-08 0 4.39714e-08)
(5.285e-08 0 3.79838e-08)
(4.43392e-08 0 3.18291e-08)
(3.60668e-08 0 2.58773e-08)
(2.84493e-08 0 2.04137e-08)
(2.17632e-08 0 1.56261e-08)
(1.61466e-08 0 1.16064e-08)
(1.16184e-08 0 8.36466e-09)
(8.10779e-09 0 5.84872e-09)
(5.48679e-09 0 3.96721e-09)
(3.60033e-09 0 2.61008e-09)
(2.29034e-09 0 1.66524e-09)
(1.41206e-09 0 1.02991e-09)
(8.43028e-10 0 6.16926e-10)
(4.85965e-10 0 3.56831e-10)
(2.67268e-10 0 1.96856e-10)
(1.32578e-10 0 9.78569e-11)
(4.02077e-11 0 2.97084e-11)
(8.06148e-09 0 6.54822e-09)
(1.2284e-08 0 9.90019e-09)
(1.65973e-08 0 1.3267e-08)
(2.10578e-08 0 1.66776e-08)
(2.54269e-08 0 1.99488e-08)
(2.94272e-08 0 2.28765e-08)
(3.27747e-08 0 2.52594e-08)
(3.52162e-08 0 2.69257e-08)
(3.65645e-08 0 2.77564e-08)
(3.67255e-08 0 2.77018e-08)
(3.57113e-08 0 2.67885e-08)
(3.36373e-08 0 2.51148e-08)
(3.07045e-08 0 2.28364e-08)
(2.71698e-08 0 2.0145e-08)
(2.33122e-08 0 1.72439e-08)
(1.93984e-08 0 1.43248e-08)
(1.56564e-08 0 1.15494e-08)
(1.2257e-08 0 9.03766e-09)
(9.30818e-09 0 6.86385e-09)
(6.8568e-09 0 5.05905e-09)
(4.8993e-09 0 3.61842e-09)
(3.39521e-09 0 2.51109e-09)
(2.28174e-09 0 1.69055e-09)
(1.48679e-09 0 1.10387e-09)
(9.38993e-10 0 6.98817e-10)
(5.74252e-10 0 4.28478e-10)
(3.38981e-10 0 2.53606e-10)
(1.90684e-10 0 1.43004e-10)
(9.64377e-11 0 7.24333e-11)
(2.96079e-11 0 2.22523e-11)
(3.13986e-09 0 2.65438e-09)
(4.87358e-09 0 4.08803e-09)
(6.68662e-09 0 5.56186e-09)
(8.61734e-09 0 7.0994e-09)
(1.05773e-08 0 8.62807e-09)
(1.24544e-08 0 1.00604e-08)
(1.41247e-08 0 1.13032e-08)
(1.54667e-08 0 1.22689e-08)
(1.63773e-08 0 1.28866e-08)
(1.67864e-08 0 1.3112e-08)
(1.66667e-08 0 1.29335e-08)
(1.60374e-08 0 1.23739e-08)
(1.49613e-08 0 1.14864e-08)
(1.35355e-08 0 1.03482e-08)
(1.18777e-08 0 9.04927e-09)
(1.01112e-08 0 7.68202e-09)
(8.35066e-09 0 6.33096e-09)
(6.69126e-09 0 5.06519e-09)
(5.20194e-09 0 3.93403e-09)
(3.92355e-09 0 2.96594e-09)
(2.87094e-09 0 2.17032e-09)
(2.03777e-09 0 1.54122e-09)
(1.40286e-09 0 1.06196e-09)
(9.36515e-10 0 7.09813e-10)
(6.06013e-10 0 4.60029e-10)
(3.79717e-10 0 2.88764e-10)
(2.29566e-10 0 1.7491e-10)
(1.32089e-10 0 1.0081e-10)
(6.81031e-11 0 5.20219e-11)
(2.11622e-11 0 1.61693e-11)
(1.18909e-09 0 1.04478e-09)
(1.87909e-09 0 1.6381e-09)
(2.6167e-09 0 2.26152e-09)
(3.42395e-09 0 2.93001e-09)
(4.27055e-09 0 3.61685e-09)
(5.1143e-09 0 4.28697e-09)
(5.90451e-09 0 4.90008e-09)
(6.58726e-09 0 5.41497e-09)
(7.11187e-09 0 5.79447e-09)
(7.43755e-09 0 6.01031e-09)
(7.53901e-09 0 6.04694e-09)
(7.4101e-09 0 5.90371e-09)
(7.06462e-09 0 5.59494e-09)
(6.53433e-09 0 5.14794e-09)
(5.86439e-09 0 4.59931e-09)
(5.10733e-09 0 3.99025e-09)
(4.31656e-09 0 3.36173e-09)
(3.54045e-09 0 2.75025e-09)
(2.81804e-09 0 2.18474e-09)
(2.17662e-09 0 1.68503e-09)
(1.63129e-09 0 1.26167e-09)
(1.18616e-09 0 9.1695e-10)
(8.36674e-10 0 6.46734e-10)
(5.7236e-10 0 4.42557e-10)
(3.79567e-10 0 2.9367e-10)
(2.43724e-10 0 1.88734e-10)
(1.50935e-10 0 1.16996e-10)
(8.88362e-11 0 6.89182e-11)
(4.66892e-11 0 3.62274e-11)
(1.46805e-11 0 1.13904e-11)
(4.3786e-10 0 3.9924e-10)
(7.04112e-10 0 6.36853e-10)
(9.94686e-10 0 8.91744e-10)
(1.32096e-09 0 1.17223e-09)
(1.67358e-09 0 1.46929e-09)
(2.03781e-09 0 1.76986e-09)
(2.39431e-09 0 2.05764e-09)
(2.72083e-09 0 2.31463e-09)
(2.99452e-09 0 2.52307e-09)
(3.1947e-09 0 2.66761e-09)
(3.3056e-09 0 2.7373e-09)
(3.31851e-09 0 2.72708e-09)
(3.23303e-09 0 2.63847e-09)
(3.05717e-09 0 2.47943e-09)
(2.80615e-09 0 2.26325e-09)
(2.50037e-09 0 2.0068e-09)
(2.16276e-09 0 1.72846e-09)
(1.81599e-09 0 1.44604e-09)
(1.48012e-09 0 1.17496e-09)
(1.17094e-09 0 9.27144e-10)
(8.99041e-10 0 7.10376e-10)
(6.69853e-10 0 5.28415e-10)
(4.84242e-10 0 3.81518e-10)
(3.39563e-10 0 2.67286e-10)
(2.30851e-10 0 1.81601e-10)
(1.51953e-10 0 1.19487e-10)
(9.64185e-11 0 7.5796e-11)
(5.80574e-11 0 4.56242e-11)
(3.11008e-11 0 2.44245e-11)
(9.89206e-12 0 7.76757e-12)
(1.56841e-10 0 1.4802e-10)
(2.56518e-10 0 2.40073e-10)
(3.67451e-10 0 3.40784e-10)
(4.95068e-10 0 4.54348e-10)
(6.36913e-10 0 5.7808e-10)
(7.88296e-10 0 7.0748e-10)
(9.42374e-10 0 8.36414e-10)
(1.09058e-09 0 9.57557e-10)
(1.22337e-09 0 1.06308e-09)
(1.33127e-09 0 1.14552e-09)
(1.406e-09 0 1.19868e-09)
(1.4416e-09 0 1.21846e-09)
(1.43522e-09 0 1.20338e-09)
(1.38755e-09 0 1.15484e-09)
(1.30273e-09 0 1.07692e-09)
(1.18778e-09 0 9.75841e-10)
(1.05169e-09 0 8.59186e-10)
(9.04245e-10 0 7.34972e-10)
(7.54921e-10 0 6.10776e-10)
(6.11922e-10 0 4.93016e-10)
(4.81526e-10 0 3.86489e-10)
(3.67803e-10 0 2.9419e-10)
(2.7265e-10 0 2.17384e-10)
(1.96095e-10 0 1.5588e-10)
(1.36757e-10 0 1.08403e-10)
(9.23377e-11 0 7.29937e-11)
(6.00683e-11 0 4.7361e-11)
(3.70175e-11 0 2.91178e-11)
(2.0212e-11 0 1.58702e-11)
(6.49902e-12 0 5.1061e-12)
(5.48638e-11 0 5.30366e-11)
(9.12214e-11 0 8.74007e-11)
(1.32437e-10 0 1.25714e-10)
(1.8096e-10 0 1.69926e-10)
(2.36345e-10 0 2.1938e-10)
(2.97286e-10 0 2.72682e-10)
(3.61562e-10 0 3.27701e-10)
(4.26105e-10 0 3.81668e-10)
(4.87204e-10 0 4.31389e-10)
(5.40843e-10 0 4.73557e-10)
(5.8314e-10 0 5.05116e-10)
(6.10819e-10 0 5.23646e-10)
(6.2164e-10 0 5.27672e-10)
(6.14713e-10 0 5.16877e-10)
(5.90626e-10 0 4.92153e-10)
(5.51371e-10 0 4.55485e-10)
(5.00086e-10 0 4.09703e-10)
(4.40638e-10 0 3.58123e-10)
(3.77152e-10 0 3.04157e-10)
(3.13548e-10 0 2.50954e-10)
(2.53157e-10 0 2.01111e-10)
(1.98478e-10 0 1.56504e-10)
(1.51074e-10 0 1.18236e-10)
(1.11603e-10 0 8.66834e-11)
(7.99625e-11 0 6.1628e-11)
(5.54663e-11 0 4.24153e-11)
(3.70439e-11 0 2.81139e-11)
(2.33876e-11 0 1.76353e-11)
(1.30188e-11 0 9.78214e-12)
(4.22657e-12 0 3.1879e-12)
(1.93557e-11 0 1.77926e-11)
(3.27012e-11 0 2.97658e-11)
(4.80756e-11 0 4.33734e-11)
(6.65888e-11 0 5.94123e-11)
(8.82764e-11 0 7.7781e-11)
(1.12858e-10 0 9.81101e-11)
(1.39685e-10 0 1.19737e-10)
(1.67728e-10 0 1.41717e-10)
(1.95609e-10 0 1.62874e-10)
(2.21703e-10 0 1.81899e-10)
(2.44284e-10 0 1.97481e-10)
(2.61713e-10 0 2.08458e-10)
(2.72637e-10 0 2.13961e-10)
(2.76166e-10 0 2.13534e-10)
(2.71993e-10 0 2.07197e-10)
(2.60446e-10 0 1.9545e-10)
(2.42443e-10 0 1.79211e-10)
(2.19375e-10 0 1.59697e-10)
(1.9293e-10 0 1.38279e-10)
(1.64889e-10 0 1.16319e-10)
(1.36931e-10 0 9.5035e-11)
(1.10472e-10 0 7.53958e-11)
(8.65652e-11 0 5.80643e-11)
(6.58578e-11 0 4.33897e-11)
(4.8605e-11 0 3.14377e-11)
(3.47237e-11 0 2.20453e-11)
(2.38618e-11 0 1.48827e-11)
(1.54601e-11 0 9.50353e-12)
(8.78037e-12 0 5.36333e-12)
(2.87728e-12 0 1.7777e-12)
(8.6009e-12 0 3.97761e-12)
(1.47166e-11 0 6.75903e-12)
(2.18318e-11 0 1.00063e-11)
(3.05804e-11 0 1.39008e-11)
(4.10768e-11 0 1.84446e-11)
(5.33012e-11 0 2.35759e-11)
(6.70619e-11 0 2.91576e-11)
(8.19693e-11 0 3.49743e-11)
(9.74315e-11 0 4.07407e-11)
(1.12677e-10 0 4.61205e-11)
(1.26811e-10 0 5.07578e-11)
(1.38893e-10 0 5.43152e-11)
(1.48045e-10 0 5.65148e-11)
(1.5355e-10 0 5.71748e-11)
(1.54953e-10 0 5.62347e-11)
(1.52115e-10 0 5.37653e-11)
(1.45245e-10 0 4.99606e-11)
(1.34869e-10 0 4.5113e-11)
(1.21767e-10 0 3.95765e-11)
(1.06873e-10 0 3.3724e-11)
(9.11672e-11 0 2.79066e-11)
(7.55692e-11 0 2.24194e-11)
(6.08491e-11 0 1.74807e-11)
(4.75725e-11 0 1.3223e-11)
(3.60762e-11 0 9.6966e-12)
(2.64723e-11 0 6.88143e-12)
(1.86685e-11 0 4.70266e-12)
(1.23924e-11 0 3.04363e-12)
(7.19734e-12 0 1.74803e-12)
(2.43326e-12 0 5.92281e-13)
)
;

boundaryField
{
    inlet
    {
        type            cellMotion;
        value           uniform (0 0 0);
    }
    outlet
    {
        type            cellMotion;
        value           uniform (0 0 0);
    }
    flap
    {
        type            cellMotion;
        value           nonuniform List<vector> 
33
(
(0.000289839 0 0.000209344)
(0.00095257 0 0.000508931)
(0.00170433 0 0.000608216)
(0.00236709 0 0.000583951)
(0.00281555 0 0.000514222)
(0.00303968 0 0.000465438)
(0.003117 0 0.000484788)
(0.00319753 0 0.000572242)
(0.00337734 0 0.00066806)
(0.00361186 0 0.000720249)
(0.00381671 0 0.000726987)
(0.00394025 0 0.000705537)
(0.00395215 0 0.000670856)
(0.00386064 0 0.000640937)
(0.00366171 0 0.000631577)
(0.00355225 0 0.00067284)
(0.00357389 0 0.000766661)
(0.00354941 0 0.000879362)
(0.000270356 0 -0.00016493)
(0.000911854 0 -0.000369719)
(0.00165959 0 -0.000359819)
(0.00231912 0 -0.000209071)
(0.0027664 0 2.25946e-06)
(0.00299194 0 0.000199409)
(0.00307442 0 0.000322616)
(0.00316223 0 0.000361346)
(0.00334806 0 0.000373206)
(0.00358578 0 0.000416015)
(0.00379289 0 0.000497945)
(0.00391849 0 0.000604451)
(0.00393277 0 0.000720831)
(0.00384444 0 0.000822506)
(0.00365213 0 0.000901604)
)
;
    }
    upperWall
    {
        type            slip;
    }
    lowerWall
    {
        type            slip;
    }
    frontAndBack
    {
        type            empty;
    }
}


// ************************************************************************* //
