/*--------------------------------*- C++ -*----------------------------------*\
| =========                 |                                                 |
| \\      /  F ield         | OpenFOAM: The Open Source CFD Toolbox           |
|  \\    /   O peration     | Version:  2012                                  |
|   \\  /    A nd           | Website:  www.openfoam.com                      |
|    \\/     M anipulation  |                                                 |
\*---------------------------------------------------------------------------*/
FoamFile
{
    version     2.0;
    format      ascii;
    class       surfaceScalarField;
    location    "0.1";
    object      meshPhi;
}
// * * * * * * * * * * * * * * * * * * * * * * * * * * * * * * * * * * * * * //

dimensions      [0 3 -1 0 0 0 0];
oriented        oriented;


internalField   nonuniform List<scalar> 
5457
(
3.4442e-10
4.81601e-12
1.06465e-09
1.96056e-11
2.90958e-09
5.55645e-11
7.57454e-09
1.47761e-10
1.88976e-08
3.7657e-10
4.52308e-08
9.2167e-10
1.03914e-07
2.16819e-09
2.29262e-07
4.90609e-09
4.85962e-07
1.06866e-08
9.90088e-07
2.24279e-08
1.93962e-06
4.53957e-08
3.65501e-06
8.87145e-08
6.62699e-06
1.67597e-07
1.15638e-05
3.06504e-07
1.94225e-05
5.43483e-07
3.14005e-05
9.36e-07
4.88576e-05
1.56871e-06
7.31367e-05
2.56382e-06
0.000105257
4.09491e-06
0.000145475
6.40527e-06
0.000192739
9.83092e-06
0.000244114
1.48266e-05
0.000294318
2.19865e-05
0.000335599
3.2039e-05
0.0003583
4.57712e-05
0.000352571
6.38022e-05
0.000311841
8.60755e-05
0.000238898
0.000110899
0.000156682
0.000133388
0.00015065
2.82474e-10
8.69663e-12
8.84299e-10
3.55604e-11
2.44509e-09
1.01329e-10
6.4364e-09
2.7087e-10
1.62345e-08
6.93844e-10
3.92775e-08
1.70675e-09
9.11987e-08
4.03481e-09
2.03316e-07
9.17345e-09
4.35397e-07
2.00737e-08
8.96007e-07
4.23127e-08
1.77263e-06
8.59932e-08
3.37259e-06
1.68678e-07
6.17274e-06
3.19712e-07
1.08711e-05
5.86321e-07
1.84256e-05
1.04191e-06
3.00581e-05
1.79703e-06
4.71924e-05
3.01375e-06
7.1295e-05
4.92424e-06
0.000103592
7.85503e-06
0.000144656
1.22582e-05
0.000193886
1.87502e-05
0.000248956
2.81535e-05
0.000305361
4.15284e-05
0.000356285
6.01561e-05
0.000393092
8.53921e-05
0.000406881
0.000118231
0.000391636
0.000158333
0.000349512
0.000202283
0.000298717
0.000241526
0.000268332
2.34027e-10
1.18257e-11
7.42666e-10
4.85783e-11
2.07916e-09
1.39195e-10
5.53834e-09
3.74086e-10
1.41321e-08
9.63268e-10
3.45816e-08
2.38173e-09
8.11938e-08
5.65892e-09
1.82995e-07
1.29288e-08
3.96082e-07
2.84233e-08
8.23659e-07
6.01748e-08
1.64628e-06
1.22786e-07
3.16384e-06
2.41704e-07
5.84838e-06
4.59498e-07
1.04015e-05
8.44625e-07
1.78037e-05
1.50316e-06
2.93333e-05
2.59391e-06
4.65268e-05
4.34746e-06
7.10482e-05
7.08968e-06
0.000104441
1.12708e-05
0.000147759
1.75009e-05
0.000201094
2.65913e-05
0.000263076
3.95965e-05
0.000330461
5.78409e-05
0.000397975
8.28849e-05
0.000458652
0.000116336
0.000504963
0.000159306
0.000531024
0.000211157
0.000536009
0.000267124
0.000528267
0.000315458
0.000346137
2.08904e-10
1.45301e-11
6.68281e-10
5.99168e-11
1.88586e-09
1.72494e-10
5.06327e-09
4.65727e-10
1.30218e-08
1.20475e-09
3.21148e-08
2.99234e-09
7.59904e-08
7.14145e-09
1.72596e-07
1.63865e-08
3.76455e-07
3.61734e-08
7.88858e-07
7.68767e-08
1.58881e-06
1.5741e-07
3.07686e-06
3.1079e-07
5.73162e-06
5.92246e-07
1.0274e-05
1.09041e-06
1.77274e-05
1.94195e-06
2.94533e-05
3.34974e-06
4.71343e-05
5.60449e-06
7.2674e-05
9.10946e-06
0.000107988
1.44081e-05
0.000154682
2.22137e-05
0.000213637
3.3439e-05
0.000284567
4.92193e-05
0.00036565
7.09129e-05
0.000453333
0.00010004
0.000542444
0.000138079
0.000626643
0.000185937
0.00069919
0.000242706
0.000753897
0.000303112
0.000786496
0.000354136
0.000382698
1.87993e-10
1.68555e-11
6.05869e-10
6.97368e-11
1.72354e-09
2.01615e-10
4.66507e-09
5.46672e-10
1.20948e-08
1.42019e-09
3.00684e-08
3.54256e-09
7.17162e-08
8.49034e-09
1.64179e-07
1.95619e-08
3.60916e-07
4.33532e-08
7.62216e-07
9.24745e-08
1.54712e-06
1.89976e-07
3.0195e-06
3.76155e-07
5.66884e-06
7.18402e-07
1.0242e-05
1.3246e-06
1.78154e-05
2.36019e-06
2.98475e-05
4.06839e-06
4.81853e-05
6.79257e-06
7.49939e-05
1.09988e-05
0.000112583
1.72966e-05
0.000163122
2.64536e-05
0.000228273
3.94015e-05
0.000308784
5.72223e-05
0.000404131
8.11021e-05
0.000512274
0.000112225
0.000629518
0.000151559
0.000750305
0.000199431
0.00086656
0.000254588
0.000966309
0.000312078
0.00103325
0.000359963
0.000389254
1.70475e-10
1.88397e-11
5.53275e-10
7.81715e-11
1.58647e-09
2.26861e-10
4.3288e-09
6.17547e-10
1.13134e-08
1.61075e-09
2.83505e-08
4.03416e-09
6.81547e-08
9.70759e-09
1.57251e-07
2.24552e-08
3.48374e-07
4.99558e-08
7.41402e-07
1.06942e-07
1.51639e-06
2.20417e-07
2.98207e-06
4.3766e-07
5.64118e-06
8.37744e-07
1.02699e-05
1.54696e-06
1.80018e-05
2.75793e-06
3.0397e-05
4.7512e-06
4.94702e-05
7.91686e-06
7.76446e-05
1.27725e-05
0.000117604
1.99728e-05
0.000172034
3.03042e-05
0.000243265
4.46578e-05
0.000332869
6.39687e-05
0.000441273
8.91073e-05
0.000567442
0.000120705
0.000708556
0.000158905
0.000859391
0.000203025
0.00101072
0.00025103
0.00114623
0.000298301
0.00124052
0.000335335
0.000355288
1.55664e-10
2.05167e-11
5.08542e-10
8.53407e-11
1.46938e-09
2.48491e-10
4.0406e-09
6.78817e-10
1.06422e-08
1.77704e-09
2.68743e-08
4.46734e-09
6.50989e-08
1.07907e-08
1.51334e-07
2.50546e-08
3.37767e-07
5.59431e-08
7.24128e-07
1.20177e-07
1.49186e-06
2.48491e-07
2.95499e-06
4.94799e-07
5.62993e-06
9.49294e-07
1.03223e-05
1.75578e-06
1.8222e-05
3.13259e-06
3.09873e-05
5.39496e-06
5.07915e-05
8.97502e-06
8.02948e-05
1.44336e-05
0.000122512
2.24563e-05
0.000180557
3.38254e-05
0.00025727
4.93568e-05
0.000354773
6.979e-05
0.000474007
9.5614e-05
0.000614306
0.000126817
0.000772959
0.000162568
0.000944446
0.000200904
0.00111849
0.000238567
0.00127592
0.000270901
0.00138541
0.00029156
0.00029628
1.43005e-10
2.19223e-11
4.70014e-10
9.13667e-11
1.36773e-09
2.66767e-10
3.78848e-09
7.3093e-10
1.00507e-08
1.91957e-09
2.55635e-08
4.84171e-09
6.23654e-08
1.1735e-08
1.46002e-07
2.7341e-08
3.28135e-07
6.12565e-08
7.08306e-07
1.32024e-07
1.46913e-06
2.73827e-07
2.92936e-06
5.4675e-07
5.61773e-06
1.05138e-06
1.03665e-05
1.94793e-06
1.84165e-05
3.4787e-06
3.15145e-05
5.99097e-06
5.19741e-05
9.95465e-06
8.26617e-05
1.5967e-05
0.000126869
2.47344e-05
0.000188044
3.70201e-05
0.000269386
5.35463e-05
0.000373322
7.48393e-05
0.000500928
0.000101003
0.000651363
0.000131411
0.000821315
0.000164333
0.00100424
0.000196627
0.00118854
0.000223832
0.00135312
0.000241186
0.00146355
0.000245774
0.00023983
1.32071e-10
2.30962e-11
4.36394e-10
9.63933e-11
1.27797e-09
2.82008e-10
3.56301e-09
7.74474e-10
9.51442e-09
2.03912e-09
2.43571e-08
5.1574e-09
5.98065e-08
1.25364e-08
1.40907e-07
2.92953e-08
3.18685e-07
6.58325e-08
6.92191e-07
1.42305e-07
1.44451e-06
2.9598e-07
2.89759e-06
5.92498e-07
5.58957e-06
1.14186e-06
1.03741e-05
2.11916e-06
1.85337e-05
3.78843e-06
3.18885e-05
6.52565e-06
5.28692e-05
1.08338e-05
8.45112e-05
1.73397e-05
0.000130328
2.6761e-05
0.000194024
3.98297e-05
0.000279041
5.71615e-05
0.000387952
7.90633e-05
0.000521756
0.000105273
0.000679146
0.000134637
0.000855818
0.000164755
0.00104371
0.000191743
0.00122954
0.000210555
0.00139085
0.000216763
0.001493
0.000210457
0.000195192
1.22566e-10
2.40874e-11
4.06782e-10
1.00599e-10
1.19764e-09
2.94636e-10
3.35768e-09
8.10314e-10
9.01662e-09
2.13718e-09
2.3213e-08
5.41621e-09
5.7318e-08
1.31944e-08
1.35799e-07
3.09056e-08
3.08837e-07
6.96202e-08
6.74479e-07
1.50861e-07
1.41514e-06
3.14521e-07
2.85374e-06
6.31008e-07
5.53356e-06
1.21843e-06
1.03221e-05
2.26474e-06
1.85315e-05
4.05264e-06
3.20359e-05
6.98248e-06
5.33542e-05
1.15842e-05
8.56514e-05
1.85065e-05
0.00013261
2.84678e-05
0.000198126
4.21569e-05
0.000285812
6.00709e-05
0.000398315
8.22918e-05
0.000536505
0.00010821
0.000698595
0.000136228
0.000879301
0.000163513
0.00106902
0.000185984
0.00125261
0.000198961
0.00140651
0.000199413
0.00149768
0.000190119
0.000178294
1.14318e-10
2.49553e-11
3.80662e-10
1.0421e-10
1.12538e-09
3.05221e-10
3.169e-09
8.39735e-10
8.54841e-09
2.21639e-09
2.21086e-08
5.62279e-09
5.48439e-08
1.37156e-08
1.30542e-07
3.21751e-08
2.98259e-07
7.26008e-08
6.54388e-07
1.57595e-07
1.37927e-06
3.29138e-07
2.79395e-06
6.61437e-07
5.44161e-06
1.27909e-06
1.01945e-05
2.38029e-06
1.8379e-05
4.26255e-06
3.19007e-05
7.34503e-06
5.33337e-05
1.21773e-05
8.5929e-05
1.94205e-05
0.000133485
2.97834e-05
0.000200032
4.39009e-05
0.000289304
6.2144e-05
0.000404005
8.43715e-05
0.000544913
0.000109649
0.00070991
0.000136005
0.000893015
0.000160334
0.00108349
0.00017869
0.0012648
0.000187344
0.00141293
0.000185205
0.00149768
0.000177046
0.000171781
1.07271e-10
2.57739e-11
3.57894e-10
1.07514e-10
1.06091e-09
3.14516e-10
2.99645e-09
8.64546e-10
8.10884e-09
2.28078e-09
2.10419e-08
5.78553e-09
5.2378e-08
1.41156e-08
1.25113e-07
3.31295e-08
2.86883e-07
7.48063e-08
6.31707e-07
1.6252e-07
1.3363e-06
3.39739e-07
2.71667e-06
6.83372e-07
5.31e-06
1.32261e-06
9.98279e-06
2.46281e-06
1.8059e-05
4.41161e-06
3.1449e-05
7.6004e-06
5.27454e-05
1.25899e-05
8.52361e-05
2.00435e-05
0.000132778
3.06511e-05
0.000199477
4.49871e-05
0.000289145
6.33002e-05
0.000404533
8.52472e-05
0.0005464
0.000109621
0.000712481
0.000134157
0.000896465
0.000155587
0.00108705
0.000170156
0.00126707
0.00017492
0.00141268
0.000170004
0.00149639
0.000160694
0.000154872
1.01466e-10
2.6631e-11
3.38659e-10
1.10862e-10
1.00491e-09
3.23475e-10
2.84224e-09
8.87149e-10
7.70431e-09
2.33609e-09
2.00299e-08
5.91731e-09
4.99625e-08
1.44216e-08
1.1961e-07
3.38222e-08
2.74909e-07
7.63335e-08
6.06822e-07
1.65793e-07
1.28688e-06
3.46537e-07
2.6229e-06
6.97015e-07
5.1399e-06
1.34894e-06
9.6878e-06
2.51147e-06
1.75698e-05
4.49713e-06
3.0673e-05
7.74224e-06
5.15676e-05
1.28093e-05
8.35249e-05
2.03543e-05
0.000130396
3.10401e-05
0.000196296
4.53812e-05
0.000285059
6.35201e-05
0.000399475
8.49578e-05
0.000540345
0.000108299
0.000705451
0.000131119
0.000888524
0.000150108
0.00107827
0.0001617
0.00125745
0.000163359
0.0014021
0.000155482
0.00148507
0.000142972
0.000130492
9.70305e-11
2.76315e-11
3.23421e-10
1.14672e-10
9.58875e-10
3.33258e-10
2.71087e-09
9.10545e-10
7.34764e-09
2.38972e-09
1.91069e-08
6.03554e-09
4.76831e-08
1.46728e-08
1.14234e-07
3.43366e-08
2.6279e-07
7.73502e-08
5.80689e-07
1.67732e-07
1.23293e-06
3.50101e-07
2.5162e-06
7.03303e-07
4.93759e-06
1.35952e-06
9.31979e-06
2.5282e-06
1.69271e-05
4.52137e-06
2.95946e-05
7.77264e-06
4.98277e-05
1.28368e-05
8.08233e-05
2.03527e-05
0.000126356
3.09503e-05
0.000190472
4.50893e-05
0.000276964
6.28331e-05
0.000388626
8.3588e-05
0.000526346
0.000105879
0.000688136
0.000127274
0.00086817
0.00014459
0.00105585
0.000154546
0.00123468
0.000154913
0.0013807
0.00014614
0.00146466
0.000132913
0.000120694
9.41508e-11
2.89071e-11
3.12826e-10
1.19474e-10
9.24826e-10
3.45335e-10
2.60834e-09
9.38555e-10
7.05563e-09
2.45118e-09
1.83174e-08
6.16302e-09
4.56525e-08
1.49212e-08
1.09256e-07
3.47872e-08
2.51141e-07
7.80964e-08
5.54631e-07
1.68817e-07
1.17716e-06
3.51341e-07
2.40186e-06
7.03881e-07
4.71286e-06
1.35714e-06
8.89595e-06
2.51752e-06
1.61595e-05
4.4912e-06
2.82585e-05
7.70138e-06
4.75912e-05
1.26856e-05
7.72207e-05
2.00556e-05
0.000120768
3.04028e-05
0.000182123
4.41385e-05
0.000264949
6.12753e-05
0.000371974
8.11884e-05
0.000504164
0.000102429
0.000659853
0.000122702
0.000833943
0.000139113
0.00101719
0.000148794
0.00119511
0.000149893
0.00134615
0.000142865
0.00143921
0.000131999
0.000123558
0.000136486
-5.486e-05
0.000224089
-4.03974e-05
0.000301228
-2.82557e-05
0.000343495
-1.83009e-05
0.000348953
-1.11339e-05
0.00032531
-6.21536e-06
0.000283185
-3.07733e-06
0.000232603
-1.23955e-06
0.000181434
-2.6564e-07
0.000134942
1.82147e-07
9.59495e-05
3.35948e-07
6.5337e-05
3.41991e-07
4.26574e-05
2.85818e-07
2.67223e-05
2.13555e-07
1.60695e-05
1.47234e-07
9.27904e-06
9.50405e-08
5.14562e-06
5.78745e-08
2.74046e-06
3.33885e-08
1.40167e-06
1.82962e-08
6.88442e-07
9.5391e-09
3.24658e-07
4.73742e-09
1.46977e-07
2.24306e-09
6.38637e-08
1.01321e-09
2.66282e-08
4.36886e-10
1.06514e-08
1.79911e-10
4.08591e-09
7.07861e-11
1.50133e-09
2.66107e-11
5.23791e-10
9.53007e-12
1.59254e-10
3.16031e-12
7.26026e-13
0.000274359
-7.38677e-05
0.000333587
-5.52625e-05
0.000380788
-3.81581e-05
0.000397625
-2.40173e-05
0.000383792
-1.37996e-05
0.000346516
-6.92406e-06
0.000295277
-2.68897e-06
0.000238915
-3.5119e-07
0.000184289
7.5203e-07
0.000135878
1.12728e-06
9.59342e-05
1.11942e-06
6.49366e-05
9.42584e-07
4.21744e-05
7.1847e-07
2.62954e-05
5.0878e-07
1.57444e-05
3.38833e-07
9.05449e-06
2.13554e-07
5.00181e-06
1.27819e-07
2.65407e-06
7.2798e-08
1.35266e-06
3.9502e-08
6.62078e-07
2.04389e-08
3.11174e-07
1.00901e-08
1.40408e-07
4.7549e-09
6.08117e-08
2.13981e-09
2.52749e-08
9.19938e-10
1.00783e-08
3.77956e-10
3.85416e-09
1.48442e-10
1.41204e-09
5.57308e-11
4.91632e-10
1.99451e-11
1.49843e-10
6.62037e-12
1.52581e-12
0.000504089
-5.11684e-05
0.000521191
-3.6561e-05
0.000521018
-2.27738e-05
0.000495991
-1.13735e-05
0.000449666
-3.57575e-06
0.000388963
1.06957e-06
0.000321655
3.37996e-06
0.000254705
4.15202e-06
0.000193357
4.02649e-06
0.00014084
3.45916e-06
9.84915e-05
2.74205e-06
6.61556e-05
2.04258e-06
4.26928e-05
1.44275e-06
2.64752e-05
9.70669e-07
1.57783e-05
6.23414e-07
9.0369e-06
3.82595e-07
4.97392e-06
2.24455e-07
2.6306e-06
1.25893e-07
1.33669e-06
6.75088e-08
6.52457e-07
3.46106e-08
3.05869e-07
1.69651e-08
1.37686e-07
7.95117e-09
5.94988e-08
3.56346e-09
2.46767e-08
1.52735e-09
9.81996e-09
6.2619e-10
3.74819e-09
2.45611e-10
1.37082e-09
9.21549e-11
4.76746e-10
3.29859e-11
1.45531e-10
1.09678e-11
2.53624e-12
0.000767914
2.5262e-06
0.000743245
7.5103e-06
0.000691704
1.37297e-05
0.000619
1.77793e-05
0.000534599
1.88998e-05
0.000445734
1.77806e-05
0.000358547
1.54472e-05
0.000278042
1.26736e-05
0.000207726
9.93299e-06
0.000149443
7.47959e-06
0.000103494
5.42554e-06
6.89769e-05
3.79447e-06
4.42338e-05
2.55814e-06
2.72896e-05
1.66123e-06
1.61944e-05
1.03805e-06
9.24239e-06
6.23475e-07
5.07196e-06
3.59582e-07
2.6758e-06
1.98968e-07
1.35683e-06
1.05555e-07
6.6114e-07
5.36603e-08
3.09491e-07
2.61305e-08
1.39149e-07
1.21858e-08
6.0072e-08
5.44141e-09
2.48945e-08
2.32645e-09
9.9003e-09
9.52375e-10
3.77699e-09
3.73316e-10
1.38086e-09
1.40094e-10
4.80168e-10
5.01944e-11
1.46586e-10
1.67258e-11
3.87962e-12
0.00102313
6.15504e-05
0.000962385
6.30266e-05
0.000863834
6.1201e-05
0.00074606
5.64034e-05
0.000624687
4.90848e-05
0.000507645
4.05554e-05
0.000399904
3.21256e-05
0.000304909
2.45791e-05
0.00022469
1.82365e-05
0.000159845
1.31408e-05
0.000109682
9.19539e-06
7.25445e-05
6.2425e-06
4.62257e-05
4.10529e-06
2.83659e-05
2.61095e-06
1.6757e-05
1.60318e-06
9.52675e-06
9.4888e-07
5.21096e-06
5.40605e-07
2.74152e-06
2.96129e-07
1.38689e-06
1.55812e-07
6.7444e-07
7.86894e-08
3.15188e-07
3.81226e-08
1.41512e-07
1.77101e-08
6.10209e-08
7.88697e-09
2.52636e-08
3.36645e-09
1.00394e-08
1.37713e-09
3.82774e-09
5.39882e-10
1.39879e-09
2.02787e-10
4.86263e-10
7.27812e-11
1.48421e-10
2.43175e-11
5.65775e-12
0.00124056
0.000125418
0.00115159
0.000118939
0.00101606
0.000109262
0.000862039
9.62053e-05
0.00070974
8.11211e-05
0.000568047
6.56282e-05
0.000441501
5.11792e-05
0.000332682
3.86338e-05
0.000242659
2.83025e-05
0.000171105
2.01422e-05
0.000116513
1.39239e-05
7.65545e-05
9.34151e-06
4.8503e-05
6.07456e-06
2.96169e-05
3.82298e-06
1.74216e-05
2.32494e-06
9.86828e-06
1.36428e-06
5.38075e-06
7.71435e-07
2.8232e-06
4.19861e-07
1.42492e-06
2.19739e-07
6.9158e-07
1.10501e-07
3.22668e-07
5.33609e-08
1.44672e-07
2.47329e-08
6.23141e-08
1.09996e-08
2.5776e-08
4.69277e-09
1.02358e-08
1.92034e-09
3.90062e-09
7.53683e-10
1.42492e-09
2.83622e-10
4.95241e-10
1.02058e-10
1.51134e-10
3.42153e-11
7.98738e-12
0.00139537
0.000174745
0.00129216
0.000162587
0.0011353
0.000148071
0.00095788
0.000129971
0.000783407
0.000109942
0.000622476
8.95666e-05
0.000480243
7.03826e-05
0.000359274
5.3464e-05
0.000260271
3.93253e-05
0.000182364
2.80344e-05
0.000123463
1.9373e-05
8.06991e-05
1.29721e-05
5.08914e-05
8.40978e-06
3.09474e-05
5.27307e-06
1.81384e-05
3.19407e-06
1.0242e-05
1.86692e-06
5.56929e-06
1.0518e-06
2.9153e-06
5.70624e-07
1.4685e-06
2.97858e-07
7.11559e-07
1.4949e-07
3.31542e-07
7.20963e-08
1.48491e-07
3.3398e-08
6.39055e-08
1.48556e-08
2.64181e-08
6.34345e-09
1.04866e-08
2.59994e-09
3.99534e-09
1.02274e-09
1.45947e-09
3.8602e-10
5.07292e-10
1.39413e-10
1.54819e-10
4.69387e-11
1.09995e-11
0.00148061
0.000193795
0.00137913
0.000185749
0.00121775
0.000171905
0.00103025
0.000153695
0.000842722
0.000132589
0.000668396
0.000110124
0.000514091
8.80654e-05
0.000383145
6.78871e-05
0.000276426
5.05128e-05
0.000192879
3.63152e-05
0.000130056
2.524e-05
8.46857e-05
1.69608e-05
5.32193e-05
1.10161e-05
3.22613e-05
6.9119e-06
1.88559e-05
4.18633e-06
1.06212e-05
2.44562e-06
5.76356e-06
1.37695e-06
3.01177e-06
7.46619e-07
1.51494e-06
3.89618e-07
7.33248e-07
1.95565e-07
3.41363e-07
9.43732e-08
1.52803e-07
4.37668e-08
6.57401e-08
1.9501e-08
2.7174e-08
8.34627e-09
1.0788e-08
3.43085e-09
4.1115e-09
1.35441e-09
1.50267e-09
5.13353e-10
5.22638e-10
1.86294e-10
1.59579e-10
6.30545e-11
1.48414e-11
0.00151202
0.000196605
0.00142208
0.00019098
0.00126774
0.000181689
0.00108012
0.000167307
0.000887026
0.000148389
0.000704559
0.000126348
0.000541733
0.000103241
0.000403156
8.10349e-05
0.000290242
6.11835e-05
0.000202018
4.44945e-05
0.000135866
3.11968e-05
8.82458e-05
2.11007e-05
5.53252e-05
1.37704e-05
3.34661e-05
8.66987e-06
1.95234e-05
5.2644e-06
1.09799e-05
3.08146e-06
5.95057e-06
1.73785e-06
3.10645e-06
9.43818e-07
1.56151e-06
4.9337e-07
7.55489e-07
2.48128e-07
3.51677e-07
1.20015e-07
1.57442e-07
5.58109e-08
6.77631e-08
2.49475e-08
2.80281e-08
1.07174e-08
1.11368e-08
4.42453e-09
4.2491e-09
1.75525e-09
1.55499e-09
6.68935e-10
5.41606e-10
2.44226e-10
1.65563e-10
8.31901e-11
1.96802e-11
0.00151417
0.000183043
0.00143731
0.000184535
0.00129372
0.000181853
0.00111083
0.000173209
0.000916995
0.000158253
0.000730474
0.000138262
0.000562303
0.000115492
0.000418441
9.23452e-05
0.000301001
7.07979e-05
0.000209248
5.21312e-05
0.000140528
3.69192e-05
9.11422e-05
2.5172e-05
5.70646e-05
1.65332e-05
3.44782e-05
1.04638e-05
2.00951e-05
6.38138e-06
1.12939e-05
3.74945e-06
6.11834e-06
2.12192e-06
3.19371e-06
1.15628e-06
1.60568e-06
6.06495e-07
7.77229e-07
3.0612e-07
3.62071e-07
1.4864e-07
1.62264e-07
6.94171e-08
6.99297e-08
3.11751e-08
2.89699e-08
1.34621e-08
1.15322e-08
5.58933e-09
4.40922e-09
2.23121e-09
1.61738e-09
8.56133e-10
5.64733e-10
3.1487e-10
1.72987e-10
1.08058e-10
2.57118e-11
0.00151008
0.00016836
0.00143998
0.000176319
0.00130407
0.000178844
0.00112621
0.000175028
0.000933841
0.000163931
0.000746073
0.000146473
0.00057524
0.000124796
0.000428347
0.000101503
0.000308133
7.89557e-05
0.000214133
5.88529e-05
0.000143738
4.21093e-05
9.31783e-05
2.89599e-05
5.8317e-05
1.91615e-05
3.52277e-05
1.22046e-05
2.05325e-05
7.48526e-06
1.15431e-05
4.42091e-06
6.25695e-06
2.51427e-06
3.26892e-06
1.37673e-06
1.64542e-06
7.25673e-07
7.97649e-07
3.68137e-07
3.72248e-07
1.79712e-07
1.67174e-07
8.44075e-08
7.22186e-08
3.81394e-08
2.99991e-08
1.6578e-08
1.19779e-08
6.93184e-09
4.59493e-09
2.78824e-09
1.69163e-09
1.07862e-09
5.92886e-10
4.00134e-10
1.82187e-10
1.38509e-10
3.31718e-11
0.00150484
0.000168687
0.0014355
0.000174681
0.001303
0.000177704
0.00112871
0.000175732
0.00093852
0.000167054
0.000751407
0.000151714
0.000580187
0.000131318
0.000432415
0.00010836
0.000311223
8.53796e-05
0.000216354
6.43653e-05
0.000145274
4.65139e-05
9.42098e-05
3.22717e-05
5.89947e-05
2.15215e-05
3.56643e-05
1.38063e-05
2.08084e-05
8.52416e-06
1.17135e-05
5.0665e-06
6.35969e-06
2.89929e-06
3.32908e-06
1.59736e-06
1.67953e-06
8.4726e-07
8.16314e-07
4.32606e-07
3.82087e-07
2.12614e-07
1.7216e-07
1.00573e-07
7.4645e-08
4.57861e-08
3.11317e-08
2.00608e-08
1.24848e-08
8.45933e-09
4.81226e-09
3.43331e-09
1.78075e-09
1.34084e-09
6.27431e-10
5.02364e-10
1.93666e-10
1.75604e-10
4.23594e-11
0.00148999
0.000175275
0.00142136
0.000176027
0.00129064
0.000177709
0.00111893
0.000175834
0.000931354
0.00016833
0.000746452
0.000154461
0.000576927
0.000135232
0.000430377
0.000112866
0.000310033
8.9898e-05
0.00021573
6.84601e-05
0.000145011
4.99397e-05
9.41582e-05
3.49527e-05
5.90513e-05
2.35013e-05
3.57624e-05
1.51943e-05
2.09095e-05
9.45189e-06
1.17991e-05
5.65943e-06
6.42398e-06
3.26242e-06
3.37331e-06
1.81079e-06
1.70783e-06
9.67761e-07
8.33304e-07
4.98009e-07
3.91712e-07
2.46754e-07
1.77323e-07
1.17717e-07
7.72753e-08
5.407e-08
3.24065e-08
2.39128e-08
1.30734e-08
1.01832e-08
5.07147e-09
4.17587e-09
1.88952e-09
1.64857e-09
6.70423e-10
6.24607e-10
2.08168e-10
2.20722e-10
5.36648e-11
0.00146547
0.000170107
0.00139686
0.000175058
0.00126623
0.000176477
0.00109643
0.000174678
0.000912128
0.000167812
0.000731107
0.000154915
0.000565401
0.000136666
0.000422194
0.000115033
0.000304536
9.24367e-05
0.000212247
7.10222e-05
0.000142943
5.22667e-05
9.30231e-05
3.68993e-05
5.84895e-05
2.5022e-05
3.55258e-05
1.63138e-05
2.08396e-05
1.02333e-05
1.18029e-05
6.17877e-06
6.45226e-06
3.59207e-06
3.40335e-06
2.01104e-06
1.73148e-06
1.08435e-06
8.49345e-07
5.63136e-07
4.01553e-07
2.81683e-07
1.82909e-07
1.35712e-07
8.02417e-08
6.29798e-08
3.38917e-08
2.81533e-08
1.37774e-08
1.21238e-08
5.38834e-09
5.02986e-09
2.025e-09
2.00986e-09
7.24852e-10
7.70978e-10
2.26767e-10
2.75711e-10
6.76105e-11
0.00143601
0.000170978
0.00136051
0.000171398
0.00122675
0.000173407
0.00105903
0.000171897
0.00087973
0.000165388
0.000704957
0.00015311
0.000545547
0.000135691
0.000407944
0.000114908
0.000294846
9.30031e-05
0.000206008
7.20278e-05
0.000139151
5.34557e-05
9.08629e-05
3.80701e-05
5.73492e-05
2.6048e-05
3.49809e-05
1.71382e-05
2.06157e-05
1.08506e-05
1.17357e-05
6.61381e-06
6.45109e-06
3.88241e-06
3.42314e-06
2.19531e-06
1.7528e-06
1.19589e-06
8.65763e-07
6.27663e-07
4.1235e-07
3.1741e-07
1.89313e-07
1.54665e-07
8.37507e-08
7.2621e-08
3.56905e-08
3.28595e-08
1.46466e-08
1.43292e-08
5.78599e-09
6.02252e-09
2.19748e-09
2.4389e-09
7.95034e-10
9.48336e-10
2.5101e-10
3.43549e-10
8.50241e-11
9.61034e-11
3.03136e-11
3.17795e-10
1.2469e-10
9.35149e-10
3.58086e-10
2.62632e-09
9.66934e-10
7.07712e-09
2.50983e-09
1.831e-08
6.27415e-09
4.54929e-08
1.51082e-08
1.08571e-07
3.50442e-08
2.48944e-07
7.82984e-08
5.48548e-07
1.68494e-07
1.16191e-06
3.49182e-07
2.36644e-06
6.96744e-07
4.63577e-06
1.33823e-06
8.73755e-06
2.47328e-06
1.58507e-05
4.3965e-06
2.76853e-05
7.5126e-06
4.65754e-05
1.23317e-05
7.54979e-05
1.94287e-05
0.000117968
2.93506e-05
0.00017776
4.24654e-05
0.000258425
5.87627e-05
0.000362615
7.76426e-05
0.0004913
9.77712e-05
0.000643006
0.0001171
0.000813122
0.000133132
0.000993606
0.000143484
0.00117224
0.000146689
0.00133144
0.000143086
0.00144206
0.000135893
0.000130326
0.00148849
9.70482e-11
3.14925e-11
3.19083e-10
1.28886e-10
9.33406e-10
3.67547e-10
2.60689e-09
9.854e-10
6.98855e-09
2.54019e-09
1.79943e-08
6.30844e-09
4.45098e-08
1.5096e-08
1.05786e-07
3.48082e-08
2.41626e-07
7.73318e-08
5.30514e-07
1.65518e-07
1.11994e-06
3.41256e-07
2.27382e-06
6.77588e-07
4.4412e-06
1.29533e-06
8.34761e-06
2.38321e-06
1.51037e-05
4.21806e-06
2.63156e-05
7.17777e-06
4.41684e-05
1.17355e-05
7.14372e-05
1.84197e-05
0.000111384
2.77277e-05
0.000167494
3.99893e-05
0.000243031
5.51935e-05
0.000340376
7.28093e-05
0.000460314
9.16737e-05
0.000601424
0.000110049
0.000759388
0.000125876
0.000926945
0.000137242
0.00109377
0.000143004
0.00124587
0.000143375
0.00136104
0.000140453
0.000138058
0.00141252
9.73366e-11
3.22482e-11
3.18021e-10
1.31286e-10
9.24063e-10
3.71615e-10
2.56418e-09
9.88657e-10
6.83223e-09
2.52955e-09
1.74909e-08
6.23682e-09
4.30302e-08
1.48215e-08
1.01746e-07
3.39485e-08
2.31273e-07
7.49413e-08
5.05451e-07
1.59421e-07
1.06237e-06
3.26754e-07
2.14793e-06
6.45133e-07
4.17857e-06
1.2266e-06
7.82387e-06
2.24503e-06
1.41038e-05
3.95374e-06
2.44863e-05
6.6962e-06
4.09595e-05
1.09002e-05
6.60291e-05
1.70404e-05
0.000102612
2.55586e-05
0.000153792
3.67457e-05
0.000222435
5.06029e-05
0.000310547
6.66965e-05
0.000418572
8.40599e-05
0.000544968
0.000101263
0.000685566
0.000116656
0.000833302
0.000128724
0.000978622
0.000136551
0.00110946
0.000140194
0.00120857
0.000140941
0.000141014
0.00124929
9.64781e-11
3.24634e-11
3.13101e-10
1.31436e-10
9.03076e-10
3.6913e-10
2.48799e-09
9.74008e-10
6.58379e-09
2.47205e-09
1.67447e-08
6.04755e-09
4.0938e-08
1.42633e-08
9.62231e-08
3.2432e-08
2.17472e-07
7.10894e-08
4.7269e-07
1.50198e-07
9.88285e-07
3.05829e-07
1.98799e-06
5.99998e-07
3.84836e-06
1.13383e-06
7.17097e-06
2.06307e-06
1.2866e-05
3.61282e-06
2.22333e-05
6.08572e-06
3.70265e-05
9.85732e-06
5.94348e-05
1.53436e-05
9.19617e-05
2.29279e-05
0.00013721
3.28609e-05
0.000197561
4.51534e-05
0.000274583
5.94639e-05
0.000368358
7.50233e-05
0.000477116
9.06881e-05
0.000596814
0.000105143
0.000720726
0.000117177
0.000839788
0.000125999
0.00094288
0.000131483
0.001015
0.000134293
0.000135464
0.00103727
9.41536e-11
3.20447e-11
3.03393e-10
1.29002e-10
8.68132e-10
3.59306e-10
2.37303e-09
9.39838e-10
6.23227e-09
2.36484e-09
1.57359e-08
5.73682e-09
3.82037e-08
1.34202e-08
8.91941e-08
3.02733e-08
2.00282e-07
6.58477e-08
4.32602e-07
1.38086e-07
8.98978e-07
2.79138e-07
1.79766e-06
5.43813e-07
3.4598e-06
1.02075e-06
6.41032e-06
1.84531e-06
1.14366e-05
3.21157e-06
1.96519e-05
5.37822e-06
3.25479e-05
8.66375e-06
5.19684e-05
1.34192e-05
7.9979e-05
1.99672e-05
0.000118679
2.85204e-05
0.000169905
3.9093e-05
0.00023475
5.14155e-05
0.000312999
6.48885e-05
0.000402744
7.86215e-05
0.00050011
9.15709e-05
0.000599007
0.000102744
0.000691216
0.000111417
0.000766633
0.000117301
0.000812783
0.000120581
0.000121612
0.000819107
9.02143e-11
3.09783e-11
2.88528e-10
1.23966e-10
8.18585e-10
3.4228e-10
2.21872e-09
8.87032e-10
5.77927e-09
2.21149e-09
1.44765e-08
5.31655e-09
3.48765e-08
1.23277e-08
8.0821e-08
2.75702e-08
1.80171e-07
5.94661e-08
3.86431e-07
1.23687e-07
7.97536e-07
2.4805e-07
1.58413e-06
4.79539e-07
3.0288e-06
8.93436e-07
5.57545e-06
1.60368e-06
9.88353e-06
2.77221e-06
1.68759e-05
4.61326e-06
2.77704e-05
7.38727e-06
4.40521e-05
1.13776e-05
6.7359e-05
1.68447e-05
9.93072e-05
2.39619e-05
0.000141215
3.27427e-05
0.000193727
4.29768e-05
0.000256393
5.41986e-05
0.000327316
6.57148e-05
0.000402932
7.6699e-05
0.000477905
8.63331e-05
0.000545221
9.39565e-05
0.000596486
9.91734e-05
0.000622301
0.000101876
0.000102131
0.000618046
8.4685e-11
2.92747e-11
2.68717e-10
1.16424e-10
7.55503e-10
3.18534e-10
2.02925e-09
8.17464e-10
5.23912e-09
2.01826e-09
1.30108e-08
4.80562e-09
3.10836e-08
1.10384e-08
7.14454e-08
2.44595e-08
1.58006e-07
5.22812e-08
3.36261e-07
1.07785e-07
6.88714e-07
2.14302e-07
1.35776e-06
4.10832e-07
2.57691e-06
7.59231e-07
4.70919e-06
1.35216e-06
8.28804e-06
2.31999e-06
1.40515e-05
3.83342e-06
2.29549e-05
6.0976e-06
3.61426e-05
9.33319e-06
5.4855e-05
1.37411e-05
8.02686e-05
1.9453e-05
0.000113265
2.64758e-05
0.000154138
3.46442e-05
0.000202276
4.35972e-05
0.000255899
5.27974e-05
0.000311904
6.15949e-05
0.000365856
6.93231e-05
0.000412149
7.54014e-05
0.0004444
7.9411e-05
0.000456105
8.11206e-05
8.05354e-05
0.000446254
7.769e-11
2.69868e-11
2.44504e-10
1.06639e-10
6.80909e-10
2.89002e-10
1.81141e-09
7.34127e-10
4.63284e-09
1.79401e-09
1.13997e-08
4.22864e-09
2.69906e-08
9.61672e-09
6.14936e-08
2.11013e-08
1.34829e-07
4.4671e-08
2.84518e-07
9.12302e-08
5.77906e-07
1.79719e-07
1.13e-06
3.41446e-07
2.12735e-06
6.25502e-07
3.85657e-06
1.1046e-06
6.73355e-06
1.87987e-06
1.13254e-05
3.08215e-06
1.83535e-05
4.86669e-06
2.86638e-05
7.39803e-06
4.31479e-05
1.08233e-05
6.26117e-05
1.52354e-05
8.75924e-05
2.06324e-05
0.000118137
2.68823e-05
0.000153577
3.37074e-05
0.000192346
4.0696e-05
0.000231899
4.73459e-05
0.000268764
5.31304e-05
0.000298748
5.75698e-05
0.000317353
6.02897e-05
0.000320393
6.10507e-05
5.9891e-05
0.000308736
6.9521e-11
2.42485e-11
2.16946e-10
9.51868e-11
5.98164e-10
2.55431e-10
1.57529e-09
6.4194e-10
3.98902e-09
1.55195e-09
9.72015e-09
3.61929e-09
2.27947e-08
8.14478e-09
5.14484e-08
1.76871e-08
1.11768e-07
3.70628e-08
2.33722e-07
7.4936e-08
4.70501e-07
1.46174e-07
9.11893e-07
2.75049e-07
1.70177e-06
4.99155e-07
3.05836e-06
8.73471e-07
5.29384e-06
1.47346e-06
8.82707e-06
2.39542e-06
1.41807e-05
3.7519e-06
2.19523e-05
5.65998e-06
3.27504e-05
8.2216e-06
4.70919e-05
1.1497e-05
6.52645e-05
1.5476e-05
8.71688e-05
2.00534e-05
0.000112166
2.50184e-05
0.000138969
3.00626e-05
0.000165614
3.48098e-05
0.000189541
3.88622e-05
0.000207813
4.18509e-05
0.000217465
4.34815e-05
0.000215977
4.35627e-05
4.21786e-05
0.000204955
6.06117e-11
2.12167e-11
1.87487e-10
8.27147e-11
5.11576e-10
2.19697e-10
1.33304e-09
5.46006e-10
3.34036e-09
1.30523e-09
8.05603e-09
3.01007e-09
1.87016e-08
6.6993e-09
4.17915e-08
1.439e-08
8.99019e-08
2.98303e-08
1.86187e-07
5.96756e-08
3.71243e-07
1.15196e-07
7.12745e-07
2.14548e-07
1.3177e-06
3.85473e-07
2.34615e-06
6.67975e-07
4.02345e-06
1.11616e-06
6.64662e-06
1.798e-06
1.05783e-05
2.79147e-06
1.62215e-05
4.17588e-06
2.39696e-05
6.01771e-06
3.41305e-05
8.35224e-06
4.68287e-05
1.11639e-05
6.18995e-05
1.43704e-05
7.87932e-05
1.78153e-05
9.6518e-05
2.12753e-05
0.000113646
2.448e-05
0.000128403
2.71445e-05
0.000138852
2.90052e-05
0.000143156
2.98539e-05
0.000139895
2.9561e-05
2.82359e-05
0.000130749
5.14236e-11
1.80579e-11
1.5762e-10
6.99085e-11
4.25433e-10
1.83719e-10
1.09632e-09
4.51317e-10
2.71711e-09
1.06627e-09
6.48222e-09
2.4304e-09
1.48882e-08
5.34683e-09
3.29214e-08
1.13539e-08
7.00891e-08
2.32713e-08
1.43674e-07
4.60362e-08
2.83586e-07
8.78921e-08
5.39016e-07
1.6193e-07
9.86641e-07
2.87858e-07
1.73938e-06
4.93658e-07
2.95356e-06
8.16568e-07
4.83118e-06
1.30252e-06
7.61298e-06
2.00309e-06
1.1558e-05
2.96925e-06
1.69064e-05
4.24161e-06
2.38262e-05
5.83817e-06
3.23476e-05
7.74158e-06
4.22963e-05
9.88918e-06
5.3238e-05
1.21693e-05
6.44553e-05
1.44262e-05
7.4969e-05
1.64749e-05
8.36181e-05
1.81227e-05
8.91968e-05
1.91943e-05
9.06329e-05
1.95555e-05
8.71796e-05
1.91298e-05
1.80263e-05
8.02682e-05
4.24073e-11
1.49393e-11
1.28769e-10
5.74192e-11
3.43655e-10
1.49249e-10
8.75374e-10
3.62241e-10
2.14467e-09
8.45412e-10
5.05869e-09
1.90363e-09
1.14891e-08
4.13759e-09
2.51257e-08
8.68142e-09
5.29109e-08
1.75838e-08
1.07296e-07
3.43792e-08
2.09533e-07
6.4881e-08
3.9407e-07
1.1818e-07
7.1379e-07
2.07741e-07
1.24529e-06
3.5237e-07
2.09268e-06
5.76634e-07
3.38761e-06
9.10222e-07
5.28286e-06
1.38566e-06
7.93674e-06
2.03394e-06
1.14872e-05
2.87812e-06
1.60161e-05
3.92549e-06
2.15079e-05
5.15975e-06
2.78099e-05
6.53526e-06
3.46042e-05
7.97539e-06
4.14016e-05
9.37664e-06
4.75673e-05
1.06186e-05
5.23826e-05
1.15784e-05
5.51371e-05
1.21474e-05
5.52407e-05
1.22459e-05
5.23301e-05
1.18345e-05
1.10057e-05
4.74843e-05
3.39628e-11
1.20039e-11
1.02134e-10
4.57968e-11
2.69394e-10
1.17696e-10
6.7798e-10
2.82116e-10
1.6412e-09
6.50103e-10
3.82545e-09
1.44542e-09
8.58692e-09
3.10235e-09
1.85627e-08
6.42853e-09
3.86457e-08
1.28606e-08
7.74868e-08
2.48387e-08
1.49636e-07
4.63124e-08
2.78318e-07
8.33568e-08
4.98612e-07
1.44817e-07
8.60435e-07
2.42821e-07
1.4303e-06
3.92898e-07
2.29037e-06
6.13386e-07
3.5332e-06
9.23791e-07
5.25068e-06
1.34191e-06
7.51679e-06
1.87975e-06
1.03651e-05
2.53882e-06
1.37643e-05
3.30556e-06
1.7596e-05
4.14831e-06
2.16423e-05
5.01688e-06
2.55885e-05
5.84572e-06
2.90446e-05
6.5605e-06
3.15883e-05
7.0874e-06
3.28233e-05
7.36326e-06
3.24431e-05
7.34463e-06
3.02869e-05
7.01404e-06
6.44117e-06
2.70994e-05
2.63918e-11
9.36024e-12
7.85831e-11
3.54434e-11
2.04778e-10
9.00383e-11
5.08939e-10
2.13053e-10
1.2167e-09
4.84545e-10
2.80112e-09
1.06326e-09
6.21128e-09
2.25252e-09
1.32661e-08
4.6075e-09
2.72912e-08
9.09991e-09
5.4079e-08
1.73533e-08
1.03221e-07
3.19514e-08
1.89783e-07
5.67989e-08
3.36128e-07
9.74775e-08
5.73489e-07
1.61489e-07
9.42603e-07
2.58232e-07
1.49254e-06
3.98515e-07
2.27676e-06
5.93453e-07
3.34577e-06
8.52636e-07
4.73625e-06
1.18169e-06
6.45766e-06
1.57955e-06
8.47849e-06
2.03599e-06
1.07151e-05
2.53014e-06
1.30273e-05
3.0307e-06
1.5223e-05
3.49818e-06
1.70749e-05
3.88906e-06
1.83474e-05
4.16147e-06
1.88304e-05
4.281e-06
1.83742e-05
4.2258e-06
1.69161e-05
3.98982e-06
3.62082e-06
1.49348e-05
1.98866e-11
7.07927e-12
5.86112e-11
2.66029e-11
1.50834e-10
6.67782e-11
3.70037e-10
1.55928e-10
8.73237e-10
3.49845e-10
1.98475e-09
7.57343e-10
4.34558e-09
1.58293e-09
9.16573e-09
3.19478e-09
1.86238e-08
6.22651e-09
3.64549e-08
1.17186e-08
6.87444e-08
2.12975e-08
1.24888e-07
3.73762e-08
2.18583e-07
6.3336e-08
3.68578e-07
1.03626e-07
5.9878e-07
1.63685e-07
9.37201e-07
2.49589e-07
1.41326e-06
3.67338e-07
2.05313e-06
5.21757e-07
2.8733e-06
7.15099e-07
3.87305e-06
9.45558e-07
5.02718e-06
1.20602e-06
6.28094e-06
1.48346e-06
7.54904e-06
1.75929e-06
8.72038e-06
2.01088e-06
9.66886e-06
2.21407e-06
1.02694e-05
2.3464e-06
1.04164e-05
2.3903e-06
1.00412e-05
2.33571e-06
9.12409e-06
2.18157e-06
1.95818e-06
7.95455e-06
1.45198e-11
5.19006e-12
4.2349e-11
1.9352e-11
1.07591e-10
4.79898e-11
2.60438e-10
1.10537e-10
6.06412e-10
2.44566e-10
1.36011e-09
5.22084e-10
2.9391e-09
1.07615e-09
6.11927e-09
2.14219e-09
1.22754e-08
4.11829e-09
2.37258e-08
7.6464e-09
4.41842e-08
1.37114e-08
7.92823e-08
2.37458e-08
1.37074e-07
3.97156e-08
2.28354e-07
6.41479e-08
3.66556e-07
1.00052e-07
5.66953e-07
1.50678e-07
8.4493e-07
2.19087e-07
1.21322e-06
3.07519e-07
1.67828e-06
4.16636e-07
2.23629e-06
5.44761e-07
2.86958e-06
6.87294e-07
3.5446e-06
8.36514e-07
4.21227e-06
9.81922e-07
4.81145e-06
1.11118e-06
5.27555e-06
1.21157e-06
5.54132e-06
1.27169e-06
5.55837e-06
1.28312e-06
5.29738e-06
1.24168e-06
4.75511e-06
1.14806e-06
1.02018e-06
4.09721e-06
1.02655e-11
3.68654e-12
2.96271e-11
1.3637e-11
7.42838e-11
3.34e-11
1.77347e-10
7.58634e-11
4.07269e-10
1.65458e-10
9.01025e-10
3.48178e-10
1.92085e-09
7.07509e-10
3.94608e-09
1.38854e-09
7.81196e-09
2.63214e-09
1.49031e-08
4.81948e-09
2.73983e-08
8.5239e-09
4.85403e-08
1.45622e-08
8.28742e-08
2.40306e-08
1.36357e-07
3.83035e-08
2.16211e-07
5.897e-08
3.30383e-07
8.76833e-08
4.86502e-07
1.25911e-07
6.9033e-07
1.74594e-07
9.43831e-07
2.33757e-07
1.24317e-06
3.02143e-07
1.57708e-06
3.76966e-07
1.92621e-06
4.53881e-07
2.26373e-06
5.27243e-07
2.55763e-06
5.90655e-07
2.77436e-06
6.37748e-07
2.88347e-06
6.63055e-07
2.86215e-06
6.62809e-07
2.69893e-06
6.355e-07
2.39544e-06
5.8208e-07
5.12563e-07
2.04185e-06
7.02534e-12
2.53427e-12
2.00603e-11
9.30385e-12
4.96195e-11
2.25016e-11
1.16793e-10
5.03863e-11
2.64423e-10
1.08293e-10
5.76807e-10
2.24555e-10
1.21264e-09
4.49669e-10
2.45711e-09
8.6978e-10
4.79861e-09
1.62519e-09
9.03249e-09
2.93359e-09
1.63872e-08
5.11574e-09
2.86557e-08
8.61871e-09
4.82986e-08
1.40284e-08
7.8465e-08
2.20597e-08
1.22868e-07
3.35132e-08
1.85446e-07
4.91855e-08
2.69776e-07
6.97338e-08
3.78247e-07
9.55004e-08
5.11089e-07
1.26324e-07
6.65429e-07
1.61374e-07
8.34624e-07
1.99064e-07
1.0081e-06
2.3707e-07
1.17193e-06
2.725e-07
1.31012e-06
3.02198e-07
1.40656e-06
3.23135e-07
1.44727e-06
3.32833e-07
1.42251e-06
3.29727e-07
1.32826e-06
3.13386e-07
1.16676e-06
2.84566e-07
2.48557e-07
9.84862e-07
4.65332e-12
1.68609e-12
1.31394e-11
6.14354e-12
3.20538e-11
1.46699e-11
7.436e-11
3.23732e-11
1.65913e-10
6.85427e-11
3.56714e-10
1.40007e-10
7.39276e-10
2.76201e-10
1.47695e-09
5.26373e-10
2.84447e-09
9.69166e-10
5.28107e-09
1.72411e-09
9.4522e-09
2.9636e-09
1.63095e-08
4.92239e-09
2.713e-08
7.90042e-09
4.3508e-08
1.22532e-08
6.72665e-08
1.83645e-08
1.00263e-07
2.65969e-08
1.44074e-07
3.72221e-08
1.99581e-07
5.03349e-08
2.66506e-07
6.57675e-08
3.42999e-07
8.3022e-08
4.2539e-07
1.01243e-07
5.08206e-07
1.19248e-07
5.8455e-07
1.35627e-07
6.46802e-07
1.48896e-07
6.87583e-07
1.57688e-07
7.0079e-07
1.60943e-07
6.82498e-07
1.58065e-07
6.31532e-07
1.48998e-07
5.49575e-07
1.34228e-07
1.16412e-07
4.59881e-07
2.9791e-12
1.08698e-12
8.32154e-12
3.92412e-12
2.00186e-11
9.25067e-12
4.57583e-11
2.01138e-11
1.00577e-10
4.19422e-11
2.13057e-10
8.43671e-11
4.35129e-10
1.63915e-10
8.56832e-10
3.07691e-10
1.62682e-09
5.58091e-10
2.97822e-09
9.78201e-10
5.25722e-09
1.65696e-09
8.94844e-09
2.71259e-09
1.46872e-08
4.29206e-09
2.32455e-08
6.5641e-09
3.54778e-08
9.70344e-09
5.22149e-08
1.38652e-08
7.41055e-08
1.91506e-08
1.01418e-07
2.55674e-08
1.33834e-07
3.29939e-08
1.70276e-07
4.11527e-08
2.08833e-07
4.96075e-08
2.46812e-07
5.77857e-08
2.80958e-07
6.50313e-08
3.07805e-07
7.06802e-08
3.24129e-07
7.4147e-08
3.27395e-07
7.50068e-08
3.16129e-07
7.30549e-08
2.90108e-07
6.83335e-08
2.50353e-07
6.11194e-08
5.26842e-08
2.0792e-07
1.84488e-12
6.77095e-13
5.09585e-12
2.42424e-12
1.20837e-11
5.64112e-12
2.72056e-11
1.20838e-11
5.88933e-11
2.48056e-11
1.22878e-10
4.91234e-11
2.47225e-10
9.39695e-11
4.79681e-10
1.73695e-10
8.9758e-10
3.10279e-10
1.61981e-09
5.35705e-10
2.81929e-09
8.9401e-10
4.7327e-09
1.44223e-09
7.66278e-09
2.24924e-09
1.1967e-08
3.39135e-09
1.80268e-08
4.94391e-09
2.61937e-08
6.96869e-09
3.67135e-08
9.49799e-09
4.96368e-08
1.25177e-08
6.47317e-08
1.59526e-08
8.14198e-08
1.96584e-08
9.87589e-08
2.34238e-08
1.15488e-07
2.69845e-08
1.3014e-07
3.00496e-08
1.41211e-07
3.23364e-08
1.47356e-07
3.36074e-08
1.47579e-07
3.37035e-08
1.41369e-07
3.25657e-08
1.2876e-07
3.02414e-08
1.10298e-07
2.68749e-08
2.30478e-08
9.10258e-08
1.10496e-12
4.08071e-13
3.01579e-12
1.44793e-12
7.04972e-12
3.32427e-12
1.56274e-11
7.01372e-12
3.33032e-11
1.41763e-11
6.84213e-11
2.7631e-11
1.35571e-10
5.20272e-11
2.59112e-10
9.46748e-11
4.7771e-10
1.66525e-10
8.49609e-10
2.83145e-10
1.45768e-09
4.65445e-10
2.41276e-09
7.39777e-10
3.85295e-09
1.13696e-09
5.93631e-09
1.68982e-09
8.82481e-09
2.42899e-09
1.26584e-08
3.37701e-09
1.75205e-08
4.54144e-09
2.34004e-08
5.90791e-09
3.01582e-08
7.4349e-09
3.75035e-08
9.05167e-09
4.49954e-08
1.06609e-08
5.20708e-08
1.21462e-08
5.80987e-08
1.33848e-08
6.24558e-08
1.42622e-08
6.46087e-08
1.46875e-08
6.41871e-08
1.46057e-08
6.10326e-08
1.40053e-08
5.52124e-08
1.29183e-08
4.69951e-08
1.14146e-08
9.74903e-09
3.85888e-08
6.37616e-13
2.36983e-13
1.72406e-12
8.35234e-13
3.97132e-12
1.89267e-12
8.66918e-12
3.93565e-12
1.81851e-11
7.8266e-12
3.67784e-11
1.50104e-11
7.17479e-11
2.78149e-11
1.35042e-10
4.9819e-11
2.4524e-10
8.6264e-11
4.29738e-10
1.44422e-10
7.26643e-10
2.3381e-10
1.18568e-09
3.66069e-10
1.86711e-09
5.54354e-10
2.8376e-09
8.12055e-10
4.16237e-09
1.15082e-09
5.89339e-09
1.57797e-09
8.05472e-09
2.09365e-09
1.06272e-08
2.68824e-09
1.35356e-08
3.34061e-09
1.66426e-08
4.01798e-09
1.97522e-08
4.67767e-09
2.26243e-08
5.27091e-09
2.49998e-08
5.74823e-09
2.66323e-08
6.06565e-09
2.73207e-08
6.19049e-09
2.69359e-08
6.10573e-09
2.54369e-08
5.81209e-09
2.28716e-08
5.32745e-09
1.93635e-08
4.68375e-09
3.98798e-09
1.58411e-08
3.56349e-13
1.32396e-13
9.52926e-13
4.65724e-13
2.16313e-12
1.04258e-12
4.64425e-12
2.13158e-12
9.58786e-12
4.1729e-12
1.90814e-11
7.87457e-12
3.66427e-11
1.43568e-11
6.79009e-11
2.53056e-11
1.21436e-10
4.31278e-11
2.09612e-10
7.10826e-11
3.49236e-10
1.13317e-10
5.61669e-10
1.74744e-10
8.72036e-10
2.60708e-10
1.30712e-09
3.76362e-10
1.89172e-09
5.25806e-10
2.64362e-09
7.10998e-10
3.56761e-09
9.30672e-10
4.64971e-09
1.17942e-09
5.85289e-09
1.44722e-09
7.11571e-09
1.71966e-09
8.35512e-09
1.97894e-09
9.47344e-09
2.20554e-09
1.03691e-08
2.38053e-09
1.09493e-08
2.4879e-09
1.11421e-08
2.51672e-09
1.09058e-08
2.46251e-09
1.02336e-08
2.32775e-09
9.15208e-09
2.12129e-09
7.71475e-09
1.85693e-09
1.57782e-09
6.29699e-09
1.92577e-13
7.25459e-14
5.08992e-13
2.50275e-13
1.13637e-12
5.53277e-13
2.40421e-12
1.11531e-12
4.88152e-12
2.14991e-12
9.55901e-12
3.98744e-12
1.80602e-11
7.15223e-12
3.29416e-11
1.24048e-11
5.8003e-11
2.08052e-11
9.86015e-11
3.37542e-11
1.61839e-10
5.29786e-11
2.56498e-10
8.046e-11
3.92577e-10
1.18254e-10
5.80291e-10
1.68225e-10
8.28506e-10
2.31676e-10
1.14267e-09
3.08926e-10
1.52255e-09
3.98922e-10
1.96018e-09
4.98947e-10
2.43855e-09
6.04546e-10
2.9316e-09
7.09697e-10
3.40577e-09
8.07315e-10
3.82313e-09
8.8997e-10
4.14568e-09
9.50769e-10
4.34015e-09
9.84232e-10
4.38228e-09
9.87e-10
4.25989e-09
9.58258e-10
3.97388e-09
8.99773e-10
3.53721e-09
8.15578e-10
2.97189e-09
7.11361e-10
6.0381e-10
2.42382e-09
1.00573e-13
3.74821e-14
2.62608e-13
1.3045e-13
5.77737e-13
2.83554e-13
1.20353e-12
5.63281e-13
2.40091e-12
1.06589e-12
4.62581e-12
1.94678e-12
8.59454e-12
3.43496e-12
1.54232e-11
5.86332e-12
2.6731e-11
9.67755e-12
4.47419e-11
1.5454e-11
7.23297e-11
2.38821e-11
1.12946e-10
3.57203e-11
1.70382e-10
5.17163e-11
2.48329e-10
7.24958e-11
3.49731e-10
9.84155e-11
4.76001e-10
1.2941e-10
6.2619e-10
1.64859e-10
7.96328e-10
2.03512e-10
9.79084e-10
2.4349e-10
1.16394e-09
2.82406e-10
1.33797e-09
3.17576e-10
1.48711e-09
3.46302e-10
1.59779e-09
3.66212e-10
1.65872e-09
3.75545e-10
1.66222e-09
3.73391e-10
1.60522e-09
3.5978e-10
1.48934e-09
3.35666e-10
1.32033e-09
3.0276e-10
1.10686e-09
2.633e-10
2.23494e-10
9.03454e-10
5.20753e-14
1.93456e-14
1.32191e-13
6.37493e-14
2.84983e-13
1.38896e-13
5.83128e-13
2.71793e-13
1.14451e-12
5.06023e-13
2.16599e-12
9.10894e-13
3.95772e-12
1.58391e-12
6.98295e-12
2.66189e-12
1.19052e-11
4.32421e-12
1.96109e-11
6.7997e-12
3.12123e-11
1.03497e-11
4.80057e-11
1.52495e-11
7.13563e-11
2.17558e-11
1.0252e-10
3.00602e-11
1.42393e-10
4.02337e-11
1.91222e-10
5.21828e-11
2.48331e-10
6.55923e-11
3.11919e-10
7.99282e-11
3.78999e-10
9.44449e-11
4.45533e-10
1.08239e-10
5.06762e-10
1.20344e-10
5.57712e-10
1.29829e-10
5.93785e-10
1.35921e-10
6.11338e-10
1.38101e-10
6.0814e-10
1.36163e-10
5.83606e-10
1.30238e-10
5.38773e-10
1.2077e-10
4.76031e-10
1.08443e-10
3.98636e-10
9.40967e-11
7.99492e-11
3.26199e-10
2.63744e-14
8.46369e-15
6.50569e-14
2.89233e-14
1.38905e-13
6.33963e-14
2.77811e-13
1.20984e-13
5.34522e-13
2.24716e-13
9.94023e-13
4.00193e-13
1.78115e-12
6.84582e-13
3.0861e-12
1.13635e-12
5.16821e-12
1.82056e-12
8.36802e-12
2.8248e-12
1.30975e-11
4.24089e-12
1.98207e-11
6.16299e-12
2.90054e-11
8.674e-12
4.10491e-11
1.18264e-11
5.61892e-11
1.56241e-11
7.44093e-11
2.00063e-11
9.53456e-11
2.48363e-11
1.18236e-10
2.99026e-11
1.41927e-10
3.49234e-11
1.64934e-10
3.95785e-11
1.85587e-10
4.35363e-11
2.02205e-10
4.64949e-11
2.13305e-10
4.82193e-11
2.1779e-10
4.85671e-11
2.15073e-10
4.75096e-11
2.05137e-10
4.51316e-11
1.88502e-10
4.16158e-11
1.66106e-10
3.72189e-11
1.39135e-10
3.22394e-11
2.74339e-11
1.14383e-10
1.26058e-14
3.6273e-15
3.36154e-14
1.12152e-14
6.9632e-14
2.42059e-14
1.39264e-13
4.44547e-14
2.6112e-13
8.18647e-14
4.72417e-13
1.44305e-13
8.2778e-13
2.44606e-13
1.40044e-12
4.0248e-13
2.29485e-12
6.38645e-13
3.63917e-12
9.82877e-13
5.58106e-12
1.46234e-12
8.2844e-12
2.10592e-12
1.19005e-11
2.93747e-12
1.65451e-11
3.9696e-12
2.22666e-11
5.19577e-12
2.90125e-11
6.5954e-12
3.66072e-11
8.11449e-12
4.47372e-11
9.68459e-12
5.29646e-11
1.12153e-11
6.07575e-11
1.26061e-11
6.75424e-11
1.37571e-11
7.27714e-11
1.4582e-11
7.5986e-11
1.50155e-11
7.68769e-11
1.50262e-11
7.53182e-11
1.46127e-11
7.13763e-11
1.38119e-11
6.52889e-11
1.26846e-11
5.74235e-11
1.13101e-11
4.82173e-11
9.78108e-12
8.32434e-12
3.99781e-11
1.04515e-14
2.33623e-14
4.54949e-14
8.7301e-14
1.60462e-13
2.82191e-13
4.82615e-13
7.95854e-13
1.27355e-12
1.97288e-12
2.95901e-12
4.29835e-12
6.0459e-12
8.23735e-12
1.0873e-11
1.3907e-11
1.72392e-11
2.07151e-11
2.41374e-11
2.72763e-11
2.99001e-11
3.17996e-11
3.28137e-11
3.28492e-11
3.18918e-11
3.00048e-11
2.73172e-11
2.40079e-11
2.02831e-11
1.70657e-11
0.00148983
6.46274e-05
0.00148294
6.86591e-05
7.4549e-05
0.00147174
0.001417
6.90988e-05
0.00141307
7.1655e-05
7.42259e-05
0.00140815
0.00124873
7.0757e-05
0.00124811
7.23547e-05
7.33904e-05
0.00125339
0.00103047
6.78521e-05
0.00103138
6.8854e-05
6.93357e-05
0.00104607
0.000807868
6.05731e-05
0.000809063
6.11338e-05
6.15403e-05
0.000828681
0.000604727
5.04436e-05
0.000605761
5.06706e-05
5.11788e-05
0.000626641
0.000432962
3.93761e-05
0.000433817
3.93801e-05
3.99951e-05
0.000453544
0.000296933
2.89605e-05
0.000297657
2.88453e-05
2.95e-05
0.00031476
0.000195379
2.01643e-05
0.000195998
2.00098e-05
2.06285e-05
0.000209799
0.000123543
1.33464e-05
0.000124061
1.32013e-05
1.37308e-05
0.000134513
7.51894e-05
8.42734e-06
7.56066e-05
8.31331e-06
8.73053e-06
8.30808e-05
4.41081e-05
5.09177e-06
4.44277e-05
5.01253e-06
5.3187e-06
4.95002e-05
2.49718e-05
2.95118e-06
2.52046e-05
2.90127e-06
3.11238e-06
2.84848e-05
1.3659e-05
1.64429e-06
1.38206e-05
1.61546e-06
1.75314e-06
1.58484e-05
7.22469e-06
8.82191e-07
7.33163e-06
8.66856e-07
9.52213e-07
8.53345e-06
3.69798e-06
4.56407e-07
3.7657e-06
4.4891e-07
4.99405e-07
4.45008e-06
1.83276e-06
2.27944e-07
1.87386e-06
2.2461e-07
2.53199e-07
2.24903e-06
8.79903e-07
1.09995e-07
9.03857e-07
1.08679e-07
1.24208e-07
1.10214e-06
4.0935e-07
5.13193e-08
4.22772e-07
5.08884e-08
5.8994e-08
5.23931e-07
1.84583e-07
2.3162e-08
1.9182e-07
2.30716e-08
2.71436e-08
2.41689e-07
8.0687e-08
1.01164e-08
8.44444e-08
1.01321e-08
1.2103e-08
1.08218e-07
3.41966e-08
4.27717e-09
3.60764e-08
4.31131e-09
5.23122e-09
4.70427e-08
1.40532e-08
1.75087e-09
1.49596e-08
1.77789e-09
2.1922e-09
1.98568e-08
5.60034e-09
6.94037e-10
6.02176e-09
7.10642e-10
8.90785e-10
8.13968e-09
2.16443e-09
2.66428e-10
2.35338e-09
2.7535e-10
3.50998e-10
3.24068e-09
8.11373e-10
9.90446e-11
8.93104e-10
1.03415e-10
1.34097e-10
1.25332e-09
2.95154e-10
3.56242e-11
3.29301e-10
3.76075e-11
4.96079e-11
4.71122e-10
1.04516e-10
1.22946e-11
1.18393e-10
1.31181e-11
1.75853e-11
1.7281e-10
3.70492e-11
3.74101e-12
4.27614e-11
4.01649e-12
5.44394e-12
6.3822e-11
1.61319e-11
1.90373e-11
2.90898e-11
0.00144072
0.000160501
0.00134937
0.000166374
0.0012083
0.000168855
0.00103999
0.00016735
0.000863202
0.000160827
0.000692128
0.00014889
0.00053648
0.000132224
0.00040214
0.000112437
0.000291555
9.15404e-05
0.000204462
7.14075e-05
0.000138693
5.343e-05
9.09935e-05
3.83909e-05
5.77315e-05
2.65153e-05
3.54145e-05
1.76174e-05
2.09999e-05
1.12678e-05
1.20339e-05
6.94047e-06
6.66214e-06
4.11847e-06
3.56204e-06
2.35491e-06
1.83871e-06
1.29768e-06
9.16014e-07
6.89209e-07
4.40264e-07
3.52824e-07
2.04078e-07
1.74104e-07
9.12026e-08
8.28185e-08
3.92837e-08
3.7979e-08
1.63037e-08
1.67916e-08
6.51719e-09
7.15806e-09
2.50591e-09
2.94103e-09
9.17953e-10
1.1604e-09
2.92934e-10
4.26221e-10
1.0652e-10
0.00136939
0.000156101
0.00127309
0.000161276
0.00113661
0.000163021
0.000978171
0.000160783
0.000813132
0.000153848
0.000653632
0.000142076
0.000508315
0.000126178
0.000382553
0.000107574
0.000278619
8.79987e-05
0.000196385
6.90888e-05
0.000133966
5.20993e-05
8.84326e-05
3.77661e-05
5.64781e-05
2.63346e-05
3.48915e-05
1.76762e-05
2.08469e-05
1.14268e-05
1.20428e-05
7.11742e-06
6.72431e-06
4.27269e-06
3.62794e-06
2.47255e-06
1.89068e-06
1.37947e-06
9.51414e-07
7.4206e-07
4.62134e-07
3.84905e-07
2.16604e-07
1.92521e-07
9.79322e-08
9.28612e-08
4.26989e-08
4.31964e-08
1.79481e-08
1.93797e-08
7.2705e-09
8.38589e-09
2.83431e-09
3.49841e-09
1.05266e-09
1.40159e-09
3.39954e-10
5.22278e-10
1.31857e-10
0.001228
0.000151297
0.00114638
0.000154444
0.0010275
0.000154789
0.000888103
0.000151517
0.000741727
0.000144116
0.000599181
0.000132599
0.000468475
0.000117645
0.000354603
0.000100468
0.000259839
8.2509e-05
0.000184355
6.5161e-05
0.000126654
4.95087e-05
8.42338e-05
3.62036e-05
5.42216e-05
2.54891e-05
3.37771e-05
1.72866e-05
2.03599e-05
1.12989e-05
1.18715e-05
7.12002e-06
6.69385e-06
4.3264e-06
3.64876e-06
2.53532e-06
1.92208e-06
1.433e-06
9.78151e-07
7.81262e-07
4.80735e-07
4.10871e-07
2.28101e-07
2.08445e-07
1.04457e-07
1.02016e-07
4.61539e-08
4.81681e-08
1.96708e-08
2.19424e-08
8.08364e-09
9.64371e-09
3.1983e-09
4.08724e-09
1.20551e-09
1.66359e-09
3.94331e-10
6.29171e-10
1.60502e-10
0.00104047
0.000141756
0.000984032
0.000143595
0.000890573
0.000142878
0.000776255
0.000138933
0.000653348
0.000131444
0.000531739
0.000120547
0.000418855
0.000106867
0.000319423
9.14081e-05
0.000235867
7.53556e-05
0.000168709
5.98579e-05
0.000116894
4.58183e-05
7.84252e-05
3.37961e-05
5.09406e-05
2.40239e-05
3.20367e-05
1.6465e-05
1.95061e-05
1.08854e-05
1.14934e-05
6.94295e-06
6.5516e-06
4.27227e-06
3.61193e-06
2.53652e-06
1.92524e-06
1.45318e-06
9.91844e-07
8.03383e-07
4.93713e-07
4.28611e-07
2.37378e-07
2.20674e-07
1.10207e-07
1.09646e-07
4.93924e-08
5.25774e-08
2.13634e-08
2.43323e-08
8.9138e-09
1.08676e-08
3.58221e-09
4.68171e-09
1.37128e-09
1.93682e-09
4.54618e-10
7.4373e-10
1.91741e-10
0.000838419
0.000126059
0.000806504
0.000127792
0.000739941
0.00012692
0.000652491
0.000123053
0.000554923
0.000116113
0.000456065
0.000106335
0.000362629
9.43002e-05
0.000279109
8.08476e-05
0.000208038
6.69395e-05
0.000150231
5.34972e-05
0.000105106
4.12577e-05
7.12193e-05
3.06993e-05
4.67353e-05
2.20388e-05
2.97089e-05
1.52691e-05
1.82924e-05
1.02133e-05
1.0903e-05
6.59519e-06
6.2894e-06
4.11102e-06
3.51025e-06
2.47382e-06
1.89498e-06
1.43714e-06
9.89187e-07
8.06035e-07
4.99138e-07
4.36449e-07
2.43388e-07
2.28158e-07
1.14653e-07
1.15148e-07
5.21621e-08
5.61048e-08
2.29134e-08
2.63915e-08
9.71414e-09
1.19845e-08
3.96789e-09
5.25037e-09
1.54354e-09
2.20872e-09
5.18882e-10
8.61432e-10
2.24478e-10
0.000645397
0.000105764
0.000632528
0.000108111
0.000589712
0.000107841
0.000527373
0.000104743
0.000454217
9.8932e-05
0.000377696
9.0718e-05
0.000303677
8.06347e-05
0.000236296
6.93855e-05
0.000178051
5.77472e-05
0.000129975
4.64568e-05
9.19272e-05
3.61129e-05
6.29876e-05
2.71183e-05
4.18113e-05
1.96697e-05
2.6894e-05
1.37814e-05
1.67597e-05
9.32819e-06
1.01141e-05
6.09948e-06
5.90931e-06
3.85257e-06
3.34181e-06
2.35052e-06
1.8287e-06
1.38523e-06
9.68029e-07
7.8853e-07
4.95554e-07
4.33546e-07
2.45255e-07
2.30227e-07
1.17313e-07
1.18078e-07
5.4219e-08
5.84871e-08
2.42054e-08
2.79779e-08
1.04335e-08
1.29237e-08
4.33426e-09
5.76051e-09
1.71428e-09
2.46528e-09
5.84541e-10
9.76876e-10
2.57336e-10
0.000475917
8.37541e-05
0.000475685
8.68035e-05
0.000451306
8.74281e-05
0.000410006
8.54533e-05
0.000358245
8.10938e-05
0.000301908
7.46777e-05
0.00024585
6.66807e-05
0.000193677
5.76858e-05
0.00014772
4.83173e-05
0.000109138
3.91628e-05
7.81279e-05
3.07053e-05
5.41947e-05
2.3281e-05
3.64295e-05
1.70671e-05
2.37317e-05
1.20963e-05
1.49806e-05
8.28823e-06
9.16088e-06
5.48981e-06
5.42568e-06
3.51482e-06
3.1115e-06
2.17503e-06
1.72729e-06
1.3008e-06
9.27938e-07
7.51819e-07
4.82284e-07
4.19891e-07
2.42432e-07
2.26595e-07
1.1783e-07
1.18148e-07
5.53576e-08
5.95171e-08
2.51322e-08
2.89644e-08
1.10206e-08
1.36153e-08
4.6585e-09
6.17693e-09
1.87418e-09
2.69021e-09
6.48411e-10
1.08333e-09
2.88515e-10
0.000336824
6.27792e-05
0.000343603
6.62219e-05
0.000332048
6.76186e-05
0.000306812
6.67603e-05
0.000272321
6.38666e-05
0.000232907
5.92311e-05
0.000192348
5.3252e-05
0.000153607
4.63993e-05
0.000118732
3.91668e-05
8.88872e-05
3.20185e-05
6.44749e-05
2.53411e-05
4.5322e-05
1.94124e-05
3.08776e-05
1.43902e-05
2.039e-05
1.03212e-05
1.30496e-05
7.16173e-06
8.09309e-06
4.80704e-06
4.86269e-06
3.12076e-06
2.82999e-06
1.95935e-06
1.59487e-06
1.18956e-06
8.70125e-07
6.98286e-07
4.59441e-07
3.96283e-07
2.34717e-07
2.17398e-07
1.15986e-07
1.15277e-07
5.54226e-08
5.90784e-08
2.56013e-08
2.92595e-08
1.14263e-08
1.40014e-08
4.91695e-09
6.4675e-09
2.01287e-09
2.86742e-09
7.06735e-10
1.17372e-09
3.16038e-10
0.000229145
4.46989e-05
0.000238727
4.81114e-05
0.000235135
4.99475e-05
0.000221156
4.99576e-05
0.000199596
4.83113e-05
0.00017343
4.52346e-05
0.000145419
4.10351e-05
0.000117852
3.60746e-05
9.24175e-05
3.07327e-05
7.01791e-05
2.53684e-05
5.16315e-05
2.02861e-05
3.68132e-05
1.57119e-05
2.5442e-05
1.17844e-05
1.70448e-05
8.5577e-06
1.10692e-05
6.01609e-06
6.96746e-06
4.09369e-06
4.25009e-06
2.69584e-06
2.51186e-06
1.71786e-06
1.43802e-06
1.05909e-06
7.97243e-07
6.31635e-07
4.27916e-07
3.64356e-07
2.22303e-07
2.0326e-07
1.11745e-07
1.09646e-07
5.43365e-08
5.71857e-08
2.55503e-08
2.88326e-08
1.16118e-08
1.40498e-08
5.08878e-09
6.60992e-09
2.12044e-09
2.98412e-09
7.55693e-10
1.24184e-09
3.38085e-10
0.000150058
3.03353e-05
0.00015973
3.33728e-05
0.000160422
3.52948e-05
0.000153676
3.58392e-05
0.000141129
3.511e-05
0.000124687
3.32572e-05
0.000106242
3.04982e-05
8.74593e-05
2.70953e-05
6.96445e-05
2.33282e-05
5.36934e-05
1.94662e-05
4.01022e-05
1.57426e-05
2.90267e-05
1.23375e-05
2.03663e-05
9.36858e-06
1.38536e-05
6.89205e-06
9.13606e-06
4.91116e-06
5.84085e-06
3.38931e-06
3.61958e-06
2.26494e-06
2.17384e-06
1.46537e-06
1.265e-06
9.17721e-07
7.13085e-07
5.56251e-07
3.89286e-07
3.26253e-07
2.05758e-07
1.85136e-07
1.05265e-07
1.01628e-07
5.21113e-08
5.3958e-08
2.49551e-08
2.77041e-08
1.15533e-08
1.37515e-08
5.15829e-09
6.59118e-09
2.18846e-09
3.03084e-09
7.91758e-10
1.28248e-09
3.53022e-10
9.4712e-05
1.96848e-05
0.000103038
2.21575e-05
0.00010555
2.39022e-05
0.000103021
2.46769e-05
9.63199e-05
2.45293e-05
8.65824e-05
2.35439e-05
7.50234e-05
2.18597e-05
6.27812e-05
1.96542e-05
5.08061e-05
1.7123e-05
3.97994e-05
1.44598e-05
3.02e-05
1.18375e-05
2.22079e-05
9.39454e-06
1.5831e-05
7.22743e-06
1.09417e-05
5.38934e-06
7.33262e-06
3.89467e-06
4.76459e-06
2.72722e-06
3.00153e-06
1.85016e-06
1.83294e-06
1.21579e-06
1.08481e-06
7.73727e-07
6.22115e-07
4.76777e-07
3.4561e-07
2.84419e-07
1.85948e-07
1.64224e-07
9.68649e-08
9.17641e-08
4.8842e-08
4.96121e-08
2.38303e-08
2.59475e-08
1.12433e-08
1.31234e-08
5.11598e-09
6.41017e-09
2.21052e-09
3.00297e-09
8.11955e-10
1.29222e-09
3.59642e-10
5.76851e-05
1.22469e-05
6.41474e-05
1.41129e-05
6.70313e-05
1.554e-05
6.66756e-05
1.6328e-05
6.3488e-05
1.64874e-05
5.80919e-05
1.60555e-05
5.12173e-05
1.51117e-05
4.35961e-05
1.3767e-05
3.5878e-05
1.21504e-05
2.85768e-05
1.03943e-05
2.20459e-05
8.62149e-06
1.64816e-05
6.93436e-06
1.19449e-05
5.40848e-06
8.39392e-06
4.09038e-06
5.72e-06
2.99934e-06
3.77991e-06
2.13206e-06
2.42211e-06
1.46897e-06
1.5048e-06
9.80816e-07
9.06294e-07
6.34508e-07
5.29021e-07
3.97627e-07
2.9922e-07
2.41332e-07
1.63952e-07
1.41829e-07
8.70029e-08
8.06936e-08
4.47019e-08
4.44376e-08
2.22303e-08
2.36811e-08
1.06927e-08
1.22072e-08
4.96026e-09
6.07804e-09
2.18329e-09
2.90149e-09
8.14264e-10
1.26983e-09
3.57314e-10
3.39391e-05
7.32223e-06
3.85767e-05
8.64047e-06
4.11209e-05
9.71485e-06
4.16888e-05
1.03945e-05
4.04364e-05
1.06706e-05
3.76749e-05
1.05522e-05
3.38122e-05
1.00783e-05
2.929e-05
9.31246e-06
2.45266e-05
8.33413e-06
1.98747e-05
7.2291e-06
1.55978e-05
6.08028e-06
1.18623e-05
4.96001e-06
8.74571e-06
3.92468e-06
6.25243e-06
3.01225e-06
4.33502e-06
2.24239e-06
2.91502e-06
1.61889e-06
1.90102e-06
1.13329e-06
1.20223e-06
7.69149e-07
7.37191e-07
5.05983e-07
4.38212e-07
3.22575e-07
2.52468e-07
1.99251e-07
1.40944e-07
1.1922e-07
7.62239e-08
6.90858e-08
3.99231e-08
3.87631e-08
2.02438e-08
2.10538e-08
9.93043e-09
1.10643e-08
4.69792e-09
5.61698e-09
2.10693e-09
2.73288e-09
7.97894e-10
1.21652e-09
3.46078e-10
1.93076e-05
4.2153e-06
2.24283e-05
5.09353e-06
2.4385e-05
5.84791e-06
2.51967e-05
6.3735e-06
2.48985e-05
6.65503e-06
2.36267e-05
6.68756e-06
2.15916e-05
6.48631e-06
1.90422e-05
6.08387e-06
1.62319e-05
5.5256e-06
1.33884e-05
4.86373e-06
1.06946e-05
4.15137e-06
8.27835e-06
3.4371e-06
6.21225e-06
2.76088e-06
4.52072e-06
2.15172e-06
3.19075e-06
1.62703e-06
2.18443e-06
1.19356e-06
1.45057e-06
8.49315e-07
9.34262e-07
5.86142e-07
5.83541e-07
3.9225e-07
3.53407e-07
2.54483e-07
2.07489e-07
1.60028e-07
1.18068e-07
9.75162e-08
6.50998e-08
5.75708e-08
3.47713e-08
3.29208e-08
1.79846e-08
1.82288e-08
9.00032e-09
9.76878e-09
4.34353e-09
5.05771e-09
1.98522e-09
2.50846e-09
7.63422e-10
1.1358e-09
3.26647e-10
1.06294e-05
2.34034e-06
1.26155e-05
2.89516e-06
1.39872e-05
3.39362e-06
1.47291e-05
3.76771e-06
1.48283e-05
4.00272e-06
1.43327e-05
4.08916e-06
1.33403e-05
4.02992e-06
1.19817e-05
3.8394e-06
1.04007e-05
3.54131e-06
8.73577e-06
3.16535e-06
7.10573e-06
2.7436e-06
5.60095e-06
2.30698e-06
4.28014e-06
1.88233e-06
3.17201e-06
1.4905e-06
2.28021e-06
1.1454e-06
1.5901e-06
8.54183e-07
1.07569e-06
6.18112e-07
7.05904e-07
4.33951e-07
4.49317e-07
2.95525e-07
2.77361e-07
1.95182e-07
1.66013e-07
1.24992e-07
9.63277e-08
7.75934e-08
5.41714e-08
4.66833e-08
2.95176e-08
2.72135e-08
1.55783e-08
1.5366e-08
7.95617e-09
8.39929e-09
3.91793e-09
4.43594e-09
1.82526e-09
2.24306e-09
7.12762e-10
1.03311e-09
3.00339e-10
5.66687e-06
1.25476e-06
6.86945e-06
1.58855e-06
7.76477e-06
1.90045e-06
8.33154e-06
2.14913e-06
8.54477e-06
2.32325e-06
8.41329e-06
2.41356e-06
7.97667e-06
2.41785e-06
7.29782e-06
2.341e-06
6.45296e-06
2.19404e-06
5.5211e-06
1.99263e-06
4.57479e-06
1.75494e-06
3.67349e-06
1.49956e-06
2.85991e-06
1.24354e-06
2.15943e-06
1.00097e-06
1.58171e-06
7.82133e-07
1.12401e-06
5.93231e-07
7.74975e-07
4.36734e-07
5.18396e-07
3.12035e-07
3.364e-07
2.16327e-07
2.11745e-07
1.45498e-07
1.29259e-07
9.4917e-08
7.6508e-08
6.00448e-08
4.38991e-08
3.68253e-08
2.44112e-08
2.18898e-08
1.31503e-08
1.26072e-08
6.85612e-09
7.03079e-09
3.44597e-09
3.7885e-09
1.63662e-09
1.95338e-09
6.48983e-10
9.15178e-10
2.68921e-10
2.92749e-06
6.50322e-07
3.62311e-06
8.42196e-07
4.1737e-06
1.02788e-06
4.56217e-06
1.18371e-06
4.76605e-06
1.30203e-06
4.7802e-06
1.37572e-06
4.61695e-06
1.40132e-06
4.30342e-06
1.37936e-06
3.87703e-06
1.31421e-06
3.37999e-06
1.21335e-06
2.85391e-06
1.08638e-06
2.33538e-06
9.4382e-07
1.853e-06
7.95889e-07
1.42607e-06
6.51572e-07
1.06476e-06
5.17916e-07
7.71381e-07
3.99711e-07
5.42266e-07
2.99502e-07
3.69893e-07
2.17856e-07
2.44809e-07
1.53812e-07
1.57187e-07
1.05386e-07
9.78981e-08
7.00577e-08
5.91311e-08
4.51761e-08
3.46295e-08
2.82511e-08
1.96585e-08
1.71285e-08
1.0813e-08
1.00649e-08
5.7567e-09
5.72798e-09
2.95387e-09
3.14971e-09
1.43039e-09
1.65619e-09
5.75963e-10
7.89292e-10
2.34404e-10
1.46615e-06
3.26088e-07
1.85172e-06
4.31745e-07
2.17313e-06
5.37282e-07
2.4192e-06
6.29896e-07
2.57394e-06
7.04924e-07
2.62955e-06
7.5757e-07
2.58734e-06
7.84771e-07
2.45722e-06
7.85557e-07
2.25591e-06
7.61135e-07
2.00441e-06
7.14666e-07
1.72507e-06
6.50816e-07
1.43902e-06
5.75137e-07
1.16405e-06
4.93407e-07
9.13416e-07
4.11019e-07
6.95444e-07
3.325e-07
5.13821e-07
2.61223e-07
3.68421e-07
1.99297e-07
2.56365e-07
1.47646e-07
1.73112e-07
1.06198e-07
1.13424e-07
7.41485e-08
7.20986e-08
5.02455e-08
4.44542e-08
3.3037e-08
2.65809e-08
2.10721e-08
1.54093e-08
1.30347e-08
8.6568e-09
7.81649e-09
4.70754e-09
4.54055e-09
2.46657e-09
2.5484e-09
1.21796e-09
1.36669e-09
4.97976e-10
6.62516e-10
1.98831e-10
7.12132e-07
1.5829e-07
9.1741e-07
2.14138e-07
1.09639e-06
2.71563e-07
1.24268e-06
3.24e-07
1.34629e-06
3.6884e-07
1.40078e-06
4.03161e-07
1.40409e-06
4.24772e-07
1.35875e-06
4.32488e-07
1.27134e-06
4.26264e-07
1.15146e-06
4.07182e-07
1.01033e-06
3.77283e-07
8.59365e-07
3.39285e-07
7.08915e-07
2.96246e-07
5.67362e-07
2.51211e-07
4.40632e-07
2.06912e-07
3.32128e-07
1.65543e-07
2.42983e-07
1.2865e-07
1.7254e-07
9.71057e-08
1.18912e-07
7.11806e-08
7.95313e-08
5.06629e-08
5.16141e-08
3.50062e-08
3.24968e-08
2.34764e-08
1.98455e-08
1.52771e-08
1.17521e-08
9.64395e-09
6.74527e-09
5.90334e-09
3.74764e-09
3.50104e-09
2.00552e-09
2.00597e-09
1.00991e-09
1.09731e-09
4.19245e-10
5.41051e-10
1.64074e-10
3.35571e-07
7.44198e-08
4.40734e-07
1.02801e-07
5.36149e-07
1.32777e-07
6.185e-07
1.61151e-07
6.82138e-07
1.86573e-07
7.22755e-07
2.07403e-07
7.37982e-07
2.22264e-07
7.27696e-07
2.30213e-07
6.93986e-07
2.30861e-07
6.40793e-07
2.24415e-07
5.73326e-07
2.11638e-07
4.97353e-07
1.93745e-07
4.18506e-07
1.7224e-07
3.41707e-07
1.48737e-07
2.70782e-07
1.24781e-07
2.08286e-07
1.01707e-07
1.55527e-07
8.05409e-08
1.12735e-07
6.19614e-08
7.93226e-08
4.63034e-08
5.41731e-08
3.36066e-08
3.59054e-08
2.36851e-08
2.30915e-08
1.62059e-08
1.44069e-08
1.07624e-08
8.71753e-09
6.93521e-09
5.11333e-09
4.33451e-09
2.9033e-09
2.62506e-09
1.58713e-09
1.5357e-09
8.15096e-10
8.56937e-10
3.43537e-10
4.29747e-10
1.31665e-10
1.53447e-07
3.3899e-08
2.0536e-07
4.77839e-08
2.54179e-07
6.28189e-08
2.98337e-07
7.75278e-08
3.34875e-07
9.12613e-08
3.61258e-07
1.03164e-07
3.75717e-07
1.1245e-07
3.77499e-07
1.18495e-07
3.66954e-07
1.20923e-07
3.45461e-07
1.19646e-07
3.1522e-07
1.14874e-07
2.78936e-07
1.07086e-07
2.39471e-07
9.69612e-08
1.99524e-07
8.52966e-08
1.6137e-07
7.29119e-08
1.26705e-07
6.05657e-08
9.65912e-08
4.88896e-08
7.14916e-08
3.83477e-08
5.13722e-08
2.92248e-08
3.58358e-08
2.16364e-08
2.42643e-08
1.55584e-08
1.59444e-08
1.08643e-08
1.01659e-08
7.36517e-09
6.28725e-09
4.84602e-09
3.76976e-09
3.09321e-09
2.18793e-09
1.91338e-09
1.222e-09
1.14308e-09
6.40076e-10
6.50701e-10
2.73861e-10
3.3187e-10
1.02713e-10
6.81026e-08
1.4964e-08
9.28243e-08
2.15099e-08
1.16844e-07
2.87655e-08
1.39487e-07
3.6084e-08
1.59308e-07
4.3176e-08
1.74946e-07
4.96247e-08
1.85305e-07
5.50154e-08
1.89702e-07
5.89835e-08
1.8796e-07
6.12603e-08
1.80426e-07
6.17067e-08
1.67915e-07
6.03307e-08
1.5159e-07
5.72843e-08
1.32803e-07
5.28433e-08
1.12936e-07
4.73705e-08
9.32439e-08
4.12717e-08
7.47531e-08
3.49504e-08
5.81946e-08
2.87678e-08
4.39929e-08
2.30139e-08
3.2293e-08
1.7892e-08
2.30155e-08
1.35161e-08
1.59245e-08
9.91951e-09
1.06949e-08
7.07108e-09
6.97035e-09
4.89478e-09
4.40732e-09
3.28926e-09
2.70196e-09
2.14471e-09
1.60332e-09
1.35532e-09
9.15046e-10
8.26968e-10
4.88849e-10
4.80254e-10
2.12304e-10
2.49079e-10
7.78623e-11
2.93404e-08
6.40235e-09
4.07076e-08
9.37842e-09
5.20888e-08
1.27507e-08
6.32229e-08
1.62508e-08
7.34491e-08
1.97597e-08
8.20919e-08
2.30877e-08
8.85448e-08
2.60313e-08
9.23514e-08
2.83957e-08
9.32666e-08
3.00176e-08
9.12895e-08
3.07863e-08
8.66604e-08
3.06567e-08
7.98252e-08
2.96557e-08
7.13728e-08
2.7878e-08
6.19599e-08
2.54732e-08
5.22334e-08
2.26274e-08
4.27651e-08
1.95405e-08
3.40061e-08
1.64054e-08
2.6263e-08
1.33895e-08
1.96985e-08
1.06224e-08
1.43477e-08
8.19027e-09
1.0147e-08
6.13649e-09
6.96673e-09
4.4668e-09
4.64262e-09
3.15807e-09
3.00193e-09
2.16799e-09
1.88217e-09
1.44434e-09
1.14213e-09
9.32617e-10
6.66153e-10
5.81268e-10
3.62976e-10
3.44383e-10
1.59991e-10
1.81611e-10
5.73343e-11
1.22719e-08
2.65519e-09
1.73222e-08
3.96092e-09
2.25217e-08
5.47169e-09
2.77829e-08
7.08245e-09
3.28228e-08
8.74885e-09
3.73286e-08
1.03902e-08
4.0994e-08
1.19132e-08
4.35568e-08
1.32218e-08
4.48343e-08
1.4227e-08
4.47473e-08
1.48582e-08
4.33308e-08
1.50717e-08
4.07279e-08
1.48564e-08
3.71699e-08
1.42351e-08
3.2945e-08
1.32615e-08
2.83629e-08
1.20132e-08
2.37198e-08
1.05823e-08
1.927e-08
9.06466e-09
1.52075e-08
7.54991e-09
1.16577e-08
6.11375e-09
8.67972e-09
4.81269e-09
6.27597e-09
3.68219e-09
4.40621e-09
2.73762e-09
3.00306e-09
1.97734e-09
1.98623e-09
1.38702e-09
1.27393e-09
9.44329e-10
7.9068e-10
6.23137e-10
4.71358e-10
3.96749e-10
2.61954e-10
2.39802e-10
1.17169e-10
1.28565e-10
4.09824e-11
4.98356e-09
1.06739e-09
7.15291e-09
1.62049e-09
9.44535e-09
2.27328e-09
1.18382e-08
2.98722e-09
1.42182e-08
3.7478e-09
1.64501e-08
4.52315e-09
1.83904e-08
5.2735e-09
1.99037e-08
5.95456e-09
2.08802e-08
6.52201e-09
2.12494e-08
6.93646e-09
2.09903e-08
7.16822e-09
2.01334e-08
7.20102e-09
1.87571e-08
7.03414e-09
1.69762e-08
6.6825e-09
1.49277e-08
6.17472e-09
1.27541e-08
5.54954e-09
1.05879e-08
4.85116e-09
8.54021e-09
4.12432e-09
6.69254e-09
3.40979e-09
5.09489e-09
2.74099e-09
3.76739e-09
2.14198e-09
2.70542e-09
1.6269e-09
1.88633e-09
1.20068e-09
1.27653e-09
8.60719e-10
8.37765e-10
5.98939e-10
5.31955e-10
4.03924e-10
3.24173e-10
2.62716e-10
1.83748e-10
1.61975e-10
8.33907e-11
8.82691e-11
2.8406e-11
1.9652e-09
4.15856e-10
2.86662e-09
6.42093e-10
3.84284e-09
9.14228e-10
4.89167e-09
1.21914e-09
5.97112e-09
1.55306e-09
7.02657e-09
1.90441e-09
7.99538e-09
2.25742e-09
8.8134e-09
2.59312e-09
9.42239e-09
2.89102e-09
9.77734e-09
3.13126e-09
9.85239e-09
3.29679e-09
9.64432e-09
3.37552e-09
9.17296e-09
3.36181e-09
8.47847e-09
3.25722e-09
7.61609e-09
3.07039e-09
6.64915e-09
2.81584e-09
5.64179e-09
2.51232e-09
4.65225e-09
2.18047e-09
3.72795e-09
1.84071e-09
2.90264e-09
1.51115e-09
2.19568e-09
1.20625e-09
1.61332e-09
9.36005e-10
1.15119e-09
7.05845e-10
7.97397e-10
5.17086e-10
5.35682e-10
3.67729e-10
3.48106e-10
2.53419e-10
2.16908e-10
1.68338e-10
1.25406e-10
1.05838e-10
5.77402e-11
5.86092e-11
1.90373e-11
7.52939e-10
1.56793e-10
1.11563e-09
2.4604e-10
1.51764e-09
3.55365e-10
1.96142e-09
4.80712e-10
2.43277e-09
6.21586e-10
2.91118e-09
7.74228e-10
3.3712e-09
9.32867e-10
3.78457e-09
1.08995e-09
4.12327e-09
1.2367e-09
4.36276e-09
1.3639e-09
4.48504e-09
1.46285e-09
4.48108e-09
1.52638e-09
4.35198e-09
1.54973e-09
4.1089e-09
1.53118e-09
3.77155e-09
1.47225e-09
3.36567e-09
1.37754e-09
2.9199e-09
1.25421e-09
2.46255e-09
1.11103e-09
2.01874e-09
9.57437e-10
1.60844e-09
8.02504e-10
1.24537e-09
6.54104e-10
9.36881e-10
5.18329e-10
6.84621e-10
3.99203e-10
4.85743e-10
2.98696e-10
3.34277e-10
2.16952e-10
2.22474e-10
1.52672e-10
1.41828e-10
1.03497e-10
8.36661e-11
6.63096e-11
3.90759e-11
3.72963e-11
1.22276e-11
2.81449e-10
5.65749e-11
4.2341e-10
9.01411e-11
5.84282e-10
1.31987e-10
7.66519e-10
1.81015e-10
9.65903e-10
2.3745e-10
1.17537e-09
3.0025e-10
1.38528e-09
3.67507e-10
1.58403e-09
4.36467e-10
1.75914e-09
5.03664e-10
1.89852e-09
5.65186e-10
1.99196e-09
6.17044e-10
2.03232e-09
6.55597e-10
2.01657e-09
6.77975e-10
1.94612e-09
6.82446e-10
1.82671e-09
6.68641e-10
1.66766e-09
6.37615e-10
1.48068e-09
5.91722e-10
1.27849e-09
5.34332e-10
1.07343e-09
4.69422e-10
8.76284e-10
4.01133e-10
6.95413e-10
3.33341e-10
5.36402e-10
2.69308e-10
4.02039e-10
2.11463e-10
2.92662e-10
1.61298e-10
2.06662e-10
1.1942e-10
1.41091e-10
8.56409e-11
9.21557e-11
5.91338e-11
5.55187e-11
3.85461e-11
2.63058e-11
2.20047e-11
7.28119e-12
1.0598e-10
1.77592e-11
1.61827e-10
2.86792e-11
2.26485e-10
4.25303e-11
3.01638e-10
5.90708e-11
3.86308e-10
7.84908e-11
4.78301e-10
1.00577e-10
5.74178e-10
1.24802e-10
6.69393e-10
1.50318e-10
7.58605e-10
1.75973e-10
8.3616e-10
2.00385e-10
8.96687e-10
2.22049e-10
9.35721e-10
2.39495e-10
9.50259e-10
2.51453e-10
9.39156e-10
2.56997e-10
9.03289e-10
2.55671e-10
8.45447e-10
2.47562e-10
7.69992e-10
2.33274e-10
6.82313e-10
2.13878e-10
5.88207e-10
1.90762e-10
4.93248e-10
1.65482e-10
4.02275e-10
1.39586e-10
3.19014e-10
1.14456e-10
2.45918e-10
9.12008e-11
1.84163e-10
7.05842e-11
1.33795e-10
5.30137e-11
9.39323e-11
3.8561e-11
6.29959e-11
2.69981e-11
3.88282e-11
1.7842e-11
1.87022e-11
1.03179e-11
3.44472e-12
4.92158e-11
7.61403e-11
1.07908e-10
1.45734e-10
1.89527e-10
2.38592e-10
2.91555e-10
3.46354e-10
4.0033e-10
4.50406e-10
4.93374e-10
5.26225e-10
5.46503e-10
5.52608e-10
5.44013e-10
5.2134e-10
4.8629e-10
4.41438e-10
3.89918e-10
3.35064e-10
2.80053e-10
2.27614e-10
1.79818e-10
1.37989e-10
1.02688e-10
7.37952e-11
5.05811e-11
3.17807e-11
1.55568e-11
)
;

boundaryField
{
    inlet
    {
        type            calculated;
        value           uniform 0;
    }
    outlet
    {
        type            calculated;
        value           uniform 0;
    }
    flap
    {
        type            calculated;
        value           nonuniform List<scalar> 
33
(
7.10509e-05
0.000254909
0.00051654
0.000803151
0.00106471
0.0012926
0.00144487
0.00151178
0.00153201
0.001521
0.0015177
0.00152445
0.00151061
0.00148539
0.00146789
-6.02187e-05
-6.58304e-05
-7.57642e-05
-5.32777e-05
-0.000221932
-0.000486708
-0.000778853
-0.00105032
-0.00128897
-0.00145131
-0.00152545
-0.00154667
-0.00153118
-0.00152425
-0.00152711
-0.00150978
-0.00148165
-0.00145531
)
;
    }
    upperWall
    {
        type            calculated;
        value           nonuniform List<scalar> 
63
(
0
1.18054e-15
0
0
0
0
0
0
0
-9.75077e-16
0
0
0
0
0
0
0
0
0
0
-7.49644e-16
0
0
0
-6.81292e-16
0
0
0
0
0
0
0
-2.96059e-16
6.04549e-16
0
0
0
0
0
-6.97773e-16
0
0
0
0
0
0
4.12426e-16
8.44805e-16
0
0
0
4.64781e-16
0
0
0
0
0
0
0
0
0
0
0
)
;
    }
    lowerWall
    {
        type            calculated;
        value           uniform 0;
    }
    frontAndBack
    {
        type            empty;
        value           nonuniform List<scalar> 0();
    }
}


// ************************************************************************* //
