/*--------------------------------*- C++ -*----------------------------------*\
| =========                 |                                                 |
| \\      /  F ield         | OpenFOAM: The Open Source CFD Toolbox           |
|  \\    /   O peration     | Version:  2012                                  |
|   \\  /    A nd           | Website:  www.openfoam.com                      |
|    \\/     M anipulation  |                                                 |
\*---------------------------------------------------------------------------*/
FoamFile
{
    version     2.0;
    format      ascii;
    class       surfaceScalarField;
    location    "0.1";
    object      phi;
}
// * * * * * * * * * * * * * * * * * * * * * * * * * * * * * * * * * * * * * //

dimensions      [0 3 -1 0 0 0 0];
oriented        oriented;


internalField   nonuniform List<scalar> 
5457
(
0.198461
0.00153912
0.196603
0.00185836
0.194424
0.00217892
0.19188
0.00254382
0.188979
0.00290075
0.185743
0.00323602
0.182192
0.00355103
0.178341
0.00385048
0.1742
0.00414067
0.16977
0.0044296
0.165043
0.00472609
0.160003
0.00503856
0.154626
0.00537408
0.148882
0.0057378
0.142741
0.00613266
0.136169
0.00655928
0.129134
0.00701589
0.121609
0.0074982
0.113574
0.00799933
0.105017
0.00850962
0.0959437
0.00901664
0.0863723
0.00950529
0.0763418
0.00995824
0.0659115
0.010357
0.0551595
0.0106835
0.0441781
0.0109234
0.0330639
0.0110688
0.0219043
0.0111216
0.0107457
0.0111075
0.0106806
0.199959
0.00158027
0.199248
0.00256944
0.198062
0.00336464
0.196417
0.00418895
0.194301
0.00501666
0.191721
0.00581562
0.188696
0.00657614
0.185247
0.00729927
0.181395
0.00799268
0.177154
0.00866968
0.172533
0.00934712
0.167527
0.0100426
0.162126
0.0107721
0.156311
0.0115482
0.150056
0.0123794
0.143333
0.0132696
0.136113
0.0142176
0.128367
0.0152171
0.120074
0.0162563
0.111219
0.0173175
0.101801
0.0183772
0.0918316
0.019406
0.0813445
0.0203694
0.0703927
0.0212297
0.0590506
0.0219491
0.047411
0.0224948
0.0355772
0.0228456
0.0236517
0.0229978
0.0117128
0.022989
0.0223196
0.199812
0.00176836
0.199159
0.0032227
0.198039
0.00448429
0.196479
0.00574937
0.19447
0.00702555
0.192011
0.00827423
0.189114
0.00947293
0.185797
0.0106164
0.182077
0.0117121
0.177969
0.0127774
0.173479
0.013836
0.168606
0.0149141
0.163339
0.0160364
0.157659
0.0172232
0.151542
0.0184892
0.144956
0.0198426
0.137871
0.0212842
0.130254
0.0228072
0.122077
0.0243968
0.113317
0.0260294
0.10396
0.0276726
0.0940083
0.0292844
0.0834793
0.0308147
0.0724122
0.0322066
0.0608695
0.0334002
0.0489378
0.0343391
0.0367272
0.0349773
0.0243712
0.0352841
0.0120208
0.0352732
0.0342743
0.199734
0.00203389
0.19908
0.00387719
0.197982
0.00558247
0.196449
0.00728193
0.194481
0.00899396
0.192076
0.0106791
0.189245
0.0123041
0.186004
0.0138573
0.18237
0.0153453
0.178358
0.0167896
0.173972
0.0182207
0.169212
0.019673
0.164066
0.0211796
0.158516
0.0227688
0.152535
0.0244619
0.146093
0.026272
0.139155
0.0282029
0.131686
0.030249
0.12365
0.0323944
0.115016
0.0346119
0.10576
0.0368625
0.0958697
0.0390944
0.0853468
0.0412435
0.0742142
0.0432343
0.0625205
0.044983
0.0503458
0.046403
0.0378073
0.0474117
0.0250684
0.0479322
0.0123368
0.0479336
0.0465579
0.199698
0.00233544
0.199036
0.00453949
0.197959
0.00666008
0.196458
0.00878197
0.194535
0.0109177
0.192188
0.0130257
0.189428
0.0150643
0.18627
0.0170152
0.182731
0.0188842
0.178824
0.0206965
0.174554
0.0224891
0.169921
0.0243046
0.164913
0.0261848
0.159511
0.0281659
0.153689
0.0302763
0.147413
0.0325346
0.140647
0.0349492
0.133351
0.0375171
0.125481
0.0402232
0.116999
0.0430395
0.107867
0.0459232
0.0980577
0.0488155
0.0875553
0.0516405
0.0763645
0.0543048
0.0645183
0.0566985
0.0520884
0.0586987
0.0391969
0.060175
0.0260293
0.0609912
0.0128247
0.0610655
0.0593445
0.199683
0.0026521
0.19902
0.00520274
0.197967
0.00771337
0.196507
0.0102418
0.194637
0.0127876
0.192359
0.015304
0.189681
0.0177416
0.18662
0.0200762
0.183192
0.0223126
0.179409
0.0244792
0.175277
0.0266197
0.170795
0.0287849
0.165953
0.0310249
0.160729
0.0333842
0.155099
0.0358989
0.149026
0.0385942
0.142471
0.041484
0.135388
0.0445699
0.127728
0.0478404
0.11944
0.0512692
0.110474
0.0548134
0.100782
0.058411
0.0903283
0.0619775
0.0790951
0.0654034
0.0670932
0.068552
0.0543787
0.0712587
0.0410705
0.0733354
0.0273668
0.0745731
0.0135304
0.0748322
0.0728568
0.19968
0.00297205
0.199025
0.00585819
0.198
0.00873748
0.196588
0.0116543
0.194781
0.0145945
0.192582
0.0175031
0.19
0.0203233
0.187051
0.0230253
0.183751
0.0256128
0.180112
0.0281176
0.176141
0.0305898
0.171837
0.0330878
0.167188
0.0356704
0.162177
0.0383908
0.156775
0.0412928
0.150946
0.0444094
0.144648
0.0477614
0.137829
0.0513572
0.130434
0.0551913
0.122398
0.0592431
0.113656
0.0634741
0.10414
0.0678238
0.0937869
0.0722049
0.0825472
0.0764966
0.0703993
0.0805376
0.0573689
0.0841197
0.0435554
0.0869874
0.0291598
0.0888387
0.0144773
0.089449
0.0873336
0.199684
0.00328795
0.199044
0.00649806
0.198055
0.00972675
0.196697
0.0130126
0.194962
0.0163294
0.192853
0.0196122
0.190379
0.0227966
0.187557
0.0258476
0.184402
0.0287679
0.180926
0.0315923
0.177138
0.0343769
0.173037
0.0371879
0.168612
0.0400926
0.163845
0.0431525
0.158709
0.0464202
0.153168
0.0499369
0.147176
0.053732
0.140679
0.0578225
0.133611
0.0622123
0.1259
0.0668905
0.11746
0.0718284
0.1082
0.0769745
0.0980252
0.0822468
0.0868441
0.0875226
0.0745854
0.0926246
0.0612217
0.0973048
0.046806
0.101234
0.0315224
0.103987
0.0157177
0.105189
0.103059
0.199693
0.00359487
0.199075
0.00711584
0.198127
0.0106753
0.196829
0.0143102
0.195175
0.0179838
0.193166
0.021621
0.190813
0.0251495
0.188131
0.0285292
0.185137
0.0317618
0.181844
0.0348849
0.17826
0.0379601
0.174386
0.0410611
0.170212
0.0442634
0.165722
0.0476371
0.160891
0.0512435
0.155681
0.0551328
0.150047
0.0593442
0.143931
0.0639053
0.137263
0.0688324
0.129958
0.0741286
0.121916
0.0797817
0.11302
0.0857579
0.103136
0.091993
0.0921199
0.0983777
0.0798316
0.104736
0.0661585
0.110795
0.0510662
0.116153
0.0346815
0.120235
0.0173926
0.122411
0.120458
0.199706
0.00388927
0.199115
0.0077062
0.198213
0.0115776
0.196983
0.0155406
0.195417
0.0195498
0.193518
0.0235201
0.191296
0.0273709
0.188768
0.0310573
0.18595
0.0345797
0.182856
0.0379782
0.179496
0.0413198
0.175871
0.0446848
0.171974
0.0481567
0.167793
0.0518139
0.163301
0.0557265
0.158466
0.059954
0.153242
0.0645459
0.147572
0.0695424
0.141381
0.0749744
0.134578
0.0808637
0.127048
0.0872208
0.11865
0.0940402
0.109212
0.101291
0.0985269
0.108899
0.0863648
0.116718
0.0724889
0.124487
0.0567142
0.131756
0.039027
0.137786
0.0197738
0.141594
0.140225
0.199721
0.00416849
0.199162
0.00826478
0.198311
0.0124284
0.197154
0.0166979
0.195683
0.0210203
0.193903
0.0253009
0.191823
0.0294508
0.18946
0.0334202
0.186831
0.0372083
0.183952
0.0408571
0.180833
0.0444382
0.177477
0.0480386
0.173883
0.0517486
0.170037
0.0556547
0.16592
0.0598352
0.161501
0.0643589
0.156739
0.0692861
0.151578
0.0746698
0.145946
0.0805576
0.139748
0.086993
0.132863
0.0940153
0.125129
0.101657
0.11634
0.109937
0.106229
0.118845
0.094458
0.128309
0.0806242
0.138137
0.064299
0.147911
0.0451673
0.156784
0.0233277
0.163362
0.163539
0.199738
0.00443045
0.199215
0.008788
0.19842
0.0132236
0.197341
0.0177771
0.195972
0.0223892
0.194317
0.0269559
0.192387
0.0313803
0.190199
0.0356078
0.187772
0.0396358
0.18512
0.043508
0.182258
0.0473001
0.17919
0.0511045
0.175918
0.0550181
0.172434
0.0591343
0.168722
0.063539
0.164758
0.0683096
0.160505
0.0735166
0.155916
0.0792257
0.150924
0.0855012
0.14544
0.0924097
0.139342
0.100022
0.132465
0.108417
0.124582
0.117679
0.115377
0.127887
0.104409
0.139098
0.0910786
0.151286
0.0746022
0.16422
0.0540896
0.177166
0.0288978
0.188486
0.192426
0.199757
0.00467356
0.199272
0.00927298
0.198536
0.0139592
0.19754
0.0187736
0.196278
0.023651
0.194755
0.0284787
0.192983
0.0331522
0.190979
0.0376116
0.188762
0.0418526
0.18635
0.04592
0.183757
0.0498927
0.180992
0.0538678
0.17806
0.0579476
0.174958
0.0622316
0.171677
0.0668119
0.1682
0.0717734
0.164501
0.0771952
0.16054
0.0831541
0.156264
0.0897296
0.151598
0.0970095
0.146435
0.105096
0.140624
0.114114
0.133944
0.124219
0.126066
0.135603
0.116489
0.148497
0.104439
0.163155
0.0887073
0.179784
0.0674692
0.198274
0.0382725
0.217617
0.230697
0.199777
0.00489657
0.199333
0.00971742
0.198659
0.0146322
0.197749
0.0196838
0.196599
0.0248014
0.195213
0.0298643
0.193605
0.0347603
0.191792
0.0394247
0.189794
0.0438509
0.187629
0.0480842
0.185315
0.052206
0.182865
0.0563169
0.180286
0.0605237
0.177583
0.0649303
0.174753
0.0696339
0.17179
0.0747247
0.168676
0.0802881
0.16539
0.0864093
0.161895
0.093179
0.15814
0.100701
0.154048
0.109103
0.149505
0.118547
0.144338
0.129251
0.13827
0.141513
0.130839
0.155752
0.121242
0.172572
0.107991
0.192865
0.0881788
0.217949
0.0557895
0.249933
0.286476
0.199798
0.00509855
0.199396
0.0101195
0.198788
0.0152404
0.197967
0.0205047
0.196931
0.0258369
0.195687
0.0311086
0.194247
0.0362003
0.19263
0.0410421
0.190855
0.0456251
0.188945
0.0499944
0.186917
0.054233
0.184789
0.0584441
0.182573
0.0627374
0.180279
0.0672198
0.177914
0.0719917
0.17548
0.0771463
0.172976
0.0827726
0.170397
0.0889598
0.167728
0.0958041
0.164952
0.103417
0.162035
0.111939
0.158926
0.121551
0.155544
0.132504
0.151748
0.145158
0.147283
0.160049
0.141648
0.178029
0.133747
0.200594
0.120763
0.230785
0.093211
0.277393
0.379655
-0.00998672
0.00995837
-0.0202889
0.010255
-0.0303768
0.0100391
-0.0397128
0.00931197
-0.0477061
0.00799903
-0.0537642
0.00608792
-0.0572699
0.00355086
-0.0577895
0.000571437
-0.0549821
-0.00275594
-0.0488184
-0.00611738
-0.0394894
-0.00929039
-0.0275473
-0.0119118
-0.0136614
-0.0138635
0.00149125
-0.0151369
0.0172158
-0.015714
0.0329424
-0.01572
0.0482426
-0.0152961
0.0628035
-0.0145585
0.0764122
-0.0136074
0.0889408
-0.0125279
0.10033
-0.0113885
0.110571
-0.0102416
0.119696
-0.00912479
0.12776
-0.00806319
0.134831
-0.00707154
0.140988
-0.00615659
0.146307
-0.0053193
0.150864
-0.00455743
0.154735
-0.00387106
-0.00331727
-0.0106458
0.0205708
-0.0215491
0.0211138
-0.0321982
0.0206509
-0.0420317
0.0191344
-0.0504672
0.016451
-0.0568618
0.0125205
-0.06049
0.00722994
-0.0609138
0.00105067
-0.0577917
-0.00582443
-0.0510785
-0.0127831
-0.0410309
-0.0192988
-0.0283144
-0.0245979
-0.0136624
-0.0284932
0.00217312
-0.0309568
0.0184935
-0.032024
0.0347496
-0.0319695
0.0505253
-0.0310678
0.0655194
-0.0295503
0.0795296
-0.0276164
0.0924369
-0.0254345
0.104188
-0.0231392
0.114779
-0.0208329
0.124244
-0.0185889
0.132636
-0.0164556
0.140026
-0.0144614
0.146488
-0.012619
0.152099
-0.0109298
0.156929
-0.00938795
0.161044
-0.00798546
-0.00673695
-0.0117808
0.0323115
-0.0236828
0.03298
-0.0353315
0.0322845
-0.0461417
0.0299569
-0.0553939
0.0257394
-0.0623547
0.019534
-0.0663773
0.0113137
-0.066758
0.00149385
-0.0631436
-0.00938076
-0.0555039
-0.0203726
-0.0444583
-0.0303037
-0.0306947
-0.0383302
-0.0150438
-0.0441213
0.00161125
-0.0475962
0.0185316
-0.0489339
0.0352126
-0.0486439
0.0512701
-0.0471214
0.0664315
-0.0447094
0.0805213
-0.041705
0.0934437
-0.0383562
0.105165
-0.0348606
0.115699
-0.0313667
0.12509
-0.0279797
0.133403
-0.0247683
0.140713
-0.0217716
0.1471
-0.0190061
0.152642
-0.0164715
0.157411
-0.0141567
0.161469
-0.0120433
-0.0101247
-0.0133748
0.0456435
-0.0269077
0.0464935
-0.0400559
0.0454477
-0.052239
0.0421836
-0.0627318
0.0362941
-0.070561
0.0274353
-0.0748106
0.0156384
-0.0748112
0.00156642
-0.0701748
-0.0139527
-0.0611413
-0.0293519
-0.0485024
-0.0428993
-0.0331997
-0.0536001
-0.0162072
-0.0610903
0.00148254
-0.0652696
0.0191355
-0.0665762
0.0363112
-0.0658129
0.0526731
-0.0634792
0.0679902
-0.0600242
0.0821243
-0.0558378
0.0950119
-0.0512431
0.106646
-0.0464946
0.117062
-0.0417818
0.126319
-0.0372369
0.134494
-0.032944
0.141672
-0.0289493
0.147936
-0.0252701
0.153367
-0.0219024
0.158038
-0.0188276
0.162012
-0.0160168
-0.0134472
-0.0154456
0.0610573
-0.0310506
0.0621037
-0.0462126
0.0606609
-0.0602194
0.0562695
-0.0719978
0.0481637
-0.0805421
0.0360738
-0.084724
0.0199114
-0.0837714
0.000696897
-0.0774359
-0.0202163
-0.0664166
-0.0403119
-0.051774
-0.0574956
-0.0346756
-0.0706638
-0.0162389
-0.0795021
0.00248897
-0.0839806
0.0208438
-0.08492
0.0384542
-0.0834164
0.0550413
-0.0800621
0.0704243
-0.075405
0.0845094
-0.0699215
0.0972703
-0.0640033
0.108731
-0.0579545
0.118947
-0.0519986
0.127999
-0.0462885
0.135974
-0.0409189
0.142964
-0.035939
0.149057
-0.0313635
0.154337
-0.0271821
0.158877
-0.0233674
0.162739
-0.0198794
-0.0166812
-0.017848
0.0788899
-0.0358862
0.0801748
-0.0532729
0.078135
-0.0690464
0.0721573
-0.08202
0.0612575
-0.0908182
0.0449886
-0.0943057
0.0235064
-0.0916464
-0.00186766
-0.0830155
-0.0287673
-0.0695766
-0.0536862
-0.0527209
-0.0743015
-0.0338438
-0.0895041
-0.0141442
-0.0991757
0.00539305
-0.1035
0.0242417
-0.103757
0.0420848
-0.101252
0.0587036
-0.0966768
0.0739725
-0.0906714
0.0878449
-0.0837926
0.100334
-0.0764916
0.111494
-0.0691139
0.121404
-0.0619087
0.130159
-0.0550431
0.137856
-0.0486165
0.144594
-0.042677
0.150464
-0.0372334
0.155549
-0.0322673
0.159923
-0.0277409
0.163647
-0.0236031
-0.0198029
-0.020361
0.0992575
-0.0407178
0.100591
-0.0600588
0.0975942
-0.0772336
0.0894757
-0.0908285
0.074998
-0.0992424
0.0535396
-0.101253
0.0256397
-0.0961647
-0.00684942
-0.0847983
-0.0400457
-0.0688122
-0.0696023
-0.0498929
-0.0931673
-0.0295456
-0.109812
-0.0090216
-0.119672
0.0108947
-0.123398
0.0298688
-0.122719
0.0476141
-0.11899
0.063967
-0.113025
0.0788577
-0.10556
0.0922883
-0.0972218
0.10431
-0.0885129
0.115006
-0.0798094
0.124475
-0.0713775
0.132823
-0.0633905
0.140154
-0.0559477
0.146568
-0.0490913
0.152157
-0.0428222
0.157002
-0.0371119
0.161173
-0.0319118
0.164729
-0.0271592
-0.0227894
-0.0224
0.121683
-0.0444078
0.122677
-0.0649113
0.118235
-0.0826834
0.107412
-0.0960902
0.0885697
-0.103415
0.0610182
-0.103188
0.0255492
-0.0951305
-0.0147904
-0.0809221
-0.0541587
-0.0626343
-0.0878148
-0.042151
-0.113594
-0.0209297
-0.130992
-0.000211741
-0.140361
0.019528
-0.143118
0.0381421
-0.141321
0.0553595
-0.1362
0.0710657
-0.128727
0.0852479
-0.119739
0.097956
-0.109928
0.109277
-0.0998331
0.119317
-0.0898491
0.128189
-0.0802496
0.136006
-0.0712068
0.142872
-0.0628139
0.148885
-0.0551045
0.154132
-0.0480691
0.158689
-0.0416684
0.16262
-0.0358427
0.165979
-0.0305187
-0.0256184
-0.0232256
0.144941
-0.0455532
0.14509
-0.0659807
0.138807
-0.0832473
0.124852
-0.0955573
0.101057
-0.100996
0.0666228
-0.0979067
0.0226079
-0.0866632
-0.0259084
-0.069889
-0.0708307
-0.0499251
-0.107699
-0.0286411
-0.134818
-0.00754642
-0.152043
0.0125669
-0.160444
0.0316028
-0.162134
0.0493116
-0.159017
0.0655005
-0.152381
0.0801221
-0.143344
0.0932223
-0.132837
0.104896
-0.121601
0.11526
-0.110196
0.124438
-0.0990265
0.132549
-0.0883603
0.139704
-0.0783618
0.146003
-0.0691135
0.151536
-0.0606373
0.15638
-0.0529126
0.1606
-0.0458891
0.164255
-0.0394969
0.167389
-0.0336531
-0.028268
-0.0219612
0.166932
-0.0426867
0.165898
-0.0614043
0.157668
-0.0768524
0.140477
-0.0870823
0.111471
-0.0896934
0.0694085
-0.0833251
0.0163955
-0.0691916
-0.0399093
-0.0506442
-0.0892702
-0.0300102
-0.128249
-0.00920081
-0.155564
0.0107374
-0.171936
0.029588
-0.179264
0.0472559
-0.179781
0.0634434
-0.175191
0.0780545
-0.166984
0.0911219
-0.156407
0.102749
-0.144461
0.113068
-0.131919
0.122219
-0.119346
0.130329
-0.107137
0.137518
-0.0955489
0.143887
-0.0847302
0.149522
-0.0747489
0.154499
-0.0656144
0.158881
-0.0572945
0.162721
-0.0497292
0.166065
-0.04284
0.168948
-0.0365362
-0.0307181
-0.017858
0.184819
-0.0345539
0.182673
-0.0495822
0.172836
-0.061735
0.152806
-0.0688762
0.118799
-0.06765
0.0683618
-0.0577244
0.00663142
-0.0416637
-0.0558322
-0.0226145
-0.108207
-0.00306025
-0.147716
0.0158932
-0.174452
0.0339166
-0.189913
0.0508675
-0.196182
0.0664062
-0.195299
0.0803973
-0.189169
0.0928585
-0.179437
0.1039
-0.167443
0.113674
-0.154232
0.122339
-0.140581
0.130039
-0.127045
0.136899
-0.113997
0.143024
-0.101673
0.148496
-0.0902022
0.153383
-0.0796359
0.15774
-0.0699707
0.16161
-0.0611648
0.165031
-0.0531502
0.168033
-0.0458421
0.170641
-0.0391445
-0.0329509
-0.0105096
0.195351
-0.0203985
0.192633
-0.0295015
0.182072
-0.0369213
0.1604
-0.0389816
0.121046
-0.0326434
0.0622056
-0.0196646
-0.00618269
-0.00377224
-0.0715837
0.0133171
-0.125182
0.0302507
-0.16456
0.0466463
-0.190781
0.0620566
-0.205275
0.0761228
-0.210216
0.0886994
-0.207854
0.0998041
-0.20026
0.10956
-0.189184
0.118139
-0.176018
0.125725
-0.161815
0.132479
-0.147334
0.138537
-0.133102
0.144003
-0.119463
0.148954
-0.106625
0.153447
-0.0946952
0.157522
-0.0837109
0.161209
-0.0736573
0.164529
-0.0644852
0.167501
-0.0561219
0.170138
-0.0484794
0.172453
-0.0414595
-0.0349516
-0.0005123
0.195876
-0.000826409
0.193014
-0.00227834
0.183655
-0.00209026
0.160383
0.00389537
0.115247
0.0146085
0.0516746
0.0280012
-0.0194098
0.0419667
-0.0854072
0.0560963
-0.139196
0.0699789
-0.178352
0.0828844
-0.203619
0.0944875
-0.21683
0.104665
-0.22036
0.113466
-0.216633
0.121048
-0.207827
0.127615
-0.195743
0.133378
-0.181776
0.138519
-0.166953
0.143182
-0.151996
0.147471
-0.13739
0.151452
-0.123444
0.155166
-0.110338
0.158633
-0.0981618
0.16186
-0.086938
0.164849
-0.0766459
0.167597
-0.067233
0.170101
-0.0586258
0.172358
-0.0507365
0.174366
-0.0434681
-0.0367093
0.0141285
0.181769
0.0259139
0.181298
0.034696
0.175005
0.0444713
0.150779
0.0561293
0.103773
0.0690668
0.0389177
0.0822818
-0.0324605
0.0944583
-0.0974426
0.105415
-0.150037
0.115068
-0.187915
0.123239
-0.211724
0.129946
-0.223489
0.135351
-0.225732
0.1397
-0.220961
0.143269
-0.211382
0.146311
-0.198777
0.149037
-0.184496
0.151598
-0.169511
0.154091
-0.154487
0.156566
-0.139865
0.15904
-0.125917
0.161504
-0.112802
0.163937
-0.100595
0.16631
-0.0893118
0.168596
-0.0789314
0.170766
-0.0694028
0.172796
-0.0606558
0.174666
-0.0526069
0.176362
-0.0451636
-0.0382179
0.0351956
0.146592
0.0587952
0.157778
0.0762296
0.157707
0.0939736
0.133205
0.111862
0.086067
0.12844
0.0225156
0.141573
-0.0454329
0.151548
-0.10728
0.158545
-0.156922
0.163039
-0.192322
0.165537
-0.214156
0.166555
-0.22446
0.166591
-0.225736
0.16609
-0.220438
0.165411
-0.210688
0.164815
-0.198173
0.164472
-0.184148
0.164469
-0.169505
0.164832
-0.154849
0.165543
-0.140575
0.166556
-0.12693
0.16781
-0.114057
0.169242
-0.102026
0.170786
-0.0908565
0.172386
-0.0805309
0.173989
-0.0710055
0.175551
-0.0622182
0.177038
-0.0540935
0.17842
-0.0465463
-0.0394749
0.207473
0.00528529
0.207101
0.010491
0.206541
0.0158011
0.205785
0.02126
0.204835
0.0267873
0.203697
0.0322469
0.202385
0.0375124
0.200918
0.0425086
0.199319
0.0472235
0.197612
0.0517017
0.195818
0.0560266
0.193958
0.0603029
0.192051
0.0646419
0.190115
0.0691521
0.188164
0.0739347
0.186215
0.0790837
0.184282
0.0846878
0.182378
0.0908353
0.18052
0.0976208
0.178726
0.105153
0.177019
0.113567
0.175433
0.123036
0.174015
0.133798
0.172842
0.146185
0.172048
0.160679
0.1719
0.178002
0.173071
0.199247
0.17803
0.225666
0.201115
0.254194
0.270597
0.31012
0.212516
0.00545184
0.212185
0.010822
0.211686
0.0163
0.211016
0.0219306
0.210175
0.0276284
0.209171
0.0332505
0.20802
0.0386634
0.206742
0.0437865
0.205361
0.0486047
0.203901
0.0531608
0.202389
0.057538
0.20085
0.0618412
0.199308
0.0661818
0.197788
0.0706681
0.196316
0.0754001
0.19492
0.0804694
0.193629
0.0859607
0.192482
0.0919563
0.191523
0.0985414
0.190812
0.10581
0.190432
0.113875
0.190503
0.122873
0.19121
0.132978
0.192854
0.144407
0.195964
0.157417
0.201553
0.172252
0.211694
0.188943
0.230143
0.207065
0.258614
0.225603
0.242833
0.286319
0.217683
0.0055962
0.217397
0.0111086
0.216965
0.0167313
0.216387
0.0225086
0.215665
0.0283508
0.214807
0.0341081
0.21383
0.0396403
0.212755
0.0448614
0.211607
0.0497526
0.210413
0.0543544
0.209202
0.0587488
0.208003
0.0630396
0.206845
0.067337
0.205763
0.0717471
0.20479
0.0763666
0.203968
0.081282
0.203342
0.0865708
0.202971
0.0923043
0.202926
0.0985518
0.203304
0.105384
0.204236
0.112879
0.205909
0.121118
0.208596
0.13019
0.212711
0.140174
0.218882
0.151115
0.228029
0.162966
0.241311
0.175523
0.259765
0.188483
0.283447
0.201821
0.212681
0.313556
0.222976
0.00571657
0.222738
0.0113473
0.222379
0.0170896
0.221901
0.0229871
0.221306
0.0289457
0.220605
0.0348093
0.219814
0.0404313
0.218955
0.0457201
0.218054
0.0506531
0.217141
0.0552678
0.216245
0.0596439
0.215401
0.0638832
0.214643
0.0680929
0.214011
0.0723757
0.213549
0.0768231
0.213308
0.0815145
0.213348
0.0865171
0.213743
0.0918883
0.214587
0.0976777
0.216002
0.103929
0.218147
0.110679
0.221239
0.117955
0.225575
0.125769
0.231554
0.134098
0.239696
0.142864
0.250642
0.151908
0.265101
0.160955
0.283968
0.169522
0.308698
0.177026
0.181003
0.340359
0.228399
0.00581131
0.228211
0.0115349
0.22793
0.0173702
0.227558
0.0233598
0.227098
0.0294053
0.226562
0.035345
0.225968
0.0410261
0.225336
0.0463516
0.224694
0.0512946
0.224073
0.0558893
0.223504
0.0602122
0.223025
0.0643617
0.222674
0.0684415
0.222498
0.0725492
0.222547
0.07677
0.222879
0.0811744
0.223566
0.0858184
0.224693
0.0907439
0.226366
0.09598
0.228717
0.101543
0.231917
0.107434
0.23618
0.113635
0.241782
0.120099
0.249064
0.126738
0.258439
0.133405
0.270397
0.139865
0.285509
0.145766
0.304426
0.150544
0.327865
0.153555
0.153665
0.35521
0.233953
0.00587898
0.233819
0.0116686
0.23362
0.017569
0.233359
0.0236212
0.233041
0.0297231
0.232678
0.0357077
0.232288
0.0414163
0.231893
0.0467472
0.231518
0.0516686
0.231197
0.056211
0.230962
0.0604469
0.230852
0.0644709
0.23091
0.0683819
0.231185
0.0722718
0.231732
0.0762187
0.232617
0.0802839
0.233914
0.0845116
0.235714
0.088929
0.238128
0.0935464
0.241287
0.0983566
0.245353
0.103332
0.250522
0.108422
0.257029
0.113541
0.265147
0.118563
0.275187
0.123304
0.287486
0.127507
0.302376
0.130826
0.320091
0.132796
0.340734
0.132905
0.130587
0.363836
0.239642
0.0059184
0.239564
0.011746
0.239451
0.0176825
0.239305
0.023767
0.239134
0.0298939
0.238951
0.0358914
0.238771
0.0415959
0.238617
0.0469007
0.238516
0.0517696
0.238499
0.0562286
0.238599
0.0603463
0.238857
0.0642123
0.239317
0.0679205
0.240031
0.0715566
0.241055
0.0751915
0.242456
0.0788776
0.244311
0.0826484
0.246711
0.0865182
0.24976
0.0904818
0.253581
0.0945145
0.258318
0.0985689
0.264135
0.102573
0.271216
0.106422
0.279761
0.109976
0.289975
0.113049
0.302043
0.115403
0.316095
0.116746
0.332149
0.116729
0.350097
0.114967
0.111133
0.369582
0.245469
0.00592865
0.245449
0.0117654
0.245424
0.0177082
0.245397
0.0237939
0.245377
0.0299138
0.245376
0.0358921
0.245411
0.0415609
0.245503
0.0468089
0.245677
0.0515955
0.245963
0.0559424
0.246396
0.0599133
0.247014
0.0635932
0.247864
0.0670704
0.248994
0.0704246
0.250463
0.0737198
0.252337
0.0770006
0.254688
0.0802915
0.257601
0.0835966
0.261171
0.0868999
0.265506
0.0901648
0.270722
0.0933333
0.276948
0.0963237
0.284317
0.0990282
0.292956
0.10131
0.302978
0.103002
0.314457
0.103903
0.327403
0.103788
0.341727
0.102406
0.35721
0.0995002
0.0949046
0.373471
0.251437
0.00590909
0.251477
0.0117255
0.25154
0.0176443
0.251635
0.0236999
0.251768
0.0297807
0.251952
0.0357078
0.252203
0.0413098
0.252541
0.0464714
0.252988
0.0511478
0.253574
0.0553563
0.254332
0.0591558
0.255298
0.0626263
0.256517
0.0658509
0.258037
0.0689036
0.259913
0.0718423
0.262205
0.0747052
0.264982
0.0775101
0.268319
0.0802541
0.272295
0.0829148
0.277
0.0854501
0.282522
0.0877984
0.288952
0.0898784
0.296375
0.091589
0.30486
0.0928087
0.31445
0.0933978
0.325143
0.0932006
0.336876
0.0920524
0.3495
0.0897894
0.362758
0.0862609
0.0814009
0.37629
0.257549
0.00585938
0.257648
0.0116257
0.257803
0.0174901
0.258018
0.023484
0.258305
0.0294938
0.258675
0.0353384
0.259141
0.0408435
0.259722
0.0458906
0.260438
0.0504312
0.261316
0.0544781
0.262386
0.0580857
0.263683
0.0613291
0.265247
0.0642864
0.267123
0.0670266
0.269362
0.0696027
0.272017
0.072048
0.275148
0.074376
0.278818
0.0765802
0.283091
0.0786357
0.288035
0.0804997
0.293711
0.0821134
0.300178
0.0834024
0.307479
0.0842784
0.315638
0.0846412
0.324647
0.0843817
0.334458
0.0833865
0.344967
0.0815453
0.356006
0.0787604
0.367328
0.0749563
0.0701247
0.378627
0.263807
0.00577948
0.263967
0.011466
0.264212
0.0172456
0.264549
0.0231467
0.264989
0.0290542
0.265541
0.0347857
0.266219
0.0401652
0.267038
0.0450718
0.268016
0.0494535
0.269175
0.0533192
0.270541
0.0567189
0.272147
0.059723
0.274028
0.0624051
0.276224
0.0648302
0.278779
0.0670473
0.281738
0.0690869
0.285152
0.0709601
0.28907
0.0726596
0.293541
0.0741612
0.29861
0.0754259
0.304318
0.0764011
0.310691
0.0770236
0.317743
0.077221
0.325464
0.0769155
0.333816
0.0760275
0.342723
0.0744802
0.352066
0.0722062
0.36168
0.0691551
0.37135
0.0653
0.0606649
0.380827
0.270217
0.00566965
0.270436
0.011247
0.27077
0.0169118
0.271227
0.0226897
0.271816
0.0284645
0.272549
0.0340536
0.273433
0.0392806
0.274482
0.0440227
0.27571
0.0482254
0.277136
0.0518939
0.27878
0.0550741
0.280671
0.0578322
0.282838
0.060238
0.285315
0.0623529
0.288138
0.0642235
0.291345
0.0658785
0.294975
0.067329
0.299064
0.0685689
0.303646
0.0695776
0.308747
0.0703217
0.314387
0.0707579
0.320573
0.0708352
0.327293
0.0704984
0.334516
0.0696907
0.342185
0.0683578
0.350215
0.0664526
0.358486
0.0639393
0.366849
0.0607992
0.375124
0.0570351
0.0526867
0.383114
0.27678
0.00553046
0.277057
0.0109697
0.277478
0.0164907
0.278052
0.0221158
0.278788
0.0277287
0.279694
0.0331477
0.280778
0.038197
0.282047
0.0427533
0.283512
0.0467599
0.285188
0.0502188
0.287089
0.0531724
0.289238
0.0556831
0.291659
0.0578171
0.294378
0.0596335
0.297424
0.061177
0.300826
0.0624763
0.304611
0.0635435
0.308803
0.0643755
0.313423
0.0649567
0.318482
0.065261
0.323983
0.0652549
0.329917
0.0649005
0.336256
0.0641579
0.342957
0.0629889
0.349956
0.06136
0.357164
0.0592462
0.364473
0.0566338
0.371753
0.0535246
0.378858
0.0499373
0.0459177
0.385635
0.2835
0.00536274
0.283834
0.010636
0.28434
0.0159849
0.285027
0.0214288
0.285903
0.0268521
0.286976
0.0320751
0.288249
0.0369239
0.289727
0.0412754
0.291415
0.0450718
0.293321
0.0483125
0.295457
0.0510364
0.297838
0.0533027
0.30048
0.0551749
0.303403
0.0567096
0.306629
0.0579513
0.310176
0.0589289
0.314062
0.0596567
0.318302
0.0601357
0.322902
0.060356
0.327863
0.0602991
0.333175
0.0599416
0.338818
0.0592572
0.344756
0.0582198
0.350938
0.0568062
0.3573
0.054999
0.363759
0.0527889
0.370218
0.050177
0.37657
0.0471769
0.382696
0.0438151
0.0401375
0.388481
0.290382
0.00516752
0.29077
0.0102479
0.291357
0.0153978
0.292152
0.0206336
0.293163
0.0258412
0.294394
0.0308443
0.295846
0.0354719
0.297519
0.0396024
0.299413
0.0431775
0.301531
0.0461944
0.303878
0.0486894
0.306462
0.0507184
0.309295
0.0523426
0.312387
0.053617
0.315753
0.0545857
0.319402
0.055279
0.323345
0.0557138
0.327585
0.0558952
0.332121
0.0558194
0.336945
0.0554755
0.342037
0.0548489
0.34737
0.0539236
0.352905
0.0526848
0.358591
0.0511212
0.364364
0.0492269
0.37015
0.0470034
0.375868
0.0444608
0.381429
0.0416189
0.386739
0.0385071
0.0351678
0.391712
0.297427
0.0049461
0.297867
0.00980798
0.298532
0.0147334
0.299429
0.0197358
0.300567
0.0247033
0.301947
0.0294645
0.303566
0.0338526
0.30542
0.0377484
0.307504
0.0410938
0.309814
0.0438846
0.312349
0.0461544
0.31511
0.0479566
0.318103
0.0493499
0.321332
0.0503882
0.324802
0.0511154
0.328518
0.0515632
0.33248
0.0517514
0.336686
0.0516894
0.341126
0.0513787
0.345786
0.0508154
0.350643
0.0499925
0.355664
0.0489026
0.360809
0.0475396
0.366029
0.0459011
0.371267
0.0439892
0.376459
0.0418122
0.381536
0.0393854
0.386425
0.0367309
0.391056
0.0338778
0.0308642
0.395361
0.304641
0.00469988
0.30513
0.0093191
0.305868
0.013996
0.306862
0.0187414
0.308119
0.0234466
0.309637
0.0279461
0.311411
0.0320785
0.313431
0.0357283
0.315687
0.0388382
0.318169
0.041403
0.320869
0.0434541
0.323783
0.0450422
0.326909
0.0462239
0.330246
0.0470519
0.333791
0.0475701
0.337542
0.0478115
0.341495
0.0477984
0.345641
0.047544
0.349965
0.0470548
0.354447
0.0463324
0.359063
0.0453765
0.36378
0.044186
0.368558
0.0427617
0.373352
0.0411071
0.378112
0.0392298
0.382783
0.037142
0.387308
0.0348611
0.39163
0.0324095
0.395694
0.0298145
0.027109
0.39945
0.312028
0.00443037
0.312563
0.00878428
0.313368
0.0131903
0.314453
0.0176568
0.31582
0.0220795
0.317467
0.0262994
0.319383
0.0301623
0.321554
0.0335568
0.323965
0.0364276
0.326599
0.0387687
0.329444
0.0406094
0.332488
0.041998
0.335723
0.0429888
0.339142
0.0436332
0.342737
0.0439749
0.346501
0.0440476
0.350423
0.0438761
0.354491
0.0434765
0.358686
0.0428594
0.362987
0.0420311
0.367368
0.040996
0.371796
0.0397581
0.376235
0.0383228
0.380645
0.0366976
0.384981
0.0348934
0.389199
0.0329242
0.393253
0.0308079
0.397097
0.0285659
0.400689
0.0262225
0.023806
0.403993
0.319591
0.00413914
0.320168
0.00820662
0.321038
0.012321
0.322206
0.0164888
0.323675
0.0206102
0.325439
0.0245349
0.327486
0.0281162
0.329794
0.0312484
0.332343
0.0338782
0.335112
0.0359996
0.338082
0.0376397
0.341236
0.0388444
0.344559
0.0396655
0.348039
0.0401528
0.351665
0.0403493
0.355423
0.0402894
0.3593
0.0399991
0.363279
0.0394972
0.367342
0.0387971
0.371464
0.0379086
0.375621
0.0368396
0.379781
0.0355977
0.383913
0.0341913
0.38798
0.0326303
0.391946
0.0309272
0.395774
0.0290965
0.399427
0.0271556
0.402869
0.0251239
0.406069
0.0230227
0.0208758
0.408999
0.327335
0.00382772
0.327952
0.0075892
0.32888
0.0113929
0.330125
0.0152436
0.331688
0.0190473
0.333561
0.0226628
0.335724
0.0259524
0.338156
0.0288167
0.340829
0.0312053
0.343716
0.0331121
0.346794
0.0345623
0.350039
0.035599
0.353433
0.0362715
0.356959
0.0366273
0.360599
0.0367085
0.36434
0.0365493
0.368162
0.0361764
0.372049
0.0356102
0.37598
0.0348662
0.379933
0.0339564
0.383881
0.0328913
0.387798
0.0316805
0.391655
0.0303343
0.395422
0.0288639
0.399067
0.0272819
0.402561
0.0256028
0.405874
0.0238425
0.40898
0.0220182
0.411854
0.0201483
0.0182526
0.414478
0.335264
0.00349753
0.335918
0.00693488
0.336901
0.0104104
0.338217
0.0139274
0.339866
0.0173985
0.341836
0.0206926
0.344106
0.023682
0.346649
0.0262743
0.349432
0.0284226
0.352423
0.0301207
0.355593
0.031392
0.358916
0.0322766
0.362367
0.0328206
0.365925
0.0330693
0.36957
0.0330628
0.373285
0.0328346
0.37705
0.0324115
0.380846
0.0318145
0.384652
0.0310602
0.388446
0.0301621
0.392205
0.0291319
0.395905
0.0279805
0.399521
0.0267189
0.403026
0.0253586
0.406396
0.023912
0.409606
0.0223925
0.412634
0.0208145
0.41546
0.0191928
0.418065
0.017543
0.0158815
0.420436
0.343383
0.00314987
0.344072
0.00624624
0.345105
0.00937754
0.346486
0.0125459
0.348214
0.0156712
0.350273
0.0186332
0.35264
0.0213152
0.355282
0.0236325
0.358162
0.0255419
0.361245
0.0270377
0.364496
0.028141
0.367884
0.0288887
0.371381
0.0293235
0.374963
0.0294874
0.378608
0.0294184
0.382294
0.0291485
0.386002
0.0287037
0.389711
0.0281049
0.393402
0.027369
0.397054
0.02651
0.400646
0.0255402
0.404156
0.0244707
0.407562
0.0233125
0.410844
0.022077
0.41398
0.0207756
0.416953
0.0194204
0.419743
0.018024
0.422337
0.0165992
0.424721
0.0151588
0.0137163
0.426886
0.351698
0.00278568
0.352419
0.00552529
0.353499
0.00829757
0.354941
0.0111039
0.35674
0.0138715
0.358881
0.0164922
0.361336
0.0188607
0.364067
0.0209009
0.367036
0.0225735
0.3702
0.0238732
0.373522
0.0248191
0.376967
0.0254441
0.380503
0.0257872
0.384104
0.0258868
0.387744
0.0257779
0.391403
0.0254902
0.395058
0.0250485
0.39869
0.0244728
0.402279
0.0237796
0.405807
0.0229825
0.409254
0.0220936
0.4126
0.0211238
0.415829
0.0200837
0.418922
0.0189837
0.421864
0.0178342
0.424638
0.0166458
0.427233
0.0154292
0.429637
0.0141953
0.431841
0.0129545
0.0117177
0.43384
0.360212
0.00240545
0.360965
0.00477316
0.362089
0.00717287
0.363588
0.00960517
0.365455
0.0120049
0.367671
0.0142761
0.370205
0.0163261
0.373019
0.0180874
0.376067
0.0195254
0.379305
0.0206351
0.382691
0.0214331
0.386187
0.0219485
0.389758
0.0222157
0.393376
0.0222691
0.397013
0.0221401
0.400648
0.0218557
0.404258
0.0214384
0.407824
0.0209069
0.411327
0.0202764
0.41475
0.0195599
0.418075
0.0187687
0.421286
0.0179129
0.424367
0.0170021
0.427305
0.0160456
0.430087
0.0150525
0.432701
0.014032
0.435137
0.0129929
0.437388
0.0119442
0.439448
0.0108943
0.00985189
0.441314
0.368933
0.00200889
0.369716
0.00398978
0.370885
0.00600464
0.372437
0.00805268
0.374366
0.0100756
0.376652
0.0119903
0.379261
0.0137171
0.38215
0.0151983
0.385272
0.0164038
0.388578
0.017329
0.392023
0.0179877
0.395567
0.0184049
0.399173
0.0186101
0.402809
0.018633
0.406448
0.018501
0.410066
0.0182376
0.413642
0.0178628
0.417155
0.0173931
0.42059
0.0168422
0.423928
0.0162216
0.427155
0.0155415
0.430257
0.0148109
0.433221
0.0140381
0.436035
0.0132312
0.43869
0.0123978
0.441177
0.0115455
0.443488
0.0106815
0.445619
0.009813
0.447567
0.00894673
0.00808939
0.449329
0.377866
0.00159415
0.378683
0.00317259
0.379895
0.00479272
0.381499
0.00644866
0.383487
0.00808719
0.385839
0.00963889
0.388517
0.0110385
0.391477
0.0122383
0.394668
0.0132129
0.398039
0.013958
0.401542
0.0144847
0.405134
0.0148134
0.408775
0.0149684
0.412434
0.0149741
0.416082
0.0148534
0.419694
0.014626
0.423248
0.0143086
0.426725
0.0139153
0.43011
0.0134576
0.433386
0.0129455
0.43654
0.0123874
0.43956
0.011791
0.442435
0.0111631
0.445156
0.0105104
0.447715
0.0098391
0.450105
0.00915517
0.452322
0.00846436
0.454363
0.00777215
0.456226
0.00708374
0.00640424
0.457911
0.38702
0.00115598
0.387878
0.00231409
0.389136
0.00353475
0.390791
0.00479406
0.392836
0.00604218
0.395249
0.00722582
0.397992
0.00829499
0.401019
0.009212
0.404275
0.00995652
0.407708
0.0105247
0.411268
0.0109248
0.414909
0.0111725
0.418591
0.0112863
0.42228
0.0112855
0.425946
0.0111875
0.429564
0.0110081
0.433112
0.0107602
0.436572
0.010455
0.439928
0.0101017
0.443166
0.00970802
0.446272
0.00928069
0.449238
0.00882568
0.452052
0.00834839
0.454709
0.00785384
0.457201
0.00734677
0.459525
0.00683164
0.461677
0.00631272
0.463655
0.00579402
0.465459
0.00527929
0.00477218
0.467091
0.396407
0.000681252
0.397316
0.00140565
0.398619
0.00223175
0.400323
0.00308967
0.402424
0.003941
0.404898
0.00475226
0.407705
0.00548817
0.410796
0.00612102
0.414117
0.00663569
0.417612
0.00702898
0.421231
0.00730631
0.424925
0.0074783
0.428653
0.00755788
0.432381
0.00755827
0.436076
0.00749182
0.439715
0.00736942
0.443275
0.00720033
0.446738
0.00699232
0.450088
0.00675189
0.453311
0.00648452
0.456397
0.00619491
0.459335
0.00588721
0.462119
0.00556515
0.46474
0.00523218
0.467195
0.00489148
0.469481
0.00454608
0.471595
0.0041988
0.473537
0.0038523
0.475307
0.00350903
0.00317143
0.476908
0.406107
8.44562e-05
0.40707
0.000442573
0.408408
0.000893332
0.410153
0.00134527
0.412297
0.00179693
0.414817
0.00223267
0.417674
0.002631
0.420819
0.00297532
0.424198
0.00325682
0.427754
0.00347342
0.431432
0.00362789
0.435185
0.00372586
0.438968
0.00377432
0.442746
0.00378043
0.446487
0.00375093
0.450165
0.00369175
0.453757
0.00360794
0.457246
0.00350375
0.460615
0.00338271
0.463852
0.00324777
0.466945
0.00310147
0.469886
0.00294602
0.472668
0.00278338
0.475285
0.00261536
0.477733
0.0024436
0.480009
0.00226964
0.482113
0.00209491
0.484045
0.00192077
0.485805
0.00174844
0.00157916
0.487397
0.415404
0.415846
0.41674
0.418085
0.419882
0.422115
0.424746
0.427721
0.430978
0.434451
0.438079
0.441805
0.445579
0.44936
0.453111
0.456802
0.46041
0.463914
0.467297
0.470544
0.473646
0.476592
0.479375
0.481991
0.484434
0.486704
0.488799
0.49072
0.492468
0.494047
0.202908
0.107206
0.119965
0.0829473
0.0644453
0.0555316
0.27973
0.113785
0.260811
0.101868
0.0904619
0.2348
0.325359
0.101981
0.329621
0.0976055
0.092073
0.328005
0.35415
0.0881996
0.365288
0.0864706
0.0836414
0.373709
0.368432
0.0749966
0.381122
0.0737869
0.0717099
0.393042
0.375535
0.0633214
0.387272
0.0620588
0.0601727
0.398799
0.379396
0.0535319
0.389279
0.0521858
0.0503901
0.399053
0.381551
0.0454734
0.389632
0.0441149
0.042423
0.397592
0.382949
0.038833
0.389546
0.0375263
0.0359705
0.395994
0.384139
0.0333345
0.389555
0.0321165
0.0307114
0.394811
0.385416
0.0287555
0.389896
0.0276409
0.0263851
0.39422
0.38696
0.0249168
0.390695
0.0239083
0.0227923
0.394286
0.38888
0.0216758
0.39202
0.0207699
0.0197815
0.39503
0.39124
0.0189195
0.393902
0.0181097
0.0172362
0.396446
0.394075
0.0165579
0.396349
0.0158366
0.0150657
0.398519
0.397401
0.0145186
0.39936
0.013878
0.0131987
0.401227
0.401226
0.0127434
0.402928
0.0121762
0.0115785
0.404548
0.405551
0.011185
0.407043
0.0106844
0.0101597
0.408462
0.41038
0.00980468
0.4117
0.00936459
0.00890536
0.412954
0.415712
0.00857055
0.416891
0.0081855
0.00778525
0.418011
0.421551
0.0074561
0.422615
0.00712133
0.00677451
0.423626
0.427903
0.00643909
0.428874
0.00615051
0.00585239
0.429796
0.434778
0.00550074
0.435674
0.00525486
0.00500145
0.436525
0.44219
0.00462493
0.443026
0.00441882
0.00420681
0.443821
0.450157
0.00379771
0.450946
0.00362897
0.0034557
0.451698
0.458702
0.00300657
0.459458
0.00287331
0.00273665
0.460177
0.467857
0.00224059
0.468589
0.00214143
0.00203986
0.469286
0.47766
0.00148855
0.478379
0.00142256
0.00135494
0.479063
0.488145
0.000741367
0.488859
0.000707937
0.00067384
0.48954
0.494789
0.495497
0.49617
0.0729343
0.129231
0.0963072
0.134501
0.123815
0.130345
0.150427
0.106766
0.175344
0.0613317
0.196152
0.00188287
0.210281
-0.0594028
0.217906
-0.114768
0.220253
-0.159156
0.218806
-0.190787
0.214917
-0.210201
0.209698
-0.219193
0.204006
-0.220011
0.19846
-0.21487
0.193464
-0.205679
0.189248
-0.193948
0.185905
-0.1808
0.183433
-0.16703
0.18177
-0.153185
0.180821
-0.139624
0.180472
-0.126581
0.180611
-0.114195
0.181127
-0.102542
0.181921
-0.0916508
0.182906
-0.0815162
0.184008
-0.0721068
0.185162
-0.0633729
0.186319
-0.05525
0.187436
-0.0476637
-0.0405215
0.20638
0.157694
0.203354
0.137628
0.217051
0.116791
0.238562
0.0854193
0.260102
0.0399635
0.276519
-0.0143676
0.285182
-0.0679144
0.286288
-0.115744
0.2814
-0.15416
0.272505
-0.181808
0.261445
-0.199077
0.249676
-0.207378
0.23824
-0.208542
0.227796
-0.204405
0.218703
-0.196572
0.211094
-0.18633
0.204953
-0.174654
0.200176
-0.162249
0.196607
-0.149614
0.194076
-0.137093
0.192412
-0.124916
0.191452
-0.113235
0.19105
-0.10214
0.191077
-0.0916779
0.191422
-0.0818608
0.191989
-0.0726743
0.192701
-0.0640844
0.193492
-0.0560407
0.194309
-0.0484812
-0.0413257
0.322469
0.16326
0.322175
0.13801
0.330428
0.108665
0.343668
0.0723278
0.355019
0.0287689
0.360228
-0.0194247
0.358295
-0.0658417
0.349789
-0.107117
0.336315
-0.140587
0.319845
-0.165259
0.302201
-0.181373
0.284808
-0.189941
0.268634
-0.192337
0.254236
-0.189986
0.241853
-0.184176
0.231505
-0.175974
0.223075
-0.166218
0.216372
-0.155543
0.211175
-0.144416
0.207262
-0.133178
0.20442
-0.122073
0.202455
-0.11127
0.201197
-0.100881
0.200494
-0.0909754
0.200219
-0.0815857
0.200263
-0.0727176
0.200533
-0.0643546
0.200954
-0.0564623
0.201466
-0.0489926
-0.0418788
0.385927
0.151058
0.395941
0.128063
0.406113
0.0985991
0.415214
0.0633534
0.420221
0.0238975
0.418123
-0.0171931
0.409158
-0.0567527
0.394325
-0.0921758
0.375423
-0.121594
0.354386
-0.144149
0.332911
-0.159842
0.312284
-0.169273
0.293352
-0.173376
0.276575
-0.173189
0.262118
-0.169705
0.249943
-0.163791
0.239895
-0.156165
0.231754
-0.147399
0.22528
-0.13794
0.220232
-0.12813
0.216386
-0.118227
0.213538
-0.108421
0.211504
-0.0988472
0.210125
-0.0895968
0.209264
-0.0807245
0.208802
-0.0722561
0.208641
-0.0641931
0.208696
-0.0565177
0.2089
-0.0491962
-0.0421765
0.412859
0.131246
0.428798
0.112171
0.440922
0.0865576
0.448482
0.0558973
0.450141
0.0223512
0.445031
-0.0119698
0.433575
-0.0451905
0.417001
-0.075508
0.396971
-0.101484
0.375175
-0.12229
0.353094
-0.137712
0.331867
-0.14801
0.312263
-0.153746
0.294717
-0.155625
0.279402
-0.154378
0.266308
-0.150689
0.25531
-0.145163
0.246221
-0.138307
0.238824
-0.130542
0.2329
-0.122205
0.228236
-0.113563
0.224635
-0.10482
0.221919
-0.0961306
0.219928
-0.0876058
0.218523
-0.0793199
0.217584
-0.0713169
0.217007
-0.063616
0.216704
-0.0562151
0.216603
-0.0490949
-0.0422177
0.419508
0.110538
0.436439
0.0952734
0.448562
0.0744962
0.455119
0.0494207
0.455686
0.0218747
0.450318
-0.00650928
0.439526
-0.0343114
0.424318
-0.0602206
0.406002
-0.0831007
0.385949
-0.102182
0.3654
-0.117119
0.345354
-0.127931
0.326527
-0.134895
0.309369
-0.138451
0.294107
-0.139105
0.280802
-0.137377
0.269402
-0.133758
0.259783
-0.128685
0.251782
-0.12254
0.245222
-0.115644
0.239919
-0.10826
0.235699
-0.100599
0.232398
-0.0928288
0.229865
-0.0850728
0.227966
-0.0774212
0.226583
-0.069934
0.225612
-0.0626454
0.224965
-0.055568
0.224566
-0.0486959
-0.0420051
0.417198
0.0923935
0.432355
0.0801379
0.443283
0.0636132
0.449223
0.0435413
0.449958
0.0212091
0.445648
-0.00212691
0.43675
-0.0253435
0.424014
-0.0474205
0.408426
-0.0674578
0.391056
-0.0847663
0.372913
-0.0989398
0.354852
-0.109842
0.337531
-0.117554
0.321408
-0.122313
0.306762
-0.124448
0.293724
-0.124334
0.282321
-0.12235
0.2725
-0.118862
0.264161
-0.1142
0.257176
-0.108658
0.251401
-0.102484
0.246691
-0.0958888
0.242902
-0.0890402
0.239901
-0.0820714
0.237563
-0.0750828
0.235775
-0.0681462
0.234438
-0.0613084
0.233465
-0.0545945
0.232779
-0.0480105
-0.0415451
0.412446
0.0775393
0.425093
0.0675041
0.434466
0.0542717
0.439848
0.0382034
0.440972
0.0201367
0.437914
0.000985956
0.431006
-0.0183819
0.42079
-0.0371539
0.407979
-0.0546026
0.393378
-0.0701283
0.377784
-0.0833168
0.361914
-0.0939485
0.346357
-0.101979
0.331559
-0.107503
0.317829
-0.11071
0.305355
-0.111854
0.294224
-0.111216
0.284449
-0.109084
0.275986
-0.105736
0.268757
-0.101428
0.26266
-0.0963865
0.25758
-0.0908093
0.253402
-0.0848612
0.250007
-0.0786768
0.247286
-0.072362
0.245137
-0.0659965
0.243465
-0.0596364
0.242187
-0.0533168
0.24123
-0.0470537
-0.0408472
0.407975
0.0655561
0.418289
0.0571993
0.426131
0.0464504
0.430893
0.0334721
0.43228
0.0187869
0.43027
0.00303653
0.425056
-0.0131273
0.417003
-0.0290639
0.406618
-0.0441836
0.394496
-0.0579767
0.381256
-0.0700537
0.367487
-0.0801613
0.353703
-0.0881808
0.340319
-0.0941094
0.327652
-0.0980358
0.315917
-0.100115
0.305247
-0.100543
0.295702
-0.099537
0.287288
-0.0973205
0.279969
-0.0941082
0.273682
-0.0900994
0.268346
-0.085473
0.263869
-0.0803841
0.260156
-0.0749636
0.257112
-0.0693179
0.254646
-0.0635307
0.252673
-0.0576641
0.251117
-0.0517605
0.249908
-0.0458441
-0.0399243
0.404518
0.0558481
0.412912
0.0488098
0.419421
0.0399556
0.423564
0.0293505
0.425056
0.0173202
0.423811
0.00431016
0.419911
-0.00919858
0.413593
-0.0227177
0.405206
-0.0357721
0.395188
-0.0479361
0.384012
-0.0588601
0.372153
-0.0682877
0.360045
-0.0760619
0.348063
-0.082119
0.336509
-0.0864755
0.325609
-0.0892114
0.315522
-0.0904525
0.306341
-0.0903543
0.298109
-0.0890874
0.290827
-0.0868259
0.284466
-0.0837382
0.278974
-0.0799812
0.274286
-0.0756955
0.270326
-0.0710038
0.267018
-0.0660093
0.264283
-0.0607958
0.262047
-0.0554283
0.26024
-0.0499539
0.258799
-0.0444028
-0.0387921
0.40216
0.0479071
0.409041
0.0419322
0.414451
0.0345544
0.418021
0.0257942
0.419501
0.0158577
0.41878
0.00505063
0.415866
-0.00626435
0.410904
-0.0177369
0.404133
-0.0289826
0.395865
-0.0396518
0.386459
-0.0494407
0.37629
-0.0581075
0.365718
-0.0654814
0.355069
-0.071464
0.344622
-0.0760235
0.334599
-0.0791852
0.325168
-0.0810193
0.316444
-0.0816291
0.308496
-0.0811389
0.301355
-0.0796837
0.295018
-0.0774009
0.28946
-0.0744233
0.284639
-0.0708747
0.280502
-0.066866
0.276986
-0.0624938
0.27403
-0.0578392
0.271569
-0.0529673
0.269542
-0.0479274
0.267893
-0.0427535
-0.0374685
0.40085
0.0413431
0.406542
0.0362413
0.411063
0.0300387
0.41413
0.0227361
0.415532
0.0144669
0.41515
0.00544573
0.412974
-0.00407517
0.409071
-0.0138204
0.403597
-0.0234953
0.396772
-0.032816
0.388866
-0.0415249
0.38017
-0.0494033
0.370978
-0.0562826
0.361566
-0.0620478
0.352184
-0.0666374
0.34304
-0.0700385
0.334301
-0.0722795
0.326095
-0.0734213
0.318505
-0.0735488
0.311584
-0.0727619
0.305352
-0.0711683
0.299805
-0.0688768
0.294923
-0.0659926
0.290671
-0.0626132
0.287003
-0.0588263
0.283871
-0.0547075
0.281224
-0.0503197
0.279009
-0.0457124
0.277177
-0.0409213
-0.0359732
0.40051
0.0358626
0.405265
0.031487
0.409071
0.026236
0.41171
0.0201023
0.41301
0.0131745
0.412862
0.00560182
0.411231
-0.00243584
0.408147
-0.0107274
0.403707
-0.0190468
0.398066
-0.0271666
0.39142
-0.0348719
0.383993
-0.0419713
0.376022
-0.0483069
0.367738
-0.0537598
0.359356
-0.0582525
0.351066
-0.0617469
0.343029
-0.0642412
0.335373
-0.0657638
0.328192
-0.0663671
0.321551
-0.0661207
0.315488
-0.0651052
0.310018
-0.0634066
0.305137
-0.0611114
0.300826
-0.0583029
0.297058
-0.055058
0.293796
-0.0514453
0.291
-0.0475237
0.288628
-0.0433407
0.286639
-0.0389324
-0.0343276
0.401066
0.0312428
0.405076
0.0274771
0.408306
0.0230078
0.410588
0.017824
0.411781
0.0119856
0.41179
0.00559789
0.410568
-0.00120819
0.408121
-0.00827516
0.404509
-0.0154286
0.399835
-0.0224878
0.394243
-0.0292757
0.387905
-0.0356285
0.381005
-0.0414037
0.373733
-0.0464862
0.366275
-0.050792
0.358798
-0.0542683
0.35145
-0.0568925
0.344356
-0.0586688
0.337613
-0.059624
0.331295
-0.0598026
0.325452
-0.0592615
0.320111
-0.0580658
0.315284
-0.0562843
0.310967
-0.0539856
0.307144
-0.0512356
0.303794
-0.0480946
0.300886
-0.0446158
0.298389
-0.0408437
0.296269
-0.0368131
-0.0325534
0.40245
0.0273121
0.405864
0.0240633
0.408629
0.0202436
0.410613
0.0158414
0.411704
0.0108976
0.411818
0.00548738
0.410905
-0.000292333
0.408959
-0.0063252
0.40601
-0.0124768
0.40213
-0.018604
0.39742
-0.0245627
0.392009
-0.0302145
0.386042
-0.0354344
0.379673
-0.0401156
0.373056
-0.0441741
0.366339
-0.0475496
0.359654
-0.0502066
0.353118
-0.0521322
0.346827
-0.0533335
0.34086
-0.0538349
0.335272
-0.0536736
0.330103
-0.0528962
0.325374
-0.0515551
0.321093
-0.0497052
0.317258
-0.0474008
0.313857
-0.0446937
0.310872
-0.0416306
0.30828
-0.0382517
0.306057
-0.0345896
-0.030673
0.404602
0.0239367
0.407536
0.0211293
0.409925
0.0178552
0.411664
0.0141033
0.412662
0.00990179
0.412846
0.00530492
0.412171
0.000384764
0.41062
-0.00477216
0.408208
-0.0100623
0.404979
-0.0153731
0.401006
-0.0205876
0.396384
-0.0255908
0.391225
-0.0302746
0.385654
-0.0345432
0.379798
-0.0383164
0.373781
-0.0415322
0.367722
-0.0441474
0.361728
-0.0461378
0.355891
-0.0474966
0.350289
-0.0482323
0.344982
-0.0483661
0.340014
-0.047929
0.335418
-0.046959
0.331211
-0.0454981
0.327401
-0.04359
0.323984
-0.0412772
0.320953
-0.0385999
0.318295
-0.0355934
0.315992
-0.032287
-0.0287079
0.407473
0.021011
0.41002
0.0185832
0.412103
0.0157717
0.413641
0.0125662
0.414557
0.0089865
0.414791
0.00507234
0.4143
0.000876328
0.413065
-0.00353536
0.411087
-0.00808358
0.408395
-0.0126796
0.405038
-0.0172295
0.401087
-0.0216381
0.396627
-0.0258138
0.391756
-0.0296721
0.38658
-0.0331393
0.381203
-0.0361547
0.375728
-0.0386723
0.370252
-0.0406609
0.364859
-0.0421041
0.359626
-0.0429987
0.354613
-0.0433533
0.34987
-0.0431862
0.345434
-0.042523
0.34133
-0.0413942
0.337574
-0.0398336
0.334172
-0.0378752
0.331124
-0.0355523
0.328426
-0.032895
0.326068
-0.029929
-0.0266792
0.411023
0.0184503
0.413254
0.0163514
0.415091
0.0139355
0.416464
0.0111936
0.417311
0.00813956
0.417582
0.00480242
0.417237
0.00122146
0.416255
-0.00255284
0.414632
-0.00645995
0.412384
-0.01043
0.409542
-0.0143876
0.40616
-0.018255
0.402302
-0.0219549
0.398044
-0.0254142
0.393472
-0.028567
0.388674
-0.0313561
0.383738
-0.0337355
0.378748
-0.0356708
0.373783
-0.0371392
0.368914
-0.0381295
0.364201
-0.0386408
0.359696
-0.0386812
0.355439
-0.038266
0.351461
-0.0374163
0.347784
-0.0361565
0.344422
-0.0345132
0.341383
-0.0325127
0.338668
-0.0301802
0.336276
-0.0275374
-0.0246063
0.415217
0.0161867
0.417194
0.0143747
0.41883
0.0123
0.420069
0.00995483
0.42086
0.00734893
0.421159
0.00450374
0.420932
0.00144866
0.420156
-0.00177705
0.418825
-0.00512795
0.416944
-0.00854863
0.414536
-0.0119788
0.411636
-0.015355
0.408294
-0.018613
0.404571
-0.0216904
0.400533
-0.0245291
0.396254
-0.027077
0.391809
-0.02929
0.387271
-0.0311327
0.382711
-0.0325793
0.378195
-0.0336132
0.373781
-0.0342265
0.369519
-0.0344198
0.365454
-0.0342002
0.361618
-0.0335807
0.35804
-0.032578
0.354738
-0.0312117
0.351728
-0.0295022
0.349017
-0.0274695
0.346611
-0.0251315
-0.0225071
0.420033
0.0141645
0.421803
0.0126045
0.423277
0.0108266
0.424408
0.00882408
0.425153
0.00660383
0.425475
0.00418174
0.425344
0.00158014
0.424738
-0.00117137
0.423648
-0.00403722
0.422073
-0.00697406
0.420029
-0.00993383
0.417539
-0.0128651
0.414641
-0.0157147
0.411381
-0.0184301
0.407813
-0.0209609
0.403996
-0.0232606
0.399995
-0.0252883
0.395872
-0.0270098
0.39169
-0.0283978
0.38751
-0.0294326
0.383386
-0.0301022
0.379367
-0.0304013
0.375498
-0.030331
0.371815
-0.0298976
0.368349
-0.0291117
0.365124
-0.0279867
0.362159
-0.0265376
0.359469
-0.0247799
0.357065
-0.0227277
-0.0203969
0.425452
0.0123382
0.427055
0.0110012
0.428398
0.00948362
0.429443
0.00777972
0.430152
0.00589434
0.430495
0.0038394
0.430443
0.0016317
0.429978
-0.000706473
0.429088
-0.00314688
0.42777
-0.00565576
0.426031
-0.00819493
0.423889
-0.0107229
0.421371
-0.013196
0.418511
-0.0155705
0.415353
-0.0178031
0.411946
-0.0198533
0.408342
-0.0216843
0.404596
-0.0232637
0.400763
-0.0245647
0.396897
-0.0255666
0.393049
-0.0262544
0.389267
-0.0266193
0.385594
-0.0266579
0.382068
-0.0263715
0.378722
-0.0257657
0.375584
-0.0248488
0.372678
-0.0236314
0.370023
-0.0221247
0.367635
-0.0203395
-0.0182888
0.431465
0.0106698
0.432934
0.00953182
0.434173
0.00824461
0.435149
0.00680338
0.435832
0.00521151
0.436194
0.00347796
0.43621
0.00161536
0.435863
-0.000359167
0.43514
-0.00242372
0.434036
-0.00455186
0.432554
-0.00671333
0.430706
-0.00887481
0.428511
-0.0110009
0.425996
-0.0130552
0.423194
-0.0150015
0.420146
-0.0168048
0.416894
-0.0184326
0.413486
-0.0198555
0.40997
-0.0210484
0.406394
-0.0219903
0.402805
-0.0226653
0.399248
-0.0230625
0.395765
-0.0231753
0.392395
-0.0230016
0.389173
-0.0225431
0.386128
-0.0218042
0.383288
-0.0207917
0.380677
-0.0195132
0.378314
-0.0179769
-0.0161928
0.438067
0.00912766
0.43943
0.00816877
0.440587
0.00708741
0.441511
0.0058796
0.442175
0.00454769
0.442555
0.00309835
0.442629
0.00154114
0.442381
-0.000110694
0.441797
-0.00184042
0.440873
-0.00362736
0.439607
-0.00544765
0.438007
-0.00727476
0.436086
-0.00908014
0.433865
-0.010834
0.43137
-0.0125064
0.428633
-0.0140676
0.42569
-0.0154896
0.422581
-0.0167466
0.419348
-0.0178153
0.416034
-0.0186762
0.412682
-0.0193134
0.409335
-0.0197149
0.406032
-0.0198726
0.402812
-0.019782
0.399711
-0.0194419
0.396761
-0.0188541
0.393992
-0.0180221
0.391429
-0.016951
0.389099
-0.0156463
-0.0141157
0.445264
0.00768476
0.446544
0.0068887
0.447638
0.00599326
0.448522
0.0049952
0.449174
0.00389615
0.449571
0.00270108
0.449695
0.0014169
0.44953
5.44757e-05
0.449064
-0.00137412
0.448289
-0.00285258
0.447204
-0.0043623
0.445811
-0.00588238
0.444121
-0.00739008
0.442149
-0.00886143
0.439914
-0.0102719
0.437444
-0.011597
0.434767
-0.012813
0.431918
-0.0138977
0.428934
-0.0148308
0.425852
-0.0155945
0.422712
-0.0161738
0.419554
-0.0165567
0.416416
-0.0167347
0.413336
-0.0167019
0.41035
-0.0164555
0.407491
-0.015995
0.404791
-0.0153221
0.402279
-0.0144394
0.399983
-0.0133506
-0.0120614
0.453064
0.00631796
0.454281
0.00567158
0.455329
0.00494608
0.456185
0.00413887
0.45683
0.00325106
0.457245
0.00228629
0.457412
0.00124995
0.457317
0.000149663
0.456947
-0.00100489
0.456296
-0.0022015
0.45536
-0.00342581
0.454139
-0.00466162
0.45264
-0.00589116
0.450874
-0.00709554
0.448858
-0.00825517
0.446611
-0.00935027
0.444159
-0.0103614
0.441532
-0.0112701
0.43876
-0.0120591
0.435879
-0.012713
0.432923
-0.0132184
0.429931
-0.0135643
0.426938
-0.0137423
0.423983
-0.0137462
0.421099
-0.0135722
0.418323
-0.0132189
0.415687
-0.0126861
0.413223
-0.0119754
0.410961
-0.0110886
-0.0100301
0.461488
0.00500696
0.46266
0.00449994
0.463674
0.00393192
0.464512
0.00330084
0.465155
0.00260748
0.465587
0.00185442
0.465792
0.00104568
0.465755
0.000186718
0.465465
-0.000715162
0.464914
-0.00165092
0.464098
-0.0026098
0.463016
-0.00357961
0.461672
-0.00454687
0.460074
-0.00549712
0.458234
-0.00641527
0.456169
-0.00728592
0.453902
-0.00809377
0.451456
-0.00882402
0.448859
-0.00946274
0.446143
-0.00999722
0.443341
-0.0104162
0.440487
-0.0107103
0.437617
-0.0108719
0.434766
-0.0108951
0.43197
-0.0107763
0.429264
-0.0105131
0.426683
-0.0101049
0.424259
-0.00955199
0.422026
-0.00885558
-0.00801861
0.470559
0.00373357
0.471701
0.00335824
0.472694
0.00293837
0.473523
0.00247248
0.474169
0.00196106
0.474618
0.0014059
0.474854
0.000809762
0.474864
0.000176515
0.474637
-0.000488685
0.474166
-0.00117941
0.473444
-0.00188799
0.47247
-0.00260566
0.471246
-0.00332273
0.469778
-0.00402874
0.468075
-0.00471267
0.466152
-0.0053632
0.464028
-0.005969
0.461723
-0.006519
0.459262
-0.00700266
0.456675
-0.00741025
0.453992
-0.00773306
0.451246
-0.00796359
0.448469
-0.00809566
0.445699
-0.0081245
0.442969
-0.00804669
0.440316
-0.00786009
0.437775
-0.00756373
0.435381
-0.00715758
0.433167
-0.00664225
-0.00602
0.480317
0.0024805
0.481443
0.00223166
0.482428
0.00195388
0.483254
0.00164588
0.483907
0.00130796
0.484372
0.000941303
0.484634
0.000547646
0.484681
0.000129442
0.484502
-0.000309924
0.484089
-0.000766259
0.483436
-0.00123463
0.48254
-0.0017094
0.481401
-0.00218431
0.480025
-0.00265253
0.478419
-0.00310686
0.476596
-0.00353985
0.474571
-0.00394402
0.472364
-0.00431199
0.469998
-0.00463668
0.467499
-0.00491152
0.464897
-0.00513055
0.462222
-0.0052886
0.459507
-0.00538133
0.456788
-0.00540533
0.454099
-0.00535808
0.451477
-0.00523797
0.448958
-0.00504417
0.446577
-0.0047766
0.44437
-0.00443585
-0.00402425
0.49079
0.00123098
0.491915
0.00110689
0.492901
0.00096792
0.493733
0.000813803
0.494396
0.000644975
0.494875
0.000462149
0.495156
0.000266343
0.495227
5.89032e-05
0.495075
-0.000158716
0.494694
-0.000384781
0.494076
-0.000616979
0.493219
-0.000852574
0.492124
-0.0010885
0.490792
-0.00132141
0.489233
-0.00154774
0.487457
-0.00176381
0.485479
-0.00196586
0.483317
-0.0021502
0.480994
-0.00231325
0.478534
-0.00245167
0.475966
-0.00256243
0.47332
-0.00264285
0.47063
-0.00269071
0.467928
-0.00270419
0.465252
-0.00268198
0.462638
-0.0026232
0.460121
-0.00252741
0.457739
-0.00239463
0.455528
-0.00222542
-0.00202269
0.497401
0.498508
0.499476
0.50029
0.500935
0.501397
0.501663
0.501722
0.501564
0.501179
0.500562
0.499709
0.498621
0.497299
0.495752
0.493988
0.492022
0.489872
0.487558
0.485107
0.482544
0.479902
0.477211
0.474507
0.471825
0.469201
0.466674
0.464279
0.462054
)
;

boundaryField
{
    inlet
    {
        type            calculated;
        value           nonuniform List<scalar> 
45
(
-0.2
-0.2
-0.2
-0.2
-0.2
-0.2
-0.2
-0.2
-0.2
-0.2
-0.2
-0.2
-0.2
-0.2
-0.2
-0.20766
-0.212683
-0.217828
-0.223097
-0.228493
-0.23402
-0.239681
-0.245479
-0.251417
-0.257499
-0.263728
-0.270107
-0.276641
-0.283333
-0.290186
-0.297206
-0.304395
-0.311758
-0.3193
-0.327023
-0.334934
-0.343036
-0.351334
-0.359832
-0.368536
-0.377451
-0.386582
-0.395933
-0.40551
-0.415319
)
;
    }
    outlet
    {
        type            calculated;
        value           nonuniform List<scalar> 
45
(
0.158053
0.164463
0.164856
0.165334
0.165973
0.166768
0.167715
0.168808
0.170039
0.171398
0.172874
0.174454
0.176124
0.17787
0.179677
0.188483
0.195113
0.202019
0.209198
0.216644
0.224354
0.232319
0.240532
0.248985
0.257667
0.266569
0.275681
0.284994
0.294495
0.304176
0.314027
0.324039
0.334204
0.344512
0.354955
0.365527
0.376218
0.387022
0.397929
0.40893
0.420015
0.431169
0.442375
0.453527
0.460031
)
;
    }
    flap
    {
        type            calculated;
        value           nonuniform List<scalar> 
33
(
1.35525e-20
0
0
0
0
0
2.1684e-19
-2.1684e-19
2.1684e-19
-2.1684e-19
0
0
0
0
0
0
0
-1.35525e-20
0
2.71051e-20
5.42101e-20
0
2.1684e-19
2.1684e-19
2.1684e-19
-2.1684e-19
2.1684e-19
2.1684e-19
2.1684e-19
-2.1684e-19
0
2.1684e-19
0
)
;
    }
    upperWall
    {
        type            calculated;
        value           nonuniform List<scalar> 
63
(
0
-1.18054e-15
0
0
0
0
0
0
0
9.75077e-16
0
0
0
0
0
0
0
0
0
0
7.49644e-16
0
0
0
6.81292e-16
0
0
0
0
0
0
0
2.96059e-16
-6.04549e-16
0
0
0
0
0
6.97773e-16
0
0
0
0
0
0
-4.12426e-16
-8.44805e-16
0
0
0
-4.64781e-16
0
0
0
0
0
0
0
0
0
0
0
)
;
    }
    lowerWall
    {
        type            calculated;
        value           uniform 0;
    }
    frontAndBack
    {
        type            empty;
        value           nonuniform List<scalar> 0();
    }
}


// ************************************************************************* //
