/*--------------------------------*- C++ -*----------------------------------*\
| =========                 |                                                 |
| \\      /  F ield         | OpenFOAM: The Open Source CFD Toolbox           |
|  \\    /   O peration     | Version:  2012                                  |
|   \\  /    A nd           | Website:  www.openfoam.com                      |
|    \\/     M anipulation  |                                                 |
\*---------------------------------------------------------------------------*/
FoamFile
{
    version     2.0;
    format      ascii;
    class       volVectorField;
    location    "0.1";
    object      U;
}
// * * * * * * * * * * * * * * * * * * * * * * * * * * * * * * * * * * * * * //

dimensions      [0 1 -1 0 0 0 0];


internalField   nonuniform List<vector> 
2790
(
(9.95355 0 0.0227479)
(9.86078 0 0.0232339)
(9.76736 0 0.0241897)
(9.67158 0 0.0256175)
(9.57179 0 0.0275339)
(9.46639 0 0.02997)
(9.35376 0 0.03297)
(9.23222 0 0.036591)
(9.10003 0 0.0409039)
(8.9553 0 0.0459926)
(8.79602 0 0.0519535)
(8.62003 0 0.0588951)
(8.42496 2.76808e-26 0.0669362)
(8.20831 0 0.0762023)
(7.96738 7.18001e-26 0.0868174)
(7.69937 -1.63573e-25 0.0989062)
(7.4014 0 0.112558)
(7.07062 4.22703e-25 0.127832)
(6.70433 0 0.144755)
(6.30018 0 0.163228)
(5.85638 0 0.183076)
(5.37194 0 0.203983)
(4.84701 -5.95104e-24 0.225498)
(4.28313 0 0.247013)
(3.68343 0 0.26784)
(3.05268 6.16139e-22 0.287233)
(2.39719 4.96428e-26 0.304517)
(1.72417 -3.64995e-22 0.319253)
(1.04063 6.99303e-23 0.33138)
(0.351483 5.9039e-22 0.343108)
(9.95379 0 0.068126)
(9.8615 0 0.0695787)
(9.76859 0 0.0724369)
(9.67334 0 0.0767058)
(9.57414 0 0.0824356)
(9.46939 0 0.0897184)
(9.3575 0 0.0986859)
(9.23682 0 0.109509)
(9.10561 0 0.122399)
(8.96201 0 0.137607)
(8.80405 0 0.155421)
(8.62958 0 0.176166)
(8.43626 8.27971e-26 0.200199)
(8.22161 0 0.227898)
(7.98293 2.11522e-22 0.259627)
(7.71742 2.0379e-22 0.295807)
(7.42218 1.11365e-24 0.336659)
(7.09431 -9.0098e-23 0.382422)
(6.73099 -8.33557e-23 0.433149)
(6.32974 3.5425e-23 0.488612)
(5.88854 3.89673e-23 0.548277)
(5.40617 7.15494e-23 0.611248)
(4.88249 4.67387e-23 0.676157)
(4.31871 0 0.741215)
(3.7177 7.87012e-22 0.804271)
(3.08411 5.61629e-22 0.863)
(2.42435 -2.05015e-21 0.915219)
(1.74619 -1.47557e-21 0.959226)
(1.05809 9.77993e-26 0.994336)
(0.368538 4.32791e-22 1.02238)
(9.95427 0 0.113152)
(9.86295 0 0.115557)
(9.77103 0 0.120289)
(9.67685 0 0.127357)
(9.57882 0 0.136841)
(9.47537 0 0.148895)
(9.36496 0 0.163733)
(9.24597 0 0.18164)
(9.1167 0 0.202962)
(8.97537 0 0.228115)
(8.82002 0 0.257577)
(8.64857 0 0.291886)
(8.45874 0 0.33164)
(8.24806 1.24867e-24 0.37747)
(8.01389 0 0.430018)
(7.7534 0 0.489901)
(7.46363 1.84505e-24 0.557712)
(7.14159 1.25769e-23 0.633732)
(6.78429 9.50069e-24 0.718158)
(6.38893 1.07206e-23 0.810691)
(5.9531 1.57573e-22 0.910554)
(5.47507 1.44919e-22 1.01631)
(4.95407 -5.24447e-22 1.12574)
(4.39069 -4.64789e-22 1.23586)
(3.78723 1.60274e-21 1.34298)
(3.14802 1.33193e-21 1.44293)
(2.47949 0 1.53156)
(1.79022 -3.01197e-21 1.60524)
(1.09064 -3.99775e-21 1.66149)
(0.392591 -2.76982e-22 1.70088)
(9.95498 0 0.157594)
(9.8651 0 0.160928)
(9.77466 0 0.167489)
(9.68207 0 0.177284)
(9.58577 0 0.190427)
(9.48425 0 0.207125)
(9.37603 0 0.227676)
(9.25956 0 0.252469)
(9.13319 0 0.281984)
(8.99521 0 0.316794)
(8.84375 0 0.357563)
(8.6768 0 0.40504)
(8.49214 0 0.460059)
(8.28739 1.7319e-24 0.523516)
(8.05994 0 0.596333)
(7.80698 0 0.679419)
(7.52548 0 0.773597)
(7.2123 7.09994e-23 0.879492)
(6.86421 4.54233e-23 0.997388)
(6.47798 2.98201e-23 1.12709)
(6.05062 3.20299e-22 1.2677)
(5.57963 3.70323e-22 1.41738)
(5.06327 0 1.5732)
(4.50112 0 1.731)
(3.8945 -1.64762e-21 1.88543)
(3.24701 -2.74553e-21 2.03021)
(2.56496 -1.08323e-21 2.15862)
(1.85759 0 2.26429)
(1.13709 4.95717e-22 2.34203)
(0.418088 -1.30618e-21 2.38965)
(9.95592 0 0.201227)
(9.86793 0 0.205458)
(9.77945 0 0.213782)
(9.68894 0 0.226209)
(9.59492 0 0.242877)
(9.49595 0 0.264046)
(9.39062 0 0.29009)
(9.27744 0 0.321497)
(9.15488 0 0.358874)
(9.0213 0 0.402943)
(8.87496 0 0.454545)
(8.71392 0 0.514635)
(8.5361 0 0.584287)
(8.33918 0 0.664658)
(8.12065 0 0.756967)
(7.8777 0 0.862461)
(7.6073 -1.29965e-23 0.982234)
(7.30613 1.47836e-23 1.11734)
(6.97066 -3.35547e-23 1.26829)
(6.59717 1.7462e-22 1.43516)
(6.18191 7.80836e-23 1.61712)
(5.72132 -9.58305e-23 1.8122)
(5.2124 0 2.01693)
(4.65317 0 2.22615)
(4.04343 -1.71045e-21 2.43278)
(3.38549 -1.43164e-21 2.62809)
(2.68501 2.26549e-21 2.8022)
(1.95164 1.64385e-21 2.94508)
(1.19911 -3.57656e-22 3.04796)
(0.444463 -5.27784e-22 3.10523)
(9.95708 0 0.243833)
(9.87142 0 0.248921)
(9.78535 0 0.258928)
(9.6974 0 0.273863)
(9.60618 0 0.293888)
(9.51034 0 0.31931)
(9.40854 0 0.35057)
(9.29942 0 0.38825)
(9.18153 0 0.43307)
(9.05336 0 0.485893)
(8.91328 0 0.547726)
(8.75951 0 0.619724)
(8.5901 0 0.703189)
(8.40286 0 0.79955)
(8.19539 -3.01176e-24 0.910333)
(7.96495 0 1.03713)
(7.7085 -1.56334e-23 1.18147)
(7.42261 1.77925e-23 1.34478)
(7.10344 -8.08596e-23 1.52808)
(6.74673 -1.78577e-22 1.73186)
(6.34785 -6.07505e-22 1.95569)
(5.90199 -5.44922e-22 2.19776)
(5.40443 0 2.45449)
(4.85114 -1.02661e-21 2.71992)
(4.23959 -8.97047e-22 2.98542)
(3.56994 0 3.23956)
(2.8464 -1.20172e-21 3.46859)
(2.07842 -7.74413e-22 3.65771)
(1.28133 1.07694e-21 3.7933)
(0.474755 4.01644e-22 3.8657)
(9.95844 0 0.285205)
(9.87553 0 0.291101)
(9.7923 0 0.302695)
(9.70737 0 0.319993)
(9.61944 0 0.343175)
(9.52727 0 0.372589)
(9.42963 0 0.408737)
(9.32525 0 0.452281)
(9.21283 0 0.504044)
(9.09099 0 0.565015)
(8.95827 0 0.636356)
(8.81303 0 0.719406)
(8.65351 0 0.815689)
(8.4777 0 0.926899)
(8.28335 -3.49002e-24 1.05488)
(8.06785 1.58997e-23 1.2016)
(7.82822 1.81149e-23 1.36906)
(7.56099 2.06303e-23 1.5592)
(7.26205 -4.69298e-23 1.77369)
(6.92664 1.83338e-22 2.01372)
(6.54924 1.73347e-22 2.27957)
(6.1236 0 2.5701)
(5.64296 -3.04845e-22 2.88211)
(5.10052 0 3.20949)
(4.49048 0 3.54239)
(3.80954 -8.05325e-22 3.86669)
(3.05904 -1.05744e-21 4.16404)
(2.24741 -9.48293e-22 4.41329)
(1.39152 0 4.59383)
(0.514876 3.02578e-22 4.69063)
(9.96 0 0.325146)
(9.88022 0 0.331794)
(9.80023 0 0.344866)
(9.71874 0 0.364359)
(9.63456 0 0.39047)
(9.54657 0 0.423578)
(9.45364 0 0.464237)
(9.35465 0 0.513175)
(9.24843 0 0.571306)
(9.13378 0 0.63973)
(9.00939 0 0.719743)
(8.87385 0 0.812851)
(8.72558 0 0.920782)
(8.56281 3.45894e-24 1.04549)
(8.38351 0 1.18912)
(8.18529 3.58346e-23 1.35405)
(7.96531 4.08282e-23 1.54279)
(7.72014 4.65151e-23 1.75789)
(7.4456 -9.85398e-23 2.00183)
(7.13652 9.44452e-23 2.27676)
(6.78657 1.7963e-22 2.58411)
(6.38805 -3.3812e-22 2.924)
(5.93188 -1.01088e-21 3.29438)
(5.4079 0 3.68993)
(4.80576 0 4.1005)
(4.1168 8.36756e-23 4.50973)
(3.33729 3.30494e-22 4.89412)
(2.47253 1.1057e-21 5.22393)
(1.54093 6.47994e-22 5.46754)
(0.573705 2.96207e-22 5.6004)
(9.96174 0 0.363473)
(9.88546 0 0.370812)
(9.80906 0 0.385239)
(9.7314 0 0.406743)
(9.6514 0 0.435528)
(9.56803 0 0.471999)
(9.48033 0 0.516748)
(9.38729 0 0.57056)
(9.28794 0 0.63442)
(9.18121 0 0.709517)
(9.06603 0 0.797264)
(8.94121 0 0.899307)
(8.80541 0 1.01756)
(8.65714 7.63722e-24 1.15419)
(8.49466 0 1.31167)
(8.31588 3.95059e-23 1.49275)
(8.11824 1.15669e-27 1.70047)
(7.89854 7.7418e-23 1.93807)
(7.65268 1.42208e-22 2.20897)
(7.37535 0 2.51654)
(7.05967 1.86853e-22 2.86377)
(6.69669 1.77243e-22 3.25274)
(6.27501 2.74561e-22 3.68364)
(5.78061 -2.66629e-22 4.15327)
(5.1973 -1.09949e-21 4.65294)
(4.50857 1.09231e-21 5.1655)
(3.7016 -7.80949e-22 5.66256)
(2.77434 -1.04698e-21 6.10316)
(1.7443 -7.32076e-22 6.43774)
(0.653537 1.83363e-22 6.62177)
(9.96364 0 0.400018)
(9.89118 0 0.407983)
(9.81873 0 0.423632)
(9.74524 0 0.446945)
(9.66978 0 0.478129)
(9.59145 0 0.517603)
(9.50941 0 0.565988)
(9.42284 0 0.624108)
(9.3309 0 0.693)
(9.23275 0 0.773924)
(9.12753 0 0.868377)
(9.01429 0 0.97812)
(8.892 0 1.10521)
(8.75949 4.14231e-24 1.25202)
(8.61537 0 1.42128)
(8.45796 4.27708e-23 1.6161)
(8.28512 -2.43467e-23 1.84003)
(8.09409 0 2.09702)
(7.88112 3.05246e-22 2.39151)
(7.64117 -9.37743e-23 2.72825)
(7.36725 0 3.11221)
(7.04969 3.73165e-22 3.54809)
(6.67522 -1.47805e-22 4.03954)
(6.226 -1.29972e-21 4.5875)
(5.67898 -1.80254e-21 5.18743)
(5.00676 -1.05911e-21 5.82478)
(4.1816 -2.73707e-21 6.46868)
(3.18538 8.89924e-27 7.06567)
(2.02655 0 7.53862)
(0.756849 7.10757e-27 7.80367)
(9.96568 0 0.434631)
(9.89735 0 0.443149)
(9.82913 0 0.45988)
(9.76012 0 0.484788)
(9.68953 0 0.518077)
(9.61658 0 0.560173)
(9.54059 0 0.61171)
(9.4609 0 0.673536)
(9.37685 0 0.746721)
(9.28781 0 0.832568)
(9.19314 0 0.932631)
(9.0922 0 1.04875)
(8.98425 0 1.18308)
(8.8685 0 1.33815)
(8.744 -1.00367e-23 1.51689)
(8.60956 4.55928e-23 1.72272)
(8.46364 -5.18563e-23 1.95962)
(8.3041 0 2.23222)
(8.12794 1.34717e-22 2.54592)
(7.93084 -3.07586e-22 2.90695)
(7.7064 3.51479e-22 3.32245)
(7.4452 -3.03425e-22 3.80034)
(7.13322 -1.55652e-21 4.3489)
(6.74981 -5.16378e-22 4.97548)
(6.26524 3.31575e-22 5.68374)
(5.63878 1.36804e-21 6.46778)
(4.82002 -4.63428e-21 7.30173)
(3.75943 -1.71916e-21 8.12353)
(2.43669 0 8.81898)
(0.905376 4.8861e-22 9.23007)
(9.96786 0 0.467176)
(9.9039 0 0.476174)
(9.84017 0 0.493838)
(9.77591 0 0.520118)
(9.71046 0 0.555206)
(9.64319 0 0.599526)
(9.57356 0 0.653712)
(9.50108 0 0.718618)
(9.42528 0 0.795325)
(9.34575 0 0.88515)
(9.2621 0 0.989675)
(9.17396 0 1.11077)
(9.08096 0 1.25065)
(8.98271 4.67139e-24 1.41193)
(8.87874 -2.11425e-23 1.59766)
(8.76847 4.79424e-23 1.81149)
(8.65106 -5.44525e-23 2.05771)
(8.52527 0 2.34148)
(8.38918 1.41223e-22 2.66904)
(8.23974 -1.06724e-22 3.04795)
(8.0721 5.34278e-23 3.48746)
(7.87837 -4.22957e-22 3.99891)
(7.64578 -4.01016e-26 4.59596)
(7.3535 -1.11969e-21 5.29447)
(6.96781 0 6.11095)
(6.43523 1.4927e-21 7.05755)
(5.67587 -6.00403e-22 8.12895)
(4.5852 9.92976e-22 9.2736)
(3.06866 7.70829e-22 10.3432)
(1.14161 -3.45555e-22 11.0462)
(9.97014 0 0.497537)
(9.91077 0 0.506938)
(9.85175 0 0.525385)
(9.79247 0 0.552806)
(9.73237 0 0.58938)
(9.67101 0 0.635515)
(9.60798 0 0.691834)
(9.54296 0 0.759179)
(9.47568 0 0.838618)
(9.40593 0 0.931457)
(9.33359 0 1.03926)
(9.25858 0 1.1639)
(9.18088 0 1.30759)
(9.10055 9.74651e-24 1.47294)
(9.01764 -1.1004e-23 1.66306)
(8.93223 2.48997e-23 1.88165)
(8.84429 -5.64509e-23 2.13322)
(8.75371 6.41186e-23 2.4232)
(8.65993 1.4595e-22 2.75839)
(8.56176 2.26639e-22 3.14731)
(8.45677 4.47728e-22 3.6009)
(8.3403 2.20785e-22 4.13343)
(8.20354 1.00748e-21 4.76377)
(8.03003 0 5.51702)
(7.78888 1.35894e-21 6.4261)
(7.42214 0 7.53169)
(6.82298 3.75495e-21 8.87464)
(5.80736 6.15339e-22 10.4636)
(4.11363 2.57795e-21 12.1766)
(1.56309 -1.53688e-22 13.5377)
(9.97252 0 0.525617)
(9.91792 0 0.535344)
(9.86378 0 0.554419)
(9.80964 0 0.582749)
(9.75508 0 0.620491)
(9.6998 0 0.668029)
(9.64353 0 0.725961)
(9.58613 0 0.795099)
(9.52752 0 0.876477)
(9.4677 0 0.97136)
(9.40679 0 1.08127)
(9.34502 0 1.20801)
(9.28274 0 1.35374)
(9.22041 1.00645e-23 1.521)
(9.15865 0 1.71284)
(9.09822 0 1.93289)
(9.04002 -2.85966e-37 2.18563)
(8.98507 1.21396e-23 2.47652)
(8.93447 -1.1825e-22 2.81248)
(8.88929 0 3.20243)
(8.85031 2.93693e-29 3.65812)
(8.81754 0 4.19552)
(8.78912 0 4.83698)
(8.75878 -1.18727e-21 5.61483)
(8.70994 3.23663e-21 6.57731)
(8.60113 1.82312e-21 7.79812)
(8.3299 1.98623e-21 9.38977)
(7.64673 -3.24698e-21 11.5095)
(5.98926 -1.03475e-21 14.2875)
(2.42837 1.72071e-22 17.3353)
(9.97496 0 0.551336)
(9.92527 0 0.561311)
(9.87616 0 0.580861)
(9.82729 0 0.609868)
(9.77839 0 0.648461)
(9.72929 0 0.696993)
(9.67988 0 0.756023)
(9.63018 0 0.826315)
(9.58028 0 0.908848)
(9.5304 0 1.00482)
(9.48089 0 1.11567)
(9.43228 0 1.24309)
(9.38524 0 1.38913)
(9.34067 5.14867e-24 1.55618)
(9.29971 0 1.7471)
(9.26381 0 1.96532)
(9.23476 -1.85835e-22 2.21505)
(9.21475 -2.99692e-22 2.50147)
(9.2066 1.21856e-22 2.83116)
(9.21375 5.61748e-22 3.21266)
(9.24055 1.02371e-22 3.65734)
(9.29252 0 4.18095)
(9.37666 1.01624e-21 4.80604)
(9.50173 -2.35392e-21 5.56664)
(9.67775 5.4813e-21 6.51682)
(9.91186 2.5651e-21 7.74895)
(10.1868 0 9.43531)
(10.3581 -1.87653e-21 11.9326)
(9.66972 -2.41365e-21 16.0736)
(4.45895 3.77776e-21 24.047)
(0.33231 1.36153e-22 -0.321012)
(0.999669 -6.77106e-23 -0.318754)
(1.66963 -3.53667e-22 -0.310682)
(2.33183 -4.93888e-22 -0.298481)
(2.97746 -3.00509e-23 -0.282775)
(3.59897 0 -0.264364)
(4.19009 0 -0.244102)
(4.74595 0 -0.222876)
(5.26326 3.48293e-23 -0.201439)
(5.7402 3.79854e-23 -0.180463)
(6.17631 0 -0.16043)
(6.57224 -4.34914e-23 -0.141682)
(6.92951 -4.58556e-23 -0.12444)
(7.2502 0 -0.108776)
(7.5368 0 -0.0947058)
(7.79195 0 -0.0821658)
(8.01835 0 -0.0710563)
(8.21858 0 -0.0612544)
(8.39509 0 -0.0526272)
(8.55011 0 -0.0450394)
(8.6857 0 -0.0383598)
(8.80363 0 -0.0324656)
(8.90545 0 -0.0272426)
(8.99246 0 -0.0225856)
(9.06576 0 -0.0183982)
(9.12617 0 -0.0145914)
(9.17431 0 -0.011082)
(9.21054 0 -0.00779015)
(9.23495 0 -0.00463725)
(9.24735 0 -0.00154273)
(0.337393 1.41165e-21 -0.97342)
(1.0144 1.32567e-21 -0.961571)
(1.69138 0 -0.935929)
(2.35912 -1.90625e-22 -0.898228)
(3.00893 4.57131e-22 -0.850168)
(3.6332 3.42766e-22 -0.794098)
(4.22563 -4.86292e-22 -0.732631)
(4.78149 0 -0.668383)
(5.29768 -7.99305e-24 -0.60368)
(5.77266 0 -0.540475)
(6.20625 0 -0.480231)
(6.59937 0 -0.423957)
(6.95372 0 -0.372238)
(7.27156 -1.07615e-24 -0.325325)
(7.55546 0 -0.283208)
(7.80815 0 -0.245694)
(8.03233 0 -0.212473)
(8.23061 0 -0.183169)
(8.40542 0 -0.157381)
(8.55899 0 -0.134701)
(8.69334 0 -0.114734)
(8.81023 0 -0.0971138)
(8.91117 0 -0.081498)
(8.99746 0 -0.0675727)
(9.07017 0 -0.0550495)
(9.13012 0 -0.0436624)
(9.17789 0 -0.0331632)
(9.21385 0 -0.0233135)
(9.23809 0 -0.0138783)
(9.25039 0 -0.00461712)
(0.351731 4.20995e-22 -1.64261)
(1.04513 -3.93141e-21 -1.61824)
(1.73592 -2.62786e-21 -1.57203)
(2.4149 1.73069e-21 -1.506)
(3.0732 3.60863e-21 -1.42294)
(3.70294 1.5695e-21 -1.32678)
(4.29783 -9.70948e-23 -1.22202)
(4.85341 -5.13929e-22 -1.11307)
(5.3671 -5.81603e-22 -1.00389)
(5.83793 0 -0.897681)
(6.26632 0 -0.796822)
(6.65366 0 -0.702898)
(7.00209 0 -0.616795)
(7.31417 -3.5653e-24 -0.538851)
(7.59266 0 -0.46898)
(7.8404 0 -0.406815)
(8.06016 0 -0.351807)
(8.25455 0 -0.303308)
(8.42598 0 -0.260638)
(8.57666 0 -0.223114)
(8.70854 0 -0.190078)
(8.82335 0 -0.160918)
(8.92256 0 -0.135069)
(9.00742 0 -0.112011)
(9.07896 0 -0.0912677)
(9.13797 0 -0.0723998)
(9.18502 0 -0.0549974)
(9.22045 0 -0.0386666)
(9.24433 0 -0.0230195)
(9.25646 0 -0.00765852)
(0.37679 -1.7484e-22 -2.33471)
(1.09326 -1.76095e-21 -2.2952)
(1.80504 -9.48999e-22 -2.22513)
(2.50149 -2.24049e-21 -2.12674)
(3.17278 -2.12371e-22 -2.00438)
(3.81059 4.93821e-23 -1.86406)
(4.40871 -9.79268e-22 -1.71245)
(4.96328 -1.06162e-21 -1.55604)
(5.47259 4.63374e-24 -1.4004)
(5.93664 0 -1.24995)
(6.35675 0 -1.10787)
(6.73511 0 -0.976163)
(7.07446 0 -0.85587)
(7.37777 -2.47235e-24 -0.7473)
(7.64809 0 -0.650189)
(7.8884 0 -0.563928)
(8.10155 0 -0.487681)
(8.29014 0 -0.420503)
(8.45655 0 -0.36142)
(8.60291 0 -0.309466)
(8.73114 0 -0.263718)
(8.84287 0 -0.223328)
(8.9395 0 -0.187509)
(9.02224 0 -0.155543)
(9.09204 0 -0.126771)
(9.14967 0 -0.100586)
(9.19565 0 -0.0764233)
(9.23028 0 -0.0537385)
(9.25364 0 -0.0319957)
(9.26551 0 -0.0106454)
(0.411289 0 -3.05541)
(1.15992 1.58825e-22 -2.99976)
(1.90163 1.6204e-21 -2.90193)
(2.62278 2.08427e-21 -2.76554)
(3.31184 0 -2.59758)
(3.95997 -6.37272e-23 -2.40708)
(4.56141 -9.3721e-22 -2.20355)
(5.11341 -1.66437e-21 -1.99576)
(5.61564 -6.12467e-22 -1.791)
(6.0696 1.6067e-22 -1.59474)
(6.47787 2.79812e-27 -1.41075)
(6.84368 -1.81155e-22 -1.24121)
(7.17054 0 -1.08712)
(7.46196 0 -0.948564)
(7.72129 0 -0.824987)
(7.9517 0 -0.715437)
(8.15607 0 -0.618738)
(8.33699 0 -0.533611)
(8.49677 0 -0.45877)
(8.63747 0 -0.392962)
(8.76089 0 -0.335004)
(8.86857 0 -0.283811)
(8.96183 0 -0.238386)
(9.04177 0 -0.197822)
(9.10931 0 -0.161285)
(9.16511 0 -0.128011)
(9.20968 0 -0.0972848)
(9.24328 0 -0.0684216)
(9.26595 0 -0.0407436)
(9.27747 0 -0.0135569)
(0.453693 1.00385e-21 -3.81393)
(1.24713 3.95524e-22 -3.74159)
(2.03047 -1.91268e-22 -3.6105)
(2.78492 1.18352e-21 -3.42784)
(3.49666 0 -3.20526)
(4.15664 0 -2.95626)
(4.7603 -1.06916e-22 -2.69399)
(5.30685 -3.21554e-23 -2.42986)
(5.79818 -2.87523e-23 -2.17275)
(6.23777 0 -1.92896)
(6.62993 -1.75499e-22 -1.70244)
(6.97916 -9.23723e-23 -1.49526)
(7.28987 8.78269e-23 -1.30807)
(7.56614 3.77322e-24 -1.14047)
(7.81163 -3.28038e-24 -0.991517)
(8.02967 0 -0.85977)
(8.22313 0 -0.743656)
(8.39458 0 -0.641528)
(8.54621 0 -0.551773)
(8.67995 0 -0.472848)
(8.79747 0 -0.403314)
(8.90019 0 -0.34186)
(8.98932 0 -0.287291)
(9.06585 0 -0.238519)
(9.13059 0 -0.194551)
(9.18417 0 -0.154473)
(9.22701 0 -0.117434)
(9.25934 0 -0.0826133)
(9.28116 0 -0.0492031)
(9.29226 0 -0.0163732)
(0.499762 1.95914e-21 -4.62618)
(1.35863 4.80062e-22 -4.53494)
(2.19955 -9.23153e-22 -4.3612)
(2.99742 8.71894e-22 -4.11959)
(3.73634 -7.92489e-22 -3.82944)
(4.40818 -1.86901e-21 -3.51066)
(5.01101 -1.42451e-21 -3.181)
(5.54735 -5.87607e-22 -2.85461)
(6.02229 3.18868e-22 -2.54168)
(6.44205 3.41084e-22 -2.24875)
(6.813 -1.80346e-22 -1.97946)
(7.1411 -2.83543e-22 -1.73526)
(7.43171 -1.28452e-22 -1.51606)
(7.68943 4.37001e-24 -1.32084)
(7.91822 -3.79791e-24 -1.14793)
(8.12147 0 -0.995389)
(8.30201 0 -0.861163)
(8.46227 0 -0.743204)
(8.6043 0 -0.639565)
(8.72987 0 -0.548414)
(8.84049 0 -0.468067)
(8.93741 0 -0.397002)
(9.02169 0 -0.33384)
(9.09423 0 -0.277328)
(9.15572 0 -0.226326)
(9.20669 0 -0.179786)
(9.2475 0 -0.13673)
(9.27834 0 -0.0962176)
(9.29917 0 -0.0573177)
(9.30977 0 -0.0190756)
(0.547542 6.95545e-22 -5.52044)
(1.50313 -1.28301e-21 -5.40083)
(2.42242 -1.09402e-21 -5.16718)
(3.27472 2.41697e-21 -4.84675)
(4.04369 -9.46066e-22 -4.47055)
(4.72452 -1.00138e-21 -4.06717)
(5.32037 2.10649e-22 -3.65967)
(5.83901 6.18493e-22 -3.26459)
(6.29001 0 -2.89254)
(6.68301 -4.20087e-23 -2.54944)
(7.02673 -5.32733e-27 -2.23781)
(7.32864 3.42798e-22 -1.95787)
(7.59494 7.79127e-23 -1.7084)
(7.83068 0 -1.48741)
(8.03995 0 -1.29241)
(8.22608 3.7082e-24 -1.12082)
(8.39177 0 -0.970057)
(8.53927 0 -0.83766)
(8.67039 0 -0.721345)
(8.78669 0 -0.619006)
(8.88948 0 -0.528729)
(8.97983 0 -0.448803)
(9.05864 0 -0.377681)
(9.12666 0 -0.313966)
(9.18445 0 -0.256387)
(9.23247 0 -0.203777)
(9.27099 0 -0.155047)
(9.30014 0 -0.109146)
(9.31986 0 -0.065035)
(9.32989 0 -0.0216468)
(0.609685 -3.63191e-22 -6.5372)
(1.69967 0 -6.36738)
(2.72158 6.39735e-22 -6.04377)
(3.6383 -4.15685e-22 -5.61382)
(4.43613 -1.43506e-22 -5.12573)
(5.118 0 -4.61912)
(5.69606 4.36155e-22 -4.12206)
(6.18586 3.86383e-22 -3.65206)
(6.60286 0 -3.21856)
(6.96058 1.4951e-22 -2.82541)
(7.27015 1.92447e-22 -2.47296)
(7.54037 3.13887e-22 -2.15952)
(7.77803 0 -1.88229)
(7.98837 2.11457e-22 -1.638)
(8.17542 2.16407e-22 -1.42323)
(8.34227 4.08491e-24 -1.23467)
(8.49136 0 -1.06924)
(8.62466 0 -0.924007)
(8.7437 0 -0.796394)
(8.84976 0 -0.684038)
(8.94392 0 -0.584825)
(9.02703 0 -0.496874)
(9.0998 0 -0.4185)
(9.16283 0 -0.34818)
(9.21656 0 -0.284533)
(9.26132 0 -0.22629)
(9.29731 0 -0.172266)
(9.32459 0 -0.121317)
(9.34306 0 -0.0723079)
(9.35248 0 -0.0240711)
(0.70683 3.09408e-22 -7.72744)
(1.98006 8.48303e-22 -7.47015)
(3.13242 1.50736e-22 -7.00654)
(4.11915 -3.10886e-21 -6.42059)
(4.93641 1.22427e-21 -5.78598)
(5.60304 0 -5.15426)
(6.14579 -6.50971e-22 -4.55602)
(6.59106 -2.74186e-22 -4.00657)
(6.96115 0 -3.51132)
(7.27354 0 -3.07017)
(7.54135 2.41613e-22 -2.68003)
(7.77414 4.10792e-23 -2.33655)
(7.97888 0 -2.03495)
(8.1606 -2.34275e-23 -1.77048)
(8.32291 0 -1.53877)
(8.46855 0 -1.33574)
(8.59953 0 -1.15773)
(8.71741 0 -1.00147)
(8.82337 0 -0.864088)
(8.91838 0 -0.743007)
(9.00322 0 -0.635943)
(9.07851 0 -0.540883)
(9.14478 0 -0.456025)
(9.20242 0 -0.37975)
(9.25176 0 -0.310589)
(9.293 0 -0.247189)
(9.32624 0 -0.188288)
(9.3515 0 -0.132661)
(9.36864 0 -0.0790944)
(9.37738 0 -0.0263346)
(0.861622 -2.11055e-22 -9.16856)
(2.39563 -2.50832e-21 -8.75574)
(3.71019 -7.23944e-22 -8.06702)
(4.76092 1.53553e-21 -7.25628)
(5.57268 7.70296e-22 -6.43152)
(6.19465 -6.56342e-22 -5.65214)
(6.67574 -3.53505e-22 -4.94419)
(7.05553 -3.73599e-22 -4.31461)
(7.36315 0 -3.76092)
(7.61904 3.46646e-22 -3.2766)
(7.83715 2.54732e-22 -2.85396)
(8.02694 1.59351e-22 -2.48535)
(8.19477 5.42289e-23 -2.16379)
(8.34495 -4.9833e-23 -1.88304)
(8.48044 -2.16697e-23 -1.63767)
(8.60327 0 -1.42294)
(8.7149 0 -1.23471)
(8.81638 0 -1.06941)
(8.90846 0 -0.923914)
(8.99176 0 -0.795496)
(9.06674 0 -0.681744)
(9.13377 0 -0.580549)
(9.19314 0 -0.490028)
(9.24508 0 -0.408492)
(9.28976 0 -0.334406)
(9.32725 0 -0.266358)
(9.35759 0 -0.203023)
(9.38069 0 -0.143117)
(9.3964 0 -0.0853584)
(9.40442 0 -0.0284255)
(1.11837 3.27265e-22 -11.0004)
(3.04067 4.24387e-22 -10.2853)
(4.5437 4.81873e-22 -9.22098)
(5.62314 1.71144e-21 -8.08788)
(6.37619 0 -7.02498)
(6.90512 0 -6.0814)
(7.28767 -1.9292e-22 -5.26329)
(7.57618 -2.00554e-22 -4.56005)
(7.80402 0 -3.95645)
(7.99199 3.63664e-22 -3.43746)
(8.15292 0 -2.98991)
(8.29473 1.10276e-22 -2.60269)
(8.42232 -2.78672e-23 -2.26662)
(8.53869 -2.61209e-23 -1.9741)
(8.64572 -2.27435e-23 -1.71881)
(8.74457 0 -1.49546)
(8.83595 0 -1.29957)
(8.92033 0 -1.12733)
(8.99798 0 -0.975483)
(9.0691 0 -0.841189)
(9.13383 0 -0.721968)
(9.19226 0 -0.615658)
(9.24445 0 -0.520331)
(9.29044 0 -0.434259)
(9.33024 0 -0.355867)
(9.36382 0 -0.283704)
(9.39111 0 -0.216402)
(9.41196 0 -0.152634)
(9.42617 0 -0.0910702)
(9.43343 0 -0.0303337)
(1.57432 3.57371e-22 -13.5013)
(4.10434 -1.283e-21 -12.1208)
(5.77663 0 -10.4156)
(6.78 0 -8.83923)
(7.37369 3.90259e-22 -7.50326)
(7.73714 4.09514e-22 -6.39818)
(7.97471 0 -5.48516)
(8.14365 9.99219e-22 -4.72539)
(8.27479 0 -4.08718)
(8.38472 -4.30558e-22 -3.54615)
(8.48239 -2.80654e-23 -3.0838)
(8.57252 2.8364e-23 -2.686)
(8.65755 0 -2.34178)
(8.73865 0 -2.04256)
(8.81625 -2.35721e-23 -1.78143)
(8.89044 0 -1.55277)
(8.96108 -8.94497e-24 -1.3519)
(9.02798 0 -1.17493)
(9.09088 0 -1.01854)
(9.14955 0 -0.879875)
(9.20379 0 -0.756438)
(9.2534 0 -0.646059)
(9.29822 0 -0.546808)
(9.3381 0 -0.456944)
(9.37289 0 -0.374883)
(9.40243 0 -0.299154)
(9.42657 0 -0.22837)
(9.44509 0 -0.161174)
(9.45774 0 -0.0962065)
(9.46423 0 -0.0320515)
(2.48058 -2.62377e-25 -17.2961)
(5.99896 -2.7699e-21 -14.2304)
(7.6287 4.03731e-21 -11.4674)
(8.30104 0 -9.36038)
(8.56769 1.81285e-21 -7.7726)
(8.67241 9.17447e-22 -6.54919)
(8.71614 2.57195e-22 -5.58051)
(8.7403 1.01378e-21 -4.79465)
(8.76171 0 -4.14437)
(8.78689 -3.8053e-22 -3.59786)
(8.81779 0 -3.13296)
(8.85445 -5.85933e-23 -2.73375)
(8.89603 6.75103e-23 -2.38841)
(8.9414 0 -2.08791)
(8.98936 -2.41514e-23 -1.82521)
(9.03878 0 -1.59463)
(9.08862 -9.20726e-24 -1.39154)
(9.13798 0 -1.21207)
(9.18607 0 -1.05298)
(9.23223 0 -0.911455)
(9.27591 0 -0.785061)
(9.31663 0 -0.67167)
(9.35399 0 -0.569381)
(9.38767 0 -0.47648)
(9.41736 0 -0.391394)
(9.4428 0 -0.31266)
(9.46372 0 -0.238887)
(9.47986 0 -0.168709)
(9.49093 0 -0.10075)
(9.49662 0 -0.0335733)
(4.58336 5.07511e-21 -23.9719)
(9.69377 3.38937e-21 -16.017)
(10.3576 7.54837e-21 -11.8979)
(10.1791 -4.30304e-21 -9.40898)
(9.89837 -4.18559e-21 -7.72223)
(9.65724 2.04354e-21 -6.48483)
(9.47318 2.00462e-21 -5.5271)
(9.33963 0 -4.75781)
(9.24678 0 -4.12355)
(9.186 6.22852e-22 -3.59068)
(9.15032 6.95063e-22 -3.13666)
(9.13415 1.20886e-22 -2.74578)
(9.13304 1.91012e-22 -2.40655)
(9.14338 5.58329e-23 -2.11029)
(9.16233 0 -1.8503)
(9.18748 -8.57751e-23 -1.62119)
(9.2169 0 -1.41859)
(9.24902 0 -1.23882)
(9.28251 0 -1.07883)
(9.31629 0 -0.935941)
(9.34949 0 -0.807834)
(9.38136 0 -0.692472)
(9.41128 0 -0.588028)
(9.43876 0 -0.49284)
(9.46334 0 -0.405375)
(9.48464 0 -0.324197)
(9.50233 0 -0.247932)
(9.51606 0 -0.175223)
(9.52553 0 -0.104692)
(9.5304 0 -0.0348955)
(9.97751 0 0.575033)
(9.93293 0 0.585181)
(9.88903 0 0.605057)
(9.84561 0 0.634517)
(9.80255 0 0.673656)
(9.7598 0 0.722784)
(9.71741 0 0.782409)
(9.67554 0 0.853233)
(9.63447 0 0.936155)
(9.5946 0 1.03228)
(9.55653 0 1.14292)
(9.52103 0 1.26963)
(9.4891 0 1.41426)
(9.46205 0 1.57899)
(9.4415 0 1.76637)
(9.42953 0 1.97947)
(9.42874 0 2.22201)
(9.44249 -3.16056e-22 2.49856)
(9.4751 -5.01628e-22 2.81484)
(9.53229 -9.25151e-22 3.17817)
(9.62171 -5.09424e-22 3.59832)
(9.75415 0 4.08846)
(9.94528 -1.12032e-21 4.66731)
(10.2192 -3.29889e-21 5.3625)
(10.6159 -3.18794e-21 6.21696)
(11.2097 -6.2981e-21 7.30224)
(12.1605 1.84948e-21 8.74716)
(13.8873 2.28573e-21 10.8095)
(17.7279 1.65536e-20 14.0714)
(28.6791 2.43618e-20 20.0373)
(9.98017 0 0.596795)
(9.94092 0 0.607042)
(9.90245 0 0.627095)
(9.86471 0 0.656782)
(9.82769 0 0.696158)
(9.79148 0 0.745482)
(9.75628 0 0.805197)
(9.72239 0 0.875926)
(9.69024 0 0.958468)
(9.66045 0 1.0538)
(9.63379 0 1.16309)
(9.61129 0 1.28769)
(9.59426 -7.56121e-23 1.42921)
(9.58431 0 1.58951)
(9.5835 0 1.77076)
(9.59447 0 1.97552)
(9.62051 0 2.20678)
(9.66584 -6.5305e-23 2.46822)
(9.7361 0 2.7642)
(9.83866 0 3.10025)
(9.98372 0 3.48319)
(10.1856 4.14722e-22 3.92187)
(10.4657 0 4.4277)
(10.8565 0 5.01553)
(11.4117 -1.20573e-21 5.70425)
(12.2236 -1.37727e-21 6.51534)
(13.4612 3.15441e-21 7.46277)
(15.4362 1.79778e-21 8.50695)
(18.6626 0 9.36494)
(23.4674 9.25969e-22 8.76273)
(9.98291 0 0.616237)
(9.94915 0 0.626502)
(9.91627 0 0.646576)
(9.88432 0 0.676253)
(9.85345 0 0.715545)
(9.82387 0 0.764651)
(9.79591 0 0.823938)
(9.76999 0 0.893935)
(9.74672 0 0.975321)
(9.72684 0 1.06893)
(9.71134 0 1.17573)
(9.70142 0 1.29686)
(9.69864 -7.58455e-23 1.43363)
(9.70489 0 1.58751)
(9.72257 0 1.76021)
(9.75466 0 1.95366)
(9.80494 0 2.16999)
(9.87833 0 2.41171)
(9.98106 0 2.68164)
(10.1215 -1.57788e-22 2.98288)
(10.3109 9.16347e-22 3.31889)
(10.5648 -7.28605e-22 3.69321)
(10.9055 -3.75208e-21 4.10875)
(11.3652 -6.25991e-21 4.56646)
(11.9915 -7.22263e-21 5.06134)
(12.8558 -1.17759e-21 5.57295)
(14.0585 1.27654e-21 6.04359)
(15.7199 0 6.3265)
(17.8951 0 6.08009)
(20.2864 3.44375e-20 4.61807)
(9.98571 0 0.633159)
(9.95756 0 0.643362)
(9.93036 0 0.663298)
(9.9043 0 0.692727)
(9.87964 0 0.731612)
(9.85671 0 0.780087)
(9.83596 0 0.838434)
(9.81793 0 0.907071)
(9.80334 0 0.986546)
(9.79309 0 1.07752)
(9.7883 0 1.18076)
(9.79033 0 1.29714)
(9.8009 0 1.42763)
(9.82209 0 1.57331)
(9.85651 0 1.73533)
(9.90736 0 1.9149)
(9.97867 -2.08231e-22 2.11327)
(10.0755 -2.66704e-22 2.33169)
(10.2043 0 2.57123)
(10.3734 1.09844e-21 2.83265)
(10.5937 9.56954e-22 3.11597)
(10.8797 2.30453e-21 3.41976)
(11.2503 -1.19786e-21 3.73976)
(11.7312 -4.1113e-21 4.06619)
(12.3549 -9.25604e-22 4.37907)
(13.1602 0 4.63906)
(14.1846 -5.04248e-22 4.77216)
(15.4372 4.90947e-22 4.64765)
(16.8394 0 4.05907)
(18.1304 -3.07517e-20 2.76126)
(9.98855 0 0.64737)
(9.96608 0 0.657432)
(9.94462 0 0.677071)
(9.92448 0 0.706018)
(9.90603 0 0.74418)
(9.88971 0 0.791621)
(9.87605 0 0.848529)
(9.86572 0 0.915206)
(9.85954 0 0.992053)
(9.85849 0 1.07955)
(9.86379 0 1.17824)
(9.87693 0 1.28871)
(9.89971 0 1.4116)
(9.9343 0 1.54753)
(9.98339 0 1.6971)
(10.0502 0 1.86081)
(10.1387 5.39433e-23 2.03901)
(10.2538 -5.90427e-23 2.2317)
(10.4015 -5.50679e-22 2.4384)
(10.5895 -5.60634e-22 2.65772)
(10.8271 -1.07015e-21 2.88687)
(11.1259 -1.34325e-21 3.12071)
(11.4999 7.0853e-22 3.35022)
(11.9654 -3.76465e-22 3.56017)
(12.5392 -5.31454e-21 3.72535)
(13.2347 -5.60917e-21 3.80553)
(14.0515 -1.27056e-20 3.73965)
(14.9577 -2.53673e-20 3.44327)
(15.8648 -1.35993e-20 2.82016)
(16.6099 9.53123e-23 1.80772)
(9.99141 0 0.658698)
(9.97465 0 0.668541)
(9.95894 0 0.687731)
(9.9447 0 0.715966)
(9.93241 0 0.753101)
(9.92258 0 0.799123)
(9.91583 0 0.854123)
(9.91293 0 0.91828)
(9.91473 0 0.991841)
(9.92233 0 1.0751)
(9.93699 0 1.16836)
(9.96022 0 1.27194)
(9.99386 0 1.38612)
(10.0401 0 1.51109)
(10.1015 0 1.64691)
(10.1811 0 1.79342)
(10.2827 0 1.95011)
(10.4107 -5.59791e-23 2.11598)
(10.5704 -6.20178e-22 2.28919)
(10.7679 -1.84071e-21 2.46679)
(11.0104 -1.09591e-21 2.64405)
(11.3062 2.39463e-21 2.8137)
(11.6637 1.56426e-22 2.96469)
(12.0909 -2.88676e-21 3.08066)
(12.5929 5.33605e-21 3.13802)
(13.1673 5.57931e-21 3.10436)
(13.7981 1.13855e-20 2.93847)
(14.4467 1.21073e-20 2.59491)
(15.0454 -1.27516e-20 2.03757)
(15.5013 -6.67165e-23 1.26545)
(9.99426 0 0.666991)
(9.98319 0 0.67654)
(9.97319 0 0.695135)
(9.96479 0 0.722443)
(9.95853 0 0.758264)
(9.95501 0 0.802509)
(9.95493 0 0.85517)
(9.95908 0 0.916301)
(9.96839 0 0.985994)
(9.98397 0 1.06435)
(10.0071 0 1.15146)
(10.0393 0 1.24736)
(10.0823 0 1.35199)
(10.1382 0 1.46514)
(10.2094 0 1.5864)
(10.2988 0 1.71503)
(10.4094 0 1.84984)
(10.5452 -2.79134e-22 1.98899)
(10.7102 -3.96186e-22 2.12975)
(10.909 0 2.26816)
(11.1467 1.18031e-21 2.39854)
(11.4279 1.34297e-21 2.51291)
(11.7565 -2.69632e-21 2.60032)
(12.1345 -2.43016e-21 2.64607)
(12.5594 -1.39127e-22 2.6313)
(13.0222 0 2.53337)
(13.503 0 2.32798)
(13.9689 -1.17317e-20 1.99428)
(14.3743 -1.20988e-20 1.52374)
(14.6677 -1.24265e-20 0.93175)
(9.99708 0 0.672116)
(9.99163 0 0.681301)
(9.98726 0 0.699167)
(9.98457 0 0.725348)
(9.98417 0 0.759594)
(9.98673 0 0.801741)
(9.99297 0 0.851681)
(10.0037 0 0.909347)
(10.02 0 0.974681)
(10.0428 0 1.04761)
(10.0734 0 1.12799)
(10.1133 0 1.21563)
(10.1641 0 1.31016)
(10.2278 0 1.41103)
(10.3063 0 1.51742)
(10.4023 0 1.62814)
(10.5182 0 1.7415)
(10.6571 4.90728e-23 1.85509)
(10.8218 -5.20001e-23 1.96573)
(11.0156 6.37919e-22 2.06899)
(11.2412 5.95127e-22 2.15906)
(11.5005 5.89465e-23 2.22833)
(11.7942 -5.9973e-23 2.26718)
(12.1202 2.74657e-21 2.26387)
(12.4729 -2.75849e-21 2.20483)
(12.8409 -5.43937e-21 2.07581)
(13.2064 0 1.86421)
(13.5447 -5.69641e-21 1.56255)
(13.8267 -1.17137e-20 1.17344)
(14.0235 -1.06259e-26 0.713359)
(9.99985 0 0.673967)
(9.9999 0 0.682726)
(10.001 0 0.699739)
(10.0039 0 0.724617)
(10.0091 0 0.757057)
(10.0174 0 0.796825)
(10.0296 0 0.843721)
(10.0465 0 0.89756)
(10.069 0 0.958145)
(10.0983 0 1.02524)
(10.1354 0 1.09851)
(10.1817 0 1.17753)
(10.2387 0 1.2617)
(10.3081 0 1.35017)
(10.3917 0 1.44185)
(10.4914 0 1.5352)
(10.6092 0 1.62822)
(10.7472 3.2993e-22 1.71828)
(10.9074 -1.70662e-27 1.80196)
(11.0914 -2.43998e-22 1.87493)
(11.3003 5.9826e-22 1.93179)
(11.5342 6.10639e-22 1.96595)
(11.7913 0 1.96966)
(12.068 5.11591e-23 1.93427)
(12.3571 0 1.85084)
(12.6483 2.67876e-21 1.7113)
(12.9271 2.73776e-21 1.5101)
(13.1763 3.29434e-23 1.24641)
(13.3774 0 0.92622)
(13.5142 0 0.563383)
(10.0025 0 0.672463)
(10.0079 0 0.680741)
(10.0144 0 0.696797)
(10.0225 0 0.720217)
(10.0331 0 0.750658)
(10.0469 0 0.787817)
(10.0646 0 0.831409)
(10.087 0 0.881145)
(10.1152 0 0.936702)
(10.1499 0 0.997697)
(10.1925 0 1.06364)
(10.244 0 1.13392)
(10.3057 0 1.20774)
(10.379 0 1.28406)
(10.4654 0 1.36157)
(10.5663 0 1.43856)
(10.6832 0 1.51288)
(10.8173 -1.43166e-22 1.58189)
(10.9697 -1.45184e-22 1.64228)
(11.1409 4.4702e-23 1.69008)
(11.3308 0 1.72063)
(11.5381 -4.57188e-23 1.72861)
(11.7602 1.2904e-21 1.70819)
(11.9924 -1.83143e-26 1.65347)
(12.2282 1.29482e-21 1.55901)
(12.4586 5.27677e-21 1.42079)
(12.6728 2.68375e-21 1.23725)
(12.859 2.72317e-21 1.01034)
(13.0057 2.55708e-38 0.746491)
(13.1038 -2.77491e-21 0.456356)
(10.0051 0 0.667555)
(10.0157 0 0.675306)
(10.0272 0 0.690315)
(10.0404 0 0.712155)
(10.056 0 0.740441)
(10.0749 0 0.774814)
(10.0976 0 0.814913)
(10.125 0 0.860358)
(10.158 0 0.910722)
(10.1975 0 0.965498)
(10.2444 0 1.02408)
(10.2998 0 1.0857)
(10.3648 0 1.14943)
(10.4404 0 1.21411)
(10.5277 0 1.27832)
(10.6277 0 1.3403)
(10.7414 0 1.39791)
(10.8694 0 1.44864)
(11.0119 0 1.48949)
(11.1687 4.01219e-23 1.51706)
(11.3389 -6.00287e-22 1.52751)
(11.5205 -6.099e-22 1.51682)
(11.7104 3.91594e-23 1.48086)
(11.9042 1.26045e-21 1.41587)
(12.0961 2.56153e-21 1.31886)
(12.2789 1.30013e-21 1.18829)
(12.445 0 1.0246)
(12.5863 1.33267e-21 0.830763)
(12.6956 1.34423e-21 0.612395)
(12.7676 1.35184e-21 0.377524)
(10.0076 0 0.659219)
(10.023 0 0.666407)
(10.0394 0 0.680304)
(10.0573 0 0.700469)
(10.0777 0 0.726488)
(10.1011 0 0.757953)
(10.1284 0 0.794443)
(10.1602 0 0.835501)
(10.1974 0 0.880614)
(10.2407 0 0.929186)
(10.291 0 0.980509)
(10.3492 0 1.03374)
(10.4161 0 1.08786)
(10.4924 0 1.14165)
(10.5791 0 1.19367)
(10.6766 0 1.24221)
(10.7855 2.85493e-22 1.28526)
(10.9058 2.53755e-22 1.32052)
(11.0372 -1.46077e-22 1.34547)
(11.1792 -2.95911e-22 1.35726)
(11.3301 -1.49953e-22 1.35295)
(11.4878 0 1.3296)
(11.6493 0 1.28448)
(11.8106 0 1.21539)
(11.9669 6.33535e-22 1.12095)
(12.1128 6.14806e-22 1.00102)
(12.2428 -1.29628e-21 0.856918)
(12.3515 -2.61558e-21 0.691714)
(12.4345 -1.31657e-21 0.510049)
(12.4887 0 0.317877)
(10.0099 0 0.647463)
(10.03 0 0.654063)
(10.0509 0 0.666799)
(10.0733 0 0.685229)
(10.0979 0 0.708913)
(10.1255 0 0.737407)
(10.1568 0 0.770241)
(10.1924 0 0.806901)
(10.233 0 0.846813)
(10.2794 0 0.889317)
(10.3322 0 0.933645)
(10.3921 0 0.978904)
(10.4598 0 1.02405)
(10.5357 0 1.06787)
(10.6204 0 1.10897)
(10.7142 0 1.14574)
(10.8171 0 1.17639)
(10.9288 -3.17037e-23 1.19894)
(11.0489 0 1.21126)
(11.1761 -1.47916e-22 1.21116)
(11.309 -1.49674e-22 1.19644)
(11.4453 0 1.16509)
(11.5822 0 1.1154)
(11.7164 3.10134e-22 1.04625)
(11.8441 3.13514e-22 0.957249)
(11.9613 6.10805e-22 0.848961)
(12.0642 6.38676e-22 0.723057)
(12.149 0 0.582276)
(12.2131 -6.46557e-22 0.430339)
(12.2546 -6.48757e-22 0.271665)
(10.0121 0 0.632323)
(10.0365 0 0.638321)
(10.0616 0 0.649873)
(10.088 0 0.666537)
(10.1166 0 0.687861)
(10.148 0 0.713376)
(10.1827 0 0.742578)
(10.2215 0 0.774913)
(10.2649 0 0.809768)
(10.3136 0 0.846447)
(10.368 0 0.884157)
(10.4288 0 0.921992)
(10.4963 0 0.958925)
(10.5708 0 0.993795)
(10.6526 0 1.0253)
(10.7418 0 1.052)
(10.8381 0 1.07234)
(10.941 -3.62006e-23 1.08467)
(11.0497 -7.31207e-23 1.0873)
(11.163 -3.69354e-23 1.07855)
(11.2794 1.49282e-22 1.05689)
(11.3968 1.50836e-22 1.021)
(11.5128 1.52371e-22 0.969934)
(11.6247 4.61557e-22 0.903246)
(11.7295 3.32174e-22 0.821122)
(11.8244 0 0.724451)
(11.9065 0 0.614897)
(11.9736 3.16941e-22 0.494805)
(12.0239 1.02613e-28 0.367099)
(12.0564 -3.19131e-22 0.235075)
(10.0141 0 0.613864)
(10.0425 0 0.619255)
(10.0714 0 0.629619)
(10.1016 0 0.64452)
(10.1337 0 0.663503)
(10.1683 0 0.686084)
(10.2061 0 0.71174)
(10.2475 0 0.739897)
(10.2931 0 0.769923)
(10.3434 0 0.801111)
(10.3987 0 0.832671)
(10.4595 0 0.86372)
(10.526 0 0.893279)
(10.5984 0 0.920272)
(10.6767 0 0.943527)
(10.7607 0 0.961792)
(10.8501 0 0.973757)
(10.9442 0 0.978094)
(11.0421 0 0.973498)
(11.1427 0 0.958759)
(11.2443 0 0.932835)
(11.3454 0 0.894938)
(11.4438 0 0.844629)
(11.5373 0 0.78189)
(11.6239 1.86792e-23 0.707194)
(11.7013 1.54865e-22 0.621549)
(11.7676 1.55743e-22 0.526456)
(11.8214 -3.12909e-22 0.423861)
(11.8614 -1.56985e-22 0.316053)
(11.8873 1.68348e-29 0.205501)
(10.016 0 0.592174)
(10.048 0 0.596965)
(10.0804 0 0.606157)
(10.1139 0 0.619328)
(10.1491 0 0.636027)
(10.1866 0 0.655766)
(10.2268 0 0.678019)
(10.2704 0 0.702207)
(10.3176 0 0.7277)
(10.3688 0 0.753803)
(10.4245 0 0.779749)
(10.4847 0 0.804705)
(10.5497 0 0.827764)
(10.6194 0 0.847958)
(10.6937 0 0.864261)
(10.7724 0 0.875614)
(10.8549 0 0.880947)
(10.9405 -3.61991e-23 0.879221)
(11.0284 -3.64898e-23 0.869463)
(11.1173 0 0.850835)
(11.2061 -3.70778e-23 0.822673)
(11.2931 -7.47315e-23 0.784564)
(11.3768 -3.76425e-23 0.736395)
(11.4554 7.58054e-23 0.678399)
(11.5273 1.52563e-22 0.611174)
(11.591 1.53405e-22 0.535696)
(11.6451 1.54122e-22 0.453277)
(11.6887 1.54699e-22 0.365507)
(11.7212 1.55128e-22 0.274164)
(11.7421 2.41652e-30 0.181114)
(10.0177 0 0.567364)
(10.053 0 0.571572)
(10.0885 0 0.579627)
(10.125 0 0.591128)
(10.1629 0 0.605634)
(10.2028 0 0.622668)
(10.2451 0 0.641709)
(10.2902 0 0.662191)
(10.3385 0 0.683501)
(10.3903 0 0.704972)
(10.4457 0 0.725885)
(10.5049 0 0.745468)
(10.5679 0 0.762906)
(10.6345 0 0.777347)
(10.7047 0 0.787918)
(10.778 0 0.793742)
(10.8538 0 0.793971)
(10.9315 0 0.787815)
(11.0102 0 0.774576)
(11.0889 -3.669e-23 0.753696)
(11.1664 -3.69465e-23 0.724795)
(11.2415 0 0.687713)
(11.3129 0 0.642534)
(11.3794 0 0.589617)
(11.4396 0 0.529593)
(11.4924 0 0.46335)
(11.5371 0 0.392001)
(11.573 0 0.316829)
(11.5996 0 0.239221)
(11.6169 0 0.160596)
(10.0192 0 0.539562)
(10.0574 0 0.543212)
(10.0957 0 0.550184)
(10.1348 0 0.560097)
(10.175 0 0.572534)
(10.2169 0 0.587032)
(10.2608 0 0.603091)
(10.3072 0 0.620169)
(10.3561 0 0.637684)
(10.408 0 0.65501)
(10.4627 0 0.671488)
(10.5205 0 0.686421)
(10.5812 0 0.699092)
(10.6447 0 0.708768)
(10.7107 0 0.714722)
(10.7787 0 0.716248)
(10.8482 0 0.712687)
(10.9186 0 0.703456)
(10.9891 0 0.688076)
(11.0588 0 0.666201)
(11.1266 0 0.637647)
(11.1917 0 0.602416)
(11.253 0 0.560709)
(11.3095 0 0.512929)
(11.3603 -3.7588e-23 0.459685)
(11.4046 -7.54695e-23 0.401756)
(11.4419 -3.78582e-23 0.34007)
(11.4718 0 0.275656)
(11.4939 -3.80303e-23 0.209598)
(11.5085 -3.80783e-23 0.142979)
(10.0205 0 0.508911)
(10.0613 0 0.512036)
(10.1021 0 0.517988)
(10.1433 0 0.526419)
(10.1855 0 0.536932)
(10.229 0 0.549093)
(10.2742 0 0.56243)
(10.3214 0 0.576432)
(10.3707 0 0.590561)
(10.4222 0 0.604245)
(10.4761 0 0.616887)
(10.5322 0 0.627874)
(10.5905 0 0.636587)
(10.6507 0 0.64241)
(10.7126 0 0.644747)
(10.7756 0 0.643044)
(10.8394 0 0.636802)
(10.9032 0 0.625606)
(10.9663 0 0.609141)
(11.0281 0 0.587216)
(11.0878 0 0.559779)
(11.1444 0 0.526929)
(11.1973 0 0.488924)
(11.2457 3.72089e-23 0.446171)
(11.289 3.7352e-23 0.399221)
(11.3265 0 0.348747)
(11.358 3.75806e-23 0.29551)
(11.3832 7.53277e-23 0.240334)
(11.402 3.77259e-23 0.184065)
(11.4144 0 0.12754)
(10.0216 0 0.475566)
(10.0647 0 0.478204)
(10.1075 0 0.483215)
(10.1507 0 0.490281)
(10.1945 0 0.499037)
(10.2393 0 0.509079)
(10.2855 0 0.519971)
(10.3331 0 0.531244)
(10.3824 0 0.542407)
(10.4334 0 0.552947)
(10.4861 0 0.562339)
(10.5405 0 0.57005)
(10.5963 0 0.575555)
(10.6533 0 0.578348)
(10.7113 0 0.577952)
(10.7697 0 0.573938)
(10.8282 0 0.56594)
(10.8861 0 0.553672)
(10.9429 0 0.536942)
(10.9979 0 0.515667)
(11.0505 3.65632e-23 0.48988)
(11.1002 7.34547e-23 0.459731)
(11.1461 3.68795e-23 0.425497)
(11.1879 0 0.387562)
(11.2251 0 0.346411)
(11.2573 0 0.302612)
(11.2842 0 0.256787)
(11.3057 0 0.209593)
(11.3219 0 0.161693)
(11.3327 0 0.113732)
(10.0226 0 0.439685)
(10.0676 0 0.441879)
(10.1122 0 0.446035)
(10.1569 0 0.451866)
(10.2021 0 0.459041)
(10.2479 0 0.467195)
(10.2947 0 0.475929)
(10.3426 0 0.484823)
(10.3917 0 0.493437)
(10.442 0 0.50132)
(10.4934 0 0.508016)
(10.5459 0 0.513074)
(10.5993 0 0.516057)
(10.6533 0 0.516553)
(10.7076 0 0.514189)
(10.7618 0 0.50864)
(10.8155 0 0.499646)
(10.8682 0 0.487019)
(10.9195 0 0.470655)
(10.9687 0 0.450542)
(11.0155 0 0.42676)
(11.0592 0 0.399488)
(11.0995 0 0.368993)
(11.136 0 0.335622)
(11.1683 0 0.299795)
(11.1961 0 0.261982)
(11.2194 0 0.22269)
(11.2381 0 0.182441)
(11.2522 0 0.141756)
(11.2618 0 0.101133)
(10.0235 0 0.401428)
(10.07 0 0.403223)
(10.1161 0 0.406613)
(10.1621 0 0.411345)
(10.2083 0 0.417124)
(10.2549 0 0.423623)
(10.3021 0 0.430488)
(10.3501 0 0.437347)
(10.3988 0 0.443816)
(10.4482 0 0.449504)
(10.4983 0 0.454024)
(10.549 0 0.456998)
(10.6 0 0.45807)
(10.6512 0 0.456912)
(10.7022 0 0.453235)
(10.7526 0 0.446802)
(10.8021 0 0.437431)
(10.8503 0 0.425007)
(10.8968 0 0.409487)
(10.9412 0 0.390902)
(10.983 0 0.36936)
(11.0219 0 0.345041)
(11.0575 0 0.318192)
(11.0896 0 0.28912)
(11.118 0 0.258177)
(11.1424 0 0.225752)
(11.1629 0 0.192254)
(11.1793 0 0.158097)
(11.1918 0 0.123688)
(11.2004 0 0.0894155)
(10.0241 0 0.36095)
(10.0721 0 0.362393)
(10.1194 0 0.36511)
(10.1664 0 0.368879)
(10.2134 0 0.373445)
(10.2606 0 0.378521)
(10.308 0 0.383798)
(10.3558 0 0.388955)
(10.404 0 0.39366)
(10.4526 0 0.397584)
(10.5014 0 0.400402)
(10.5503 0 0.401804)
(10.5991 0 0.401505)
(10.6477 0 0.399248)
(10.6957 0 0.394815)
(10.7427 0 0.388034)
(10.7886 0 0.378786)
(10.833 0 0.367005)
(10.8754 0 0.352689)
(10.9156 0 0.335893)
(10.9533 0 0.316734)
(10.9882 0 0.295382)
(11.0201 0 0.272059)
(11.0487 0 0.247025)
(11.0739 0 0.220575)
(11.0956 0 0.193026)
(11.1137 0 0.164703)
(11.1284 0 0.135936)
(11.1396 0 0.107041)
(11.1476 0 0.0783209)
(10.0247 0 0.318402)
(10.0737 0 0.31954)
(10.122 0 0.321672)
(10.1698 0 0.324614)
(10.2174 0 0.328145)
(10.265 0 0.332021)
(10.3125 0 0.335977)
(10.3601 0 0.339742)
(10.4077 0 0.343037)
(10.4554 0 0.345588)
(10.5029 0 0.34713)
(10.5502 0 0.347413)
(10.5971 0 0.346212)
(10.6433 0 0.343329)
(10.6886 0 0.338605)
(10.7328 0 0.331917)
(10.7756 0 0.323191)
(10.8166 0 0.312397)
(10.8557 0 0.299554)
(10.8925 0 0.28473)
(10.9268 0 0.268038)
(10.9584 0 0.249632)
(10.9872 0 0.229702)
(11.0129 0 0.208468)
(11.0356 0 0.18617)
(11.0551 0 0.163062)
(11.0715 0 0.139405)
(11.0848 0 0.115454)
(11.0951 0 0.0914568)
(11.1024 0 0.0676467)
(10.0252 0 0.273924)
(10.075 0 0.2748)
(10.1241 0 0.276435)
(10.1725 0 0.278676)
(10.2206 0 0.28134)
(10.2683 0 0.284223)
(10.3158 0 0.287106)
(10.3631 0 0.289763)
(10.4102 0 0.291967)
(10.457 0 0.293495)
(10.5034 0 0.294135)
(10.5492 0 0.293692)
(10.5943 0 0.29199)
(10.6385 0 0.288882)
(10.6816 0 0.284251)
(10.7233 0 0.278016)
(10.7634 0 0.27013)
(10.8017 0 0.260588)
(10.8379 0 0.249419)
(10.8719 0 0.236694)
(10.9035 0 0.222514)
(10.9325 0 0.207014)
(10.9587 0 0.190351)
(10.9822 0 0.172705)
(11.0029 0 0.15427)
(11.0207 0 0.135245)
(11.0357 0 0.115835)
(11.0479 0 0.0962379)
(11.0575 0 0.0766443)
(11.0644 0 0.0572321)
(10.0255 0 0.227643)
(10.076 0 0.228297)
(10.1257 0 0.229514)
(10.1746 0 0.231172)
(10.2229 0 0.233121)
(10.2708 0 0.235198)
(10.3182 0 0.237228)
(10.3652 0 0.23903)
(10.4118 0 0.240423)
(10.4578 0 0.241233)
(10.5031 0 0.241295)
(10.5477 0 0.240458)
(10.5913 0 0.238593)
(10.6337 0 0.235591)
(10.6749 0 0.231369)
(10.7146 0 0.225874)
(10.7525 0 0.219082)
(10.7885 0 0.210996)
(10.8225 0 0.201653)
(10.8542 0 0.191116)
(10.8836 0 0.179473)
(10.9105 0 0.166833)
(10.9348 0 0.153325)
(10.9565 0 0.139091)
(10.9756 0 0.124281)
(10.9921 0 0.10905)
(11.006 0 0.093555)
(11.0174 0 0.0779454)
(11.0264 0 0.0623655)
(11.0331 0 0.0469489)
(10.0258 0 0.179673)
(10.0768 0 0.180141)
(10.1269 0 0.18101)
(10.1761 0 0.182185)
(10.2247 0 0.183553)
(10.2726 0 0.184988)
(10.3199 0 0.186355)
(10.3666 0 0.187518)
(10.4127 0 0.188338)
(10.458 0 0.188687)
(10.5024 0 0.18844)
(10.5459 0 0.187488)
(10.5883 0 0.185736)
(10.6294 0 0.183108)
(10.669 0 0.179549)
(10.707 0 0.175024)
(10.7432 0 0.169522)
(10.7775 0 0.163054)
(10.8097 0 0.155652)
(10.8396 0 0.147369)
(10.8673 0 0.138275)
(10.8926 0 0.128457)
(10.9154 0 0.118013)
(10.9358 0 0.107051)
(10.9537 0 0.0956822)
(10.9692 0 0.0840228)
(10.9823 0 0.0721868)
(10.993 0 0.0602849)
(11.0016 0 0.048422)
(11.0081 0 0.0366949)
(10.026 0 0.130112)
(10.0773 0 0.130425)
(10.1277 0 0.131003)
(10.1772 0 0.131779)
(10.2259 0 0.132675)
(10.2738 0 0.1336)
(10.321 0 0.134461)
(10.3675 0 0.135159)
(10.4131 0 0.135601)
(10.4579 0 0.135693)
(10.5017 0 0.135353)
(10.5443 0 0.134506)
(10.5857 0 0.133086)
(10.6258 0 0.131046)
(10.6642 0 0.128348)
(10.701 0 0.124973)
(10.7359 0 0.120916)
(10.7688 0 0.11619)
(10.7997 0 0.110818)
(10.8284 0 0.104842)
(10.8548 0 0.0983132)
(10.8788 0 0.0912925)
(10.9006 0 0.0838497)
(10.92 0 0.07606)
(10.937 0 0.0680015)
(10.9518 0 0.0597537)
(10.9643 0 0.0513951)
(10.9746 0 0.0430012)
(10.9829 0 0.0346434)
(10.9892 0 0.0263876)
(10.0261 0 0.0790531)
(10.0777 0 0.079232)
(10.1282 0 0.0795617)
(10.1778 0 0.0800027)
(10.2266 0 0.0805073)
(10.2745 0 0.0810224)
(10.3216 0 0.0814913)
(10.3679 0 0.0818567)
(10.4133 0 0.0820618)
(10.4577 0 0.0820528)
(10.501 0 0.0817804)
(10.5431 0 0.0812008)
(10.5838 0 0.0802775)
(10.6231 0 0.078982)
(10.6608 0 0.0772945)
(10.6967 0 0.0752049)
(10.7308 0 0.0727121)
(10.7628 0 0.069824)
(10.7928 0 0.0665574)
(10.8206 0 0.0629369)
(10.8462 0 0.0589939)
(10.8695 0 0.0547655)
(10.8905 0 0.0502931)
(10.9092 0 0.0456214)
(10.9257 0 0.0407964)
(10.94 0 0.0358649)
(10.9521 0 0.0308728)
(10.9622 0 0.0258641)
(10.9702 0 0.0208804)
(10.9764 0 0.01596)
(10.0261 0 0.0265799)
(10.0778 0 0.0266382)
(10.1285 0 0.0267453)
(10.1782 0 0.0268882)
(10.227 0 0.0270511)
(10.2749 0 0.0272163)
(10.3219 0 0.0273648)
(10.3681 0 0.0274775)
(10.4133 0 0.0275357)
(10.4575 0 0.0275216)
(10.5006 0 0.0274188)
(10.5424 0 0.027213)
(10.5828 0 0.0268922)
(10.6217 0 0.0264472)
(10.659 0 0.0258717)
(10.6945 0 0.0251626)
(10.7281 0 0.0243198)
(10.7597 0 0.0233462)
(10.7892 0 0.0222474)
(10.8166 0 0.021032)
(10.8417 0 0.0197104)
(10.8646 0 0.0182951)
(10.8853 0 0.0167999)
(10.9037 0 0.0152395)
(10.9199 0 0.0136293)
(10.9339 0 0.0119847)
(10.9459 0 0.0103208)
(10.9558 0 0.00865222)
(10.9638 0 0.00699252)
(10.9699 0 0.00535431)
(36.0428 -1.53715e-20 2.0263)
(35.1192 -1.48739e-20 0.113989)
(36.0644 7.06679e-22 -1.80949)
(26.6507 -5.04745e-22 3.20743)
(27.0179 -4.57701e-20 0.0998239)
(26.6789 4.8647e-22 -3.00827)
(21.7057 -3.10563e-22 1.96687)
(21.9496 -3.71816e-20 0.108685)
(21.7353 0 -1.75338)
(18.824 -3.19843e-20 1.20821)
(18.9517 2.56167e-24 0.108146)
(18.8461 -3.18847e-20 -0.996616)
(16.9829 -1.05363e-23 0.801199)
(17.0524 0 0.10161)
(16.9977 -2.87556e-20 -0.601378)
(15.719 2.37872e-26 0.570105)
(15.7596 -1.33491e-20 0.0942435)
(15.7288 1.33315e-20 -0.383405)
(14.8034 -1.25401e-20 0.428642)
(14.8286 -1.25605e-20 0.0881303)
(14.8099 -2.50943e-20 -0.253524)
(14.1127 1.19545e-20 0.336473)
(14.1292 1.1968e-20 0.0832311)
(14.117 5.97621e-21 -0.170712)
(13.5753 0 0.273356)
(13.5865 0 0.0794427)
(13.5783 -5.749e-21 -0.114876)
(13.147 2.78403e-21 0.22836)
(13.155 -8.11851e-29 0.0765251)
(13.1493 -2.78445e-21 -0.0755916)
(12.7992 1.35518e-21 0.195288)
(12.8051 0 0.0741134)
(12.8009 1.35535e-21 -0.0470896)
(12.5123 0 0.170136)
(12.5168 0 0.072148)
(12.5138 0 -0.0258934)
(12.2728 0 0.150551)
(12.2762 0 0.0703486)
(12.274 1.79255e-25 -0.00986216)
(12.0706 3.23173e-22 0.13486)
(12.0734 3.19581e-22 0.0686128)
(12.0719 1.73831e-26 0.00230791)
(11.8987 -1.54154e-22 0.121993)
(11.901 0 0.0667797)
(11.9 0 0.0116162)
(11.7514 -7.77645e-23 0.111079)
(11.7535 0 0.0648427)
(11.7528 -7.77736e-23 0.0186245)
(11.6247 0 0.101601)
(11.6265 0 0.0626819)
(11.6262 3.84678e-23 0.023785)
(11.5151 0 0.0931245)
(11.5168 0 0.060256)
(11.5168 0 0.0274125)
(11.4202 0 0.0853339)
(11.4218 -9.44791e-24 0.0575231)
(11.422 -9.44806e-24 0.0297386)
(11.3379 4.68923e-24 0.0779909)
(11.3395 9.37978e-24 0.0544513)
(11.3399 4.69005e-24 0.0309383)
(11.2665 0 0.0709117)
(11.2681 0 0.0510159)
(11.2687 0 0.0311462)
(11.2048 4.63419e-24 0.063955)
(11.2064 4.63485e-24 0.0472001)
(11.2071 0 0.0304702)
(11.1517 0 0.0570121)
(11.1533 0 0.0429942)
(11.1542 0 0.0289996)
(11.1064 0 0.0500004)
(11.1081 0 0.0383955)
(11.1091 0 0.0268117)
(11.0683 0 0.0428586)
(11.07 0 0.0334086)
(11.0711 0 0.0239772)
(11.0368 0 0.0355428)
(11.0386 0 0.0280455)
(11.0398 0 0.0205639)
(11.0118 0 0.0280241)
(11.0135 0 0.0223257)
(11.0148 0 0.01664)
(10.9928 0 0.0202863)
(10.9946 0 0.0162772)
(10.996 0 0.0122773)
(10.9801 0 0.0123249)
(10.9819 0 0.00993652)
(10.9833 0 0.00755382)
(10.9735 0 0.00414423)
(10.9753 0 0.00334921)
(10.9768 0 0.00255609)
(28.7696 4.21531e-21 -19.9401)
(17.7809 2.96185e-21 -14.0075)
(13.9256 1.63126e-20 -10.7669)
(12.1845 1.39751e-20 -8.71167)
(11.2201 4.74539e-21 -7.26585)
(10.6136 4.48949e-21 -6.17572)
(10.2051 -1.12309e-21 -5.31406)
(9.92004 0 -4.61078)
(9.71844 1.36512e-21 -4.02329)
(9.57604 8.79537e-22 -3.52421)
(9.47698 5.78189e-22 -3.09499)
(9.41036 -1.94708e-23 -2.72237)
(9.3683 -6.05771e-23 -2.39657)
(9.34493 5.58275e-23 -2.11011)
(9.33576 0 -1.85711)
(9.33729 -1.72784e-22 -1.63286)
(9.34675 0 -1.43343)
(9.36192 0 -1.25555)
(9.38099 0 -1.09644)
(9.40251 0 -0.953654)
(9.42527 0 -0.825048)
(9.44828 0 -0.70873)
(9.47074 0 -0.60298)
(9.49197 0 -0.506225)
(9.51138 0 -0.416996)
(9.5285 0 -0.333906)
(9.54289 0 -0.255617)
(9.55417 0 -0.180795)
(9.56201 0 -0.108078)
(9.56605 0 -0.0360343)
(23.5581 2.20477e-22 -8.59873)
(18.7495 -4.65134e-20 -9.26009)
(15.505 -1.30906e-20 -8.43287)
(13.5099 1.56265e-21 -7.40361)
(12.2536 1.36496e-21 -6.46066)
(11.4251 -1.19319e-21 -5.64813)
(10.8551 0 -4.95486)
(10.4512 3.13411e-21 -4.36064)
(10.1594 3.22612e-21 -3.84738)
(9.94659 6.93396e-22 -3.40065)
(9.79139 1.59186e-22 -3.0092)
(9.67913 -2.81857e-22 -2.66425)
(9.59937 0 -2.35891)
(9.54451 0 -2.08762)
(9.50877 0 -1.84579)
(9.48776 -8.62249e-23 -1.62972)
(9.47799 0 -1.43613)
(9.4767 0 -1.2623)
(9.48167 0 -1.10583)
(9.49109 0 -0.964611)
(9.50351 0 -0.836719)
(9.51771 0 -0.720456)
(9.53269 0 -0.614253)
(9.54763 0 -0.51665)
(9.56182 0 -0.426272)
(9.57469 0 -0.3418)
(9.58574 0 -0.261951)
(9.59453 0 -0.185433)
(9.6007 0 -0.110916)
(9.6039 0 -0.0369915)
(20.3569 1.17191e-22 -4.43036)
(17.979 6.27404e-22 -5.9386)
(15.7951 0 -6.2192)
(14.1173 1.06792e-20 -5.95682)
(12.8965 1.2065e-20 -5.49621)
(12.015 5.08472e-21 -4.98762)
(11.3731 8.16859e-21 -4.49145)
(10.8997 3.15847e-21 -4.0297)
(10.5467 -7.62748e-22 -3.60839)
(10.2816 -3.41181e-22 -3.22725)
(10.0819 -3.8117e-22 -2.88353)
(9.9317 -7.29998e-22 -2.57394)
(9.81958 0 -2.295)
(9.73693 0 -2.04355)
(9.6773 -2.56149e-22 -1.81669)
(9.63562 -2.55047e-22 -1.61181)
(9.60799 0 -1.42656)
(9.59122 -6.65924e-23 -1.25883)
(9.58278 0 -1.10674)
(9.58061 0 -0.968505)
(9.58303 0 -0.842536)
(9.58864 0 -0.727352)
(9.59629 0 -0.621567)
(9.60503 0 -0.523865)
(9.61406 0 -0.432984)
(9.62271 0 -0.347697)
(9.63042 0 -0.266792)
(9.63671 0 -0.189034)
(9.6412 0 -0.113141)
(9.64356 0 -0.0377458)
(18.18 -6.15926e-20 -2.56868)
(16.906 -2.85883e-20 -3.899)
(15.5035 1.31116e-20 -4.51664)
(14.2412 1.30265e-20 -4.66212)
(13.2029 0 -4.54169)
(12.3827 6.14593e-21 -4.28787)
(11.7448 5.8103e-21 -3.97647)
(11.2508 0 -3.64825)
(10.8681 0 -3.32428)
(10.5713 -3.18819e-22 -3.01492)
(10.3408 0 -2.72487)
(10.1623 6.4911e-23 -2.45571)
(10.0244 0 -2.20759)
(9.91869 0 -1.97968)
(9.83853 0 -1.77088)
(9.7787 8.35815e-23 -1.57981)
(9.73499 0 -1.40511)
(9.70407 -6.58789e-23 -1.24537)
(9.6832 0 -1.09921)
(9.67016 0 -0.965333)
(9.66309 0 -0.842446)
(9.66049 0 -0.729338)
(9.66107 0 -0.62483)
(9.66379 0 -0.527775)
(9.66777 0 -0.437043)
(9.67228 0 -0.351517)
(9.6767 0 -0.270073)
(9.68053 0 -0.191549)
(9.68336 0 -0.114724)
(9.68488 0 -0.0382873)
(16.6434 -2.83052e-20 -1.61986)
(15.9134 0 -2.65405)
(15.0103 3.48627e-22 -3.299)
(14.0996 7.62674e-22 -3.61323)
(13.2738 0 -3.69167)
(12.567 -3.8247e-22 -3.61889)
(11.9812 5.4375e-21 -3.45691)
(11.5042 2.43481e-21 -3.24688)
(11.1193 -2.35398e-21 -3.01485)
(10.8104 -5.87158e-22 -2.77662)
(10.5633 -5.59187e-22 -2.54162)
(10.3664 -4.26321e-22 -2.31525)
(10.2102 0 -2.10041)
(10.0867 0 -1.8985)
(9.99003 0 -1.71002)
(9.91493 8.12001e-23 -1.53485)
(9.85736 0 -1.3725)
(9.81392 -6.46587e-23 -1.22233)
(9.78184 0 -1.08354)
(9.75883 0 -0.955238)
(9.74296 0 -0.836509)
(9.73264 0 -0.726418)
(9.72652 0 -0.624014)
(9.72349 0 -0.528333)
(9.72262 0 -0.438396)
(9.72311 0 -0.353209)
(9.72434 0 -0.27175)
(9.72576 0 -0.192942)
(9.72697 0 -0.115642)
(9.72767 0 -0.0386081)
(15.5238 1.30294e-20 -1.08589)
(15.0798 1.2766e-20 -1.87205)
(14.4861 2.47168e-20 -2.44466)
(13.8365 1.18591e-20 -2.80205)
(13.2003 -3.14819e-22 -2.97868)
(12.6179 -3.19003e-22 -3.01949)
(12.1069 -4.49909e-21 -2.96593)
(11.6701 -7.41161e-21 -2.85085)
(11.3033 -2.39305e-21 -2.69832)
(10.9985 -1.33407e-22 -2.52521)
(10.7475 0 -2.34285)
(10.5419 -1.64875e-22 -2.15878)
(10.3744 -2.74602e-22 -1.97786)
(10.2389 -2.23316e-22 -1.8031)
(10.1298 -2.68127e-22 -1.63626)
(10.0426 0 -1.47835)
(9.9736 0 -1.32974)
(9.9195 -6.2969e-23 -1.19042)
(9.87764 0 -1.06015)
(9.84575 0 -0.938504)
(9.8219 0 -0.824894)
(9.80448 0 -0.718684)
(9.79214 0 -0.619157)
(9.78371 0 -0.525545)
(9.77823 0 -0.43703)
(9.77491 0 -0.352751)
(9.77306 0 -0.271798)
(9.77217 0 -0.193194)
(9.77181 0 -0.115882)
(9.77171 0 -0.0387035)
(14.6828 -1.24952e-20 -0.760748)
(14.3984 0 -1.36165)
(13.9977 -4.87168e-23 -1.84243)
(13.5324 1.15538e-22 -2.18616)
(13.0488 -2.53549e-22 -2.39994)
(12.5809 -1.32383e-22 -2.50393)
(12.1492 -2.43908e-21 -2.52226)
(11.7639 -4.98124e-21 -2.47765)
(11.4276 -2.29317e-21 -2.38924)
(11.1389 1.20137e-22 -2.27197)
(10.8939 1.13001e-22 -2.13706)
(10.6879 -2.3025e-22 -1.99268)
(10.5161 -5.56703e-22 -1.84458)
(10.3736 -2.74582e-22 -1.69679)
(10.2563 0 -1.55205)
(10.1604 0 -1.41212)
(10.0825 0 -1.27807)
(10.0197 0 -1.15051)
(9.96965 0 -1.02968)
(9.93008 0 -0.915552)
(9.89919 0 -0.807883)
(9.87541 0 -0.706315)
(9.85739 0 -0.61037)
(9.84399 0 -0.519473)
(9.83424 0 -0.432974)
(9.82733 0 -0.35015)
(9.82259 0 -0.270215)
(9.8195 0 -0.192297)
(9.81765 0 -0.115438)
(9.81679 0 -0.0385714)
(14.0339 -2.92222e-23 -0.549931)
(13.8436 -5.86203e-21 -1.01552)
(13.5657 1.11914e-25 -1.4114)
(13.2287 1.12023e-20 -1.71993)
(12.862 -2.53712e-25 -1.93766)
(12.4908 -5.45305e-21 -2.0713)
(12.1336 -2.569e-21 -2.1332)
(11.8021 -2.44225e-21 -2.13748)
(11.5025 1.10906e-22 -2.09774)
(11.237 0 -2.02587)
(11.0054 1.53222e-22 -1.93164)
(10.8056 -4.82152e-23 -1.82274)
(10.635 -4.51019e-23 -1.70507)
(10.4904 -4.18739e-23 -1.58308)
(10.3688 0 -1.45997)
(10.2673 0 -1.33805)
(10.183 0 -1.21893)
(10.1137 0 -1.10366)
(10.057 0 -0.992887)
(10.0111 0 -0.886926)
(9.97419 0 -0.785857)
(9.94485 0 -0.689576)
(9.92179 0 -0.597828)
(9.90391 0 -0.510231)
(9.89025 0 -0.426297)
(9.88004 0 -0.345449)
(9.87261 0 -0.267024)
(9.86747 0 -0.190264)
(9.86422 0 -0.114315)
(9.86265 0 -0.0382129)
(13.5215 -5.72635e-21 -0.406252)
(13.3895 5.6702e-21 -0.772433)
(13.1918 -3.94977e-26 -1.09694)
(12.9443 -5.48129e-21 -1.36518)
(12.6652 0 -1.57054)
(12.3723 2.52901e-21 -1.71332)
(12.0801 2.60523e-21 -1.79871)
(11.7997 4.85227e-23 -1.8346)
(11.5381 1.26997e-21 -1.82989)
(11.2996 1.19632e-21 -1.7932)
(11.0859 9.16414e-23 -1.73234)
(10.8971 -2.88438e-22 -1.65393)
(10.7321 -3.25424e-22 -1.56344)
(10.5894 0 -1.4652)
(10.467 0 -1.3626)
(10.3627 0 -1.25817)
(10.2746 0 -1.15386)
(10.2007 0 -1.05103)
(10.1391 0 -0.950626)
(10.0881 0 -0.85327)
(10.0463 0 -0.759287)
(10.0123 0 -0.668805)
(9.98485 0 -0.581771)
(9.96302 0 -0.497984)
(9.94588 0 -0.417114)
(9.93269 0 -0.338722)
(9.92282 0 -0.262272)
(9.91579 0 -0.187122)
(9.91126 0 -0.112527)
(9.90902 0 -0.0376325)
(13.1091 2.4322e-23 -0.304361)
(13.0148 0 -0.59651)
(12.8709 0 -0.862992)
(12.6863 0 -1.09272)
(12.4725 -2.64096e-21 -1.27891)
(12.2414 -5.25907e-21 -1.41913)
(12.0039 -2.58178e-21 -1.51466)
(11.7692 4.15011e-23 -1.56933)
(11.5442 8.40172e-23 -1.58844)
(11.3335 5.99974e-22 -1.57784)
(11.14 6.30551e-22 -1.54332)
(10.9652 0 -1.4902)
(10.8092 0 -1.42315)
(10.6714 3.5601e-23 -1.34612)
(10.5511 0 -1.26235)
(10.4467 0 -1.17443)
(10.3569 0 -1.0844)
(10.2803 0 -0.99383)
(10.2153 0 -0.903851)
(10.1607 0 -0.815306)
(10.115 0 -0.728719)
(10.0772 0 -0.644409)
(10.0461 0 -0.5625)
(10.0209 0 -0.48295)
(10.0008 0 -0.405577)
(9.98494 0 -0.330074)
(9.97289 0 -0.256029)
(9.96418 0 -0.182915)
(9.95848 0 -0.110098)
(9.95564 0 -0.0368379)
(12.7718 4.06289e-21 -0.229799)
(12.7027 2.68985e-21 -0.465806)
(12.5959 0 -0.685693)
(12.4563 2.63763e-21 -0.881172)
(12.2911 3.90395e-21 -1.04631)
(12.1083 1.25081e-21 -1.17787)
(11.9157 0 -1.27517)
(11.7205 1.27634e-21 -1.33954)
(11.5288 1.25695e-21 -1.37384)
(11.3451 -3.65383e-23 -1.38172)
(11.1725 -2.95731e-22 -1.36724)
(11.0132 -2.91514e-22 -1.3344)
(10.8682 -3.40343e-23 -1.28698)
(10.7378 3.24838e-23 -1.22836)
(10.6217 0 -1.16143)
(10.5194 0 -1.08867)
(10.4299 0 -1.01208)
(10.3523 0 -0.933289)
(10.2854 0 -0.853544)
(10.2283 0 -0.773802)
(10.1799 0 -0.694749)
(10.1391 0 -0.616845)
(10.1052 0 -0.540359)
(10.0772 0 -0.465386)
(10.0545 0 -0.391874)
(10.0364 0 -0.319641)
(10.0225 0 -0.248389)
(10.0123 0 -0.177703)
(10.0056 0 -0.107063)
(10.0022 0 -0.0358399)
(12.4922 -4.65095e-24 -0.173873)
(12.4406 -1.31719e-21 -0.366617)
(12.3599 -1.30864e-21 -0.549049)
(12.253 0 -0.715034)
(12.1242 0 -0.859721)
(11.9789 0 -0.97987)
(11.8227 6.25876e-22 -1.07393)
(11.6611 -2.01861e-27 -1.1419)
(11.4988 -6.08729e-22 -1.18499)
(11.34 -3.18687e-23 -1.20531)
(11.1878 0 -1.2055)
(11.0445 -1.46173e-22 -1.18843)
(10.9117 -1.75007e-22 -1.15699)
(10.79 0 -1.11392)
(10.68 0 -1.06169)
(10.5813 0 -1.00254)
(10.4937 0 -0.938298)
(10.4166 0 -0.87059)
(10.3492 0 -0.800665)
(10.2908 0 -0.729544)
(10.2406 0 -0.658003)
(10.1978 0 -0.586606)
(10.1617 0 -0.515729)
(10.1316 0 -0.445583)
(10.1068 0 -0.376224)
(10.0869 0 -0.307581)
(10.0714 0 -0.239463)
(10.0599 0 -0.171561)
(10.0523 0 -0.103463)
(10.0485 0 -0.0346522)
(12.2578 0 -0.131083)
(12.2187 0 -0.289979)
(12.1568 0 -0.442174)
(12.074 0 -0.58314)
(11.9727 0 -0.70902)
(11.8567 6.2768e-22 -0.816911)
(11.7297 6.2096e-22 -0.905013)
(11.596 6.1388e-22 -0.972608)
(11.4592 3.03319e-22 -1.01995)
(11.3229 -5.99423e-22 -1.04807)
(11.1898 -2.96189e-22 -1.05857)
(11.0623 0 -1.05336)
(10.9419 0 -1.03458)
(10.8299 0 -1.00432)
(10.727 0 -0.964647)
(10.6333 0 -0.917425)
(10.5488 0 -0.864334)
(10.4734 0 -0.806829)
(10.4067 0 -0.746148)
(10.3481 0 -0.683306)
(10.2971 0 -0.619115)
(10.253 0 -0.554201)
(10.2154 0 -0.489017)
(10.1837 0 -0.423856)
(10.1574 0 -0.358869)
(10.136 0 -0.294075)
(10.1191 0 -0.229381)
(10.1066 0 -0.164576)
(10.0983 0 -0.0993483)
(10.0941 0 -0.0332911)
(12.0595 0 -0.0978847)
(12.0295 0 -0.229896)
(11.9815 0 -0.357517)
(11.9166 0 -0.47738)
(11.8364 0 -0.58646)
(11.7432 0 -0.682296)
(11.6398 0 -0.763118)
(11.5291 0 -0.827908)
(11.4141 0 -0.876373)
(11.2975 0 -0.908854)
(11.1819 1.72473e-22 -0.926197)
(11.0692 7.32498e-23 -0.929621)
(10.9613 -7.25356e-23 -0.920583)
(10.8592 0 -0.900664)
(10.764 0 -0.871457)
(10.6761 0 -0.834509)
(10.5958 0 -0.791254)
(10.5231 0 -0.742991)
(10.458 0 -0.690859)
(10.4 0 -0.635829)
(10.349 0 -0.578708)
(10.3045 0 -0.520146)
(10.2661 0 -0.460638)
(10.2333 0 -0.400539)
(10.2059 0 -0.340067)
(10.1834 0 -0.279321)
(10.1656 0 -0.218287)
(10.1523 0 -0.156845)
(10.1434 0 -0.0947755)
(10.1388 0 -0.0317751)
(11.8905 0 -0.0718595)
(11.8672 -3.14123e-22 -0.182243)
(11.8297 -3.13129e-22 -0.28974)
(11.7784 -3.1177e-22 -0.391821)
(11.7143 -3.10075e-22 -0.48613)
(11.6391 0 -0.570632)
(11.5546 0 -0.643724)
(11.4629 0 -0.704315)
(11.3662 0 -0.751827)
(11.2669 -7.45578e-23 -0.786178)
(11.1669 -5.25499e-23 -0.80772)
(11.068 0 -0.817144)
(10.9719 0 -0.815396)
(10.8797 0 -0.803599)
(10.7924 0 -0.782952)
(10.7108 0 -0.754679)
(10.6353 0 -0.719966)
(10.5661 0 -0.679926)
(10.5033 0 -0.635574)
(10.4468 0 -0.587801)
(10.3965 0 -0.537377)
(10.3521 0 -0.484942)
(10.3135 0 -0.43101)
(10.2802 0 -0.37597)
(10.2521 0 -0.320089)
(10.2289 0 -0.263525)
(10.2104 0 -0.206334)
(10.1965 0 -0.148472)
(10.1872 0 -0.0898057)
(10.1824 0 -0.0301244)
(11.7456 -3.44409e-31 -0.0513304)
(11.7274 7.76054e-23 -0.14411)
(11.6978 1.54819e-22 -0.234989)
(11.6569 -4.30792e-29 -0.322058)
(11.6055 -5.39564e-29 -0.403482)
(11.5444 -6.38575e-29 -0.477599)
(11.4751 -3.03742e-22 -0.543024)
(11.399 -3.01728e-22 -0.598701)
(11.3178 -7.48947e-23 -0.643941)
(11.2333 1.48671e-22 -0.678426)
(11.147 7.37647e-23 -0.702181)
(11.0606 0 -0.715531)
(10.9755 0 -0.719044)
(10.8928 0 -0.71347)
(10.8136 0 -0.699676)
(10.7385 0 -0.678595)
(10.6681 0 -0.651174)
(10.6029 0 -0.618339)
(10.543 0 -0.58096)
(10.4886 0 -0.539833)
(10.4396 0 -0.495664)
(10.3959 0 -0.449062)
(10.3575 0 -0.400533)
(10.3242 0 -0.350479)
(10.2959 0 -0.2992)
(10.2723 0 -0.246896)
(10.2534 0 -0.193679)
(10.2391 0 -0.139567)
(10.2295 0 -0.084503)
(10.2245 0 -0.0283602)
(11.6207 -3.84495e-23 -0.0351078)
(11.6064 -7.68049e-23 -0.113399)
(11.5829 0 -0.190443)
(11.5502 0 -0.264796)
(11.5086 0 -0.335012)
(11.4589 0 -0.399758)
(11.4018 0 -0.457856)
(11.3385 0 -0.508348)
(11.2702 0 -0.550531)
(11.1984 -1.54224e-23 -0.583968)
(11.1242 0 -0.608487)
(11.0489 0 -0.624168)
(10.9739 0 -0.631303)
(10.9002 0 -0.630358)
(10.8286 0 -0.62193)
(10.76 0 -0.606702)
(10.695 0 -0.585408)
(10.6341 0 -0.558792)
(10.5775 0 -0.52758)
(10.5256 0 -0.49246)
(10.4783 0 -0.45406)
(10.4359 0 -0.41294)
(10.3982 0 -0.369583)
(10.3653 0 -0.324387)
(10.337 0 -0.277664)
(10.3134 0 -0.229645)
(10.2943 0 -0.180479)
(10.2798 0 -0.130241)
(10.27 0 -0.0789329)
(10.265 0 -0.0265042)
(11.5126 0 -0.0223271)
(11.5015 0 -0.0885746)
(11.4828 3.79933e-23 -0.154021)
(11.4564 7.58122e-23 -0.217537)
(11.4227 7.55889e-23 -0.278014)
(11.3819 7.53193e-23 -0.334372)
(11.3348 7.50073e-23 -0.385628)
(11.282 7.46582e-23 -0.430941)
(11.2246 3.7139e-23 -0.46964)
(11.1635 -1.3233e-23 -0.501252)
(11.0997 0 -0.525501)
(11.0343 0 -0.542303)
(10.9684 0 -0.551761)
(10.9029 0 -0.554133)
(10.8387 0 -0.549808)
(10.7764 0 -0.539248)
(10.7167 0 -0.523025)
(10.6602 0 -0.501702)
(10.6072 0 -0.475876)
(10.5581 0 -0.446121)
(10.513 0 -0.412983)
(10.4721 0 -0.376962)
(10.4355 0 -0.338504)
(10.4033 0 -0.297988)
(10.3754 0 -0.255728)
(10.3519 0 -0.211968)
(10.3329 0 -0.166887)
(10.3185 0 -0.120599)
(10.3086 0 -0.0731596)
(10.3036 0 -0.0245777)
(11.4189 3.77821e-23 -0.0123466)
(11.4103 7.55069e-23 -0.0684828)
(11.3953 -1.0708e-40 -0.124109)
(11.3741 -3.76336e-23 -0.178361)
(11.3466 0 -0.230359)
(11.3131 -3.74318e-23 -0.279239)
(11.274 -3.73026e-23 -0.32419)
(11.2299 -3.71568e-23 -0.36449)
(11.1815 -3.69965e-23 -0.399529)
(11.1295 0 -0.428837)
(11.0747 -3.66431e-23 -0.45209)
(11.018 -3.64555e-23 -0.469115)
(10.9602 0 -0.479887)
(10.9022 0 -0.484516)
(10.8447 0 -0.483225)
(10.7885 0 -0.476332)
(10.734 0 -0.464229)
(10.6819 0 -0.447355)
(10.6326 0 -0.426177)
(10.5864 0 -0.401164)
(10.5437 0 -0.372778)
(10.5047 0 -0.341454)
(10.4694 0 -0.307592)
(10.4382 0 -0.271545)
(10.411 0 -0.233615)
(10.3879 0 -0.19405)
(10.3692 0 -0.153046)
(10.3548 0 -0.110746)
(10.345 0 -0.0672441)
(10.34 0 -0.0226012)
(11.3377 0 -0.00468093)
(11.331 0 -0.0522487)
(11.3191 0 -0.0995029)
(11.3019 0 -0.145773)
(11.2794 0 -0.190365)
(11.2518 0 -0.232587)
(11.2193 3.71215e-23 -0.271774)
(11.1824 3.69993e-23 -0.307314)
(11.1414 0 -0.338672)
(11.0971 0 -0.365405)
(11.05 0 -0.387179)
(11.0008 0 -0.403775)
(10.9503 0 -0.41509)
(10.899 0 -0.42113)
(10.8477 0 -0.422004)
(10.797 0 -0.417908)
(10.7475 0 -0.409107)
(10.6997 0 -0.395923)
(10.6541 0 -0.378713)
(10.611 0 -0.357852)
(10.5708 0 -0.33372)
(10.5337 0 -0.306686)
(10.5 0 -0.277103)
(10.47 0 -0.245288)
(10.4436 0 -0.211526)
(10.4212 0 -0.176058)
(10.4029 0 -0.139088)
(10.3888 0 -0.100775)
(10.3792 0 -0.0612436)
(10.3742 0 -0.0205939)
(11.2672 0 0.00104399)
(11.2621 0 -0.0391937)
(11.2527 0 -0.0792483)
(11.2387 0 -0.118596)
(11.2203 0 -0.156691)
(11.1974 0 -0.192978)
(11.1703 0 -0.226916)
(11.1393 0 -0.257992)
(11.1046 0 -0.285743)
(11.0668 0 -0.309772)
(11.0262 0 -0.329755)
(10.9836 0 -0.345457)
(10.9393 0 -0.356732)
(10.894 0 -0.363521)
(10.8483 0 -0.365853)
(10.8028 0 -0.363832)
(10.7579 0 -0.357627)
(10.7142 0 -0.347465)
(10.6722 0 -0.33361)
(10.6321 0 -0.316353)
(10.5944 0 -0.296001)
(10.5595 0 -0.272862)
(10.5275 0 -0.247236)
(10.4987 0 -0.219405)
(10.4734 0 -0.189628)
(10.4517 0 -0.158134)
(10.4339 0 -0.125124)
(10.4202 0 -0.0907678)
(10.4108 0 -0.0552084)
(10.4059 0 -0.0185725)
(11.2063 0 0.00512389)
(11.2025 0 -0.0287815)
(11.195 0 -0.0625891)
(11.1837 0 -0.0958895)
(11.1685 0 -0.128251)
(11.1496 0 -0.159232)
(11.1269 0 -0.188391)
(11.1007 0 -0.215306)
(11.0713 0 -0.239582)
(11.0389 0 -0.260869)
(11.0039 0 -0.278873)
(10.9668 0 -0.293359)
(10.9279 0 -0.304162)
(10.888 0 -0.311188)
(10.8473 0 -0.31441)
(10.8064 0 -0.31387)
(10.7658 0 -0.309665)
(10.7259 0 -0.301945)
(10.6872 0 -0.290902)
(10.6501 0 -0.276754)
(10.6149 0 -0.259743)
(10.5821 0 -0.24012)
(10.5518 0 -0.218137)
(10.5244 0 -0.194038)
(10.5002 0 -0.168052)
(10.4794 0 -0.140391)
(10.4622 0 -0.111249)
(10.4489 0 -0.0807941)
(10.4397 0 -0.0491806)
(10.4351 0 -0.0165515)
(11.1539 0 0.00779712)
(11.1512 0 -0.0205813)
(11.1453 0 -0.0489162)
(11.1361 0 -0.0768876)
(11.1236 0 -0.104156)
(11.1078 0 -0.130368)
(11.0888 0 -0.15517)
(11.0666 0 -0.178214)
(11.0414 0 -0.199172)
(11.0135 0 -0.217742)
(10.9832 0 -0.233662)
(10.9509 0 -0.246714)
(10.9167 0 -0.256731)
(10.8813 0 -0.263601)
(10.845 0 -0.267265)
(10.8083 0 -0.267723)
(10.7715 0 -0.26502)
(10.7352 0 -0.259249)
(10.6996 0 -0.250543)
(10.6653 0 -0.239063)
(10.6325 0 -0.224994)
(10.6017 0 -0.208536)
(10.5732 0 -0.189897)
(10.5472 0 -0.169281)
(10.5241 0 -0.146891)
(10.5042 0 -0.122915)
(10.4876 0 -0.0975318)
(10.4748 0 -0.0709067)
(10.466 0 -0.0431932)
(10.4614 0 -0.0145419)
(11.1092 0 0.00926197)
(11.1073 0 -0.0142377)
(11.1027 0 -0.037727)
(11.0953 0 -0.0609567)
(11.085 0 -0.0836603)
(11.0717 0 -0.10556)
(11.0556 0 -0.126371)
(11.0367 0 -0.145813)
(11.0151 0 -0.163616)
(10.991 0 -0.179525)
(10.9646 0 -0.193316)
(10.9362 0 -0.204792)
(10.9061 0 -0.213797)
(10.8746 0 -0.220213)
(10.8421 0 -0.223969)
(10.809 0 -0.225035)
(10.7756 0 -0.223424)
(10.7424 0 -0.219188)
(10.7097 0 -0.212414)
(10.6779 0 -0.203216)
(10.6474 0 -0.191734)
(10.6186 0 -0.178123)
(10.5917 0 -0.162549)
(10.5671 0 -0.145184)
(10.5451 0 -0.126198)
(10.526 0 -0.105756)
(10.5102 0 -0.0840198)
(10.4979 0 -0.0611415)
(10.4894 0 -0.0372692)
(10.485 0 -0.0125518)
(11.0715 0 0.00968871)
(11.0704 0 -0.00945035)
(11.0669 0 -0.0285976)
(11.0608 0 -0.0475606)
(11.0522 0 -0.0661329)
(11.0411 0 -0.0840969)
(11.0273 0 -0.101229)
(11.0111 0 -0.117306)
(10.9923 0 -0.13211)
(10.9713 0 -0.145431)
(10.9482 0 -0.157081)
(10.9231 0 -0.166892)
(10.8963 0 -0.174724)
(10.8682 0 -0.180465)
(10.8389 0 -0.18404)
(10.8089 0 -0.185406)
(10.7785 0 -0.184555)
(10.748 0 -0.18151)
(10.7179 0 -0.176326)
(10.6884 0 -0.16908)
(10.6599 0 -0.159876)
(10.6328 0 -0.148831)
(10.6074 0 -0.136075)
(10.5841 0 -0.121747)
(10.5632 0 -0.105987)
(10.545 0 -0.0889353)
(10.5298 0 -0.070733)
(10.518 0 -0.0515162)
(10.5098 0 -0.0314204)
(10.5056 0 -0.0105852)
(11.0405 0 0.00922973)
(11.0399 0 -0.00595576)
(11.0372 0 -0.021158)
(11.0323 0 -0.0362314)
(11.0251 0 -0.0510187)
(11.0156 0 -0.0653537)
(11.0037 0 -0.0790641)
(10.9896 0 -0.0919762)
(10.9732 0 -0.103918)
(10.9546 0 -0.114725)
(10.9341 0 -0.124243)
(10.9117 0 -0.132334)
(10.8877 0 -0.138879)
(10.8623 0 -0.14378)
(10.8357 0 -0.146966)
(10.8083 0 -0.14839)
(10.7804 0 -0.148033)
(10.7523 0 -0.145902)
(10.7243 0 -0.142026)
(10.6967 0 -0.136459)
(10.67 0 -0.129271)
(10.6445 0 -0.120551)
(10.6205 0 -0.110397)
(10.5984 0 -0.0989181)
(10.5784 0 -0.0862258)
(10.561 0 -0.0724355)
(10.5464 0 -0.0576642)
(10.535 0 -0.0420285)
(10.5272 0 -0.0256466)
(10.5231 0 -0.00864232)
(11.0157 0 0.00802683)
(11.0156 0 -0.00351515)
(11.0136 0 -0.0150758)
(11.0095 0 -0.0265487)
(11.0034 0 -0.0378183)
(10.9951 0 -0.0487622)
(10.9847 0 -0.0592526)
(10.9722 0 -0.0691598)
(10.9576 0 -0.0783546)
(10.941 0 -0.0867116)
(10.9225 0 -0.0941125)
(10.9023 0 -0.100449)
(10.8804 0 -0.105627)
(10.8572 0 -0.109566)
(10.8328 0 -0.112204)
(10.8075 0 -0.1135)
(10.7816 0 -0.113431)
(10.7554 0 -0.111992)
(10.7292 0 -0.109201)
(10.7033 0 -0.10509)
(10.6781 0 -0.0997076)
(10.6539 0 -0.0931154)
(10.631 0 -0.0853861)
(10.6099 0 -0.0766003)
(10.5907 0 -0.0668436)
(10.574 0 -0.0562055)
(10.56 0 -0.0447786)
(10.549 0 -0.0326565)
(10.5413 0 -0.0199359)
(10.5374 0 -0.00671941)
(10.9971 0 0.00621817)
(10.9973 0 -0.00190222)
(10.9957 0 -0.0100388)
(10.9923 0 -0.0181188)
(10.9869 0 -0.0260633)
(10.9796 0 -0.0337879)
(10.9703 0 -0.0412047)
(10.959 0 -0.0482237)
(10.9458 0 -0.0547547)
(10.9306 0 -0.0607097)
(10.9136 0 -0.0660047)
(10.895 0 -0.0705623)
(10.8747 0 -0.0743135)
(10.8531 0 -0.0771995)
(10.8304 0 -0.0791734)
(10.8067 0 -0.0802013)
(10.7823 0 -0.0802629)
(10.7576 0 -0.0793515)
(10.7327 0 -0.0774742)
(10.7081 0 -0.0746501)
(10.6841 0 -0.0709103)
(10.6609 0 -0.0662955)
(10.639 0 -0.060855)
(10.6186 0 -0.0546444)
(10.6001 0 -0.047724)
(10.5839 0 -0.0401578)
(10.5703 0 -0.0320127)
(10.5597 0 -0.0233574)
(10.5523 0 -0.0142637)
(10.5484 0 -0.0048084)
(10.9845 0 0.00394449)
(10.9849 0 -0.000893048)
(10.9837 0 -0.00574142)
(10.9807 0 -0.0105581)
(10.9758 0 -0.015297)
(10.9691 0 -0.0199087)
(10.9605 0 -0.0243414)
(10.95 0 -0.0285421)
(10.9377 0 -0.0324576)
(10.9235 0 -0.0360352)
(10.9075 0 -0.0392249)
(10.8899 0 -0.0419801)
(10.8708 0 -0.0442586)
(10.8503 0 -0.0460244)
(10.8286 0 -0.047248)
(10.806 0 -0.0479079)
(10.7827 0 -0.04799)
(10.759 0 -0.0474886)
(10.7351 0 -0.0464063)
(10.7113 0 -0.0447528)
(10.6881 0 -0.0425451)
(10.6656 0 -0.0398066)
(10.6443 0 -0.0365656)
(10.6245 0 -0.032855)
(10.6065 0 -0.0287106)
(10.5907 0 -0.0241708)
(10.5774 0 -0.0192762)
(10.567 0 -0.014069)
(10.5597 0 -0.00859349)
(10.556 0 -0.00289727)
(10.9781 0 0.00135469)
(10.9786 0 -0.000255583)
(10.9775 0 -0.00186966)
(10.9747 0 -0.00347354)
(10.9701 0 -0.00505199)
(10.9637 0 -0.00658872)
(10.9555 0 -0.00806664)
(10.9454 0 -0.00946818)
(10.9335 0 -0.0107756)
(10.9198 0 -0.0119716)
(10.9044 0 -0.0130393)
(10.8873 0 -0.0139632)
(10.8687 0 -0.014729)
(10.8488 0 -0.0153247)
(10.8277 0 -0.0157401)
(10.8056 0 -0.0159679)
(10.7829 0 -0.0160029)
(10.7596 0 -0.0158432)
(10.7362 0 -0.0154891)
(10.713 0 -0.0149437)
(10.6901 0 -0.0142124)
(10.668 0 -0.0133028)
(10.6471 0 -0.0122241)
(10.6275 0 -0.0109872)
(10.6098 0 -0.0096041)
(10.5942 0 -0.00808754)
(10.5811 0 -0.00645119)
(10.5707 0 -0.00470928)
(10.5636 0 -0.0028768)
(10.5599 0 -0.000969964)
)
;

boundaryField
{
    inlet
    {
        type            fixedValue;
        value           uniform (10 0 0);
    }
    outlet
    {
        type            zeroGradient;
    }
    flap
    {
        type            movingWallVelocity;
        value           nonuniform List<vector> 
33
(
(0.00353011 -2.97145e-22 -3.05044e-05)
(0.0127094 0 -0.000141795)
(0.025817 0 -0.000293346)
(0.0401948 3.40804e-21 -0.000342682)
(0.0532923 0 -0.000263364)
(0.0646537 -2.77556e-15 -0.000115547)
(0.0721749 2.77556e-15 -3.83967e-05)
(0.0754627 1.59532e-21 -0.000141935)
(0.0765074 -2.77556e-15 -0.000268332)
(0.0760213 2.77556e-15 -0.000267877)
(0.0758966 -2.77556e-15 -0.000198919)
(0.0762598 -8.07828e-22 -8.27443e-05)
(0.075572 -2.77556e-15 5.50089e-05)
(0.0742945 0 0.00014994)
(0.073393 -3.1083e-21 0.000289974)
(-1.44139e-05 0 0.00601381)
(-2.17254e-05 -6.9705e-23 0.00658321)
(-2.7353e-05 1.60895e-22 0.00758719)
(0.00267695 0 -2.18194e-05)
(0.0111085 -2.77556e-15 -0.000123835)
(0.0242961 0 -0.000274089)
(0.038822 -2.77556e-15 -0.000328544)
(0.0523417 0 -0.000257143)
(0.0642812 0 -0.000117714)
(0.0724857 -2.77556e-15 -4.62675e-05)
(0.0762672 -2.77556e-15 -0.000152258)
(0.0773101 -2.77555e-15 -0.000276613)
(0.0764819 -2.77556e-15 -0.000271394)
(0.0761009 -1.60915e-21 -0.000202209)
(0.0762235 8.05654e-22 -8.42337e-05)
(0.0753563 0 5.11147e-05)
(0.0739864 -2.77556e-15 0.000145639)
(0.0726834 0 0.000275744)
)
;
    }
    upperWall
    {
        type            noSlip;
    }
    lowerWall
    {
        type            noSlip;
    }
    frontAndBack
    {
        type            empty;
    }
}


// ************************************************************************* //
